Parameters used to generate the architecture:
rdynamics 1
capacity 1
replenish 2375
inflow 400
outflow 100
hsymmetry 0.75
ecosel 3.6
dispersal 0.01
birth 1
survival 0.8
sexsel 10
matingcost 0.01
demesizes 100 0 
nvertices 100 100 100 
nedges 100 100 100 
nchrom 3
mutation 0.001
recombination 3
allfreq 0.2
scaleA 1 1 1 
scaleD 0 0 0 
scaleI 0 0 0 
scaleE 0 0 0 
skews 1 1 1 
effectshape 5
effectscale 1
interactionshape 5
interactionscale 1
dominancevar 1
tburnin 1000
tend 20000
tsave 100
tfreeze 20001
talkative 0
record 1
datsave 1
choosewhattosave 1
gensave 0
archsave 1
archload 0
parsave 1
archfile architecture.txt
parfile paramlog.txt
orderfile whattosave.txt
seed 1588739314150052681
ntrials 1000

Architecture:
chromosomes
0.333333 0.666667 1 
traits
1 0 1 1 2 0 0 1 2 1 1 0 1 0 1 1 1 1 2 1 0 2 2 2 0 1 2 0 1 1 0 0 1 0 0 1 1 1 0 1 0 0 0 0 1 2 0 1 2 0 0 2 0 0 1 2 1 0 2 1 1 0 0 1 1 0 0 1 0 2 0 2 0 2 0 0 1 2 2 2 2 1 1 1 2 1 0 2 0 1 2 1 2 2 1 2 0 2 2 1 1 2 0 2 1 0 1 2 2 2 1 1 2 2 0 1 1 2 0 1 0 2 1 1 1 1 0 1 2 2 0 2 0 1 1 0 0 2 2 0 2 1 1 0 2 0 2 2 2 0 1 1 1 2 1 2 0 1 1 2 2 0 2 2 2 2 2 2 2 1 1 2 2 1 0 1 1 0 2 2 2 0 2 2 0 0 0 0 2 2 1 1 2 0 2 0 0 0 2 0 1 2 1 1 0 1 1 2 0 0 0 0 0 1 0 1 2 1 1 1 2 0 0 0 0 1 1 2 1 2 0 0 1 0 0 2 1 0 2 2 1 0 2 1 1 1 1 2 1 0 2 2 0 0 0 1 1 0 1 0 2 1 0 2 0 0 1 1 0 0 1 2 0 1 2 2 2 0 0 2 2 0 0 2 0 1 0 2 2 2 0 2 1 2 2 2 1 0 2 2 
locations
0.00700922 0.00912834 0.0111177 0.032507 0.0348663 0.0350776 0.0382177 0.0396137 0.0405429 0.0406295 0.0408252 0.0429825 0.0459052 0.050396 0.0516186 0.0518153 0.0534213 0.0536751 0.0539727 0.0561324 0.0567888 0.0615283 0.062651 0.0724908 0.0740059 0.0745131 0.0749934 0.07646 0.0841555 0.0901069 0.0902627 0.0916149 0.094997 0.0968761 0.100526 0.101614 0.102583 0.102726 0.104301 0.104498 0.107026 0.108948 0.115377 0.119671 0.121387 0.128223 0.130047 0.131898 0.132039 0.13527 0.140976 0.145228 0.148367 0.155415 0.155934 0.157066 0.157887 0.162978 0.164928 0.167473 0.171377 0.171769 0.177563 0.179432 0.185665 0.194608 0.196303 0.203715 0.214244 0.21569 0.222438 0.225199 0.22906 0.229363 0.233394 0.236352 0.237091 0.237521 0.244318 0.24792 0.250973 0.255217 0.262896 0.263922 0.266076 0.267816 0.268086 0.269219 0.270338 0.28246 0.285549 0.290265 0.292236 0.299434 0.301192 0.331125 0.340649 0.340727 0.341142 0.348579 0.350083 0.357602 0.362669 0.363084 0.364384 0.36748 0.374931 0.375914 0.378746 0.389334 0.395228 0.396778 0.401604 0.403039 0.403169 0.404933 0.407021 0.410019 0.415879 0.417064 0.420874 0.422035 0.422235 0.424137 0.429748 0.430898 0.43284 0.437052 0.4383 0.440429 0.443185 0.445217 0.445297 0.448919 0.449531 0.456917 0.459589 0.465327 0.466666 0.46742 0.467737 0.471344 0.472961 0.47482 0.474967 0.474994 0.481086 0.482149 0.486437 0.490274 0.4932 0.4937 0.498625 0.499845 0.503434 0.503755 0.503942 0.505351 0.510362 0.513791 0.514095 0.516979 0.519506 0.520311 0.527671 0.534522 0.542483 0.545306 0.554108 0.556681 0.558358 0.564211 0.564243 0.566074 0.574968 0.575095 0.575476 0.575819 0.576548 0.57736 0.578404 0.582511 0.586776 0.593886 0.595271 0.59546 0.595631 0.596612 0.599641 0.602403 0.607475 0.609868 0.611487 0.613521 0.615223 0.621769 0.622503 0.626644 0.626981 0.62974 0.63237 0.635894 0.640838 0.646755 0.647161 0.647349 0.649987 0.65267 0.654397 0.663242 0.666762 0.666885 0.670569 0.671667 0.671712 0.679262 0.68136 0.684152 0.694493 0.716403 0.721032 0.728032 0.736183 0.740954 0.745825 0.748473 0.754307 0.755604 0.757191 0.759461 0.761386 0.76383 0.768756 0.769073 0.771299 0.773401 0.777248 0.77853 0.779684 0.78487 0.797051 0.798124 0.805288 0.810557 0.812636 0.81382 0.822401 0.824901 0.828541 0.831471 0.833479 0.83352 0.833817 0.834313 0.834387 0.836978 0.839081 0.841089 0.849655 0.853007 0.856744 0.857579 0.859689 0.863484 0.876087 0.878454 0.882967 0.885594 0.891601 0.892778 0.894293 0.894415 0.897991 0.899532 0.899577 0.904164 0.906213 0.912563 0.914308 0.914759 0.917356 0.917608 0.919189 0.929927 0.930453 0.940814 0.947164 0.948192 0.955899 0.958034 0.959479 0.962758 0.966028 0.968204 0.973022 0.975091 0.977331 0.993459 0.993772 0.997359 
effects
0.0854519 -0.0706944 -0.0796363 0.106525 -0.128134 0.191952 0.117742 -0.109936 0.0691013 0.0269008 -0.0885553 -0.0622543 -0.102384 -0.187579 -0.0422535 0.0463557 -0.16661 -0.0774286 -0.0664952 0.0782042 0.0829327 -0.0872015 -0.0328661 0.0702918 0.0829278 -0.138738 -0.108588 0.084013 0.147674 0.0794315 0.0615678 0.0514081 0.143044 0.142939 -0.049628 -0.123284 -0.122321 -0.0416077 -0.0270884 0.042905 -0.0512556 -0.0553577 -0.133844 -0.0469579 0.0387021 -0.0701805 0.13569 0.0719856 -0.165613 0.04174 0.0416896 -0.0556432 0.124266 0.0429322 -0.042621 -0.0816127 0.141892 0.129374 -0.169317 0.0862312 -0.166005 0.113136 0.0605791 0.0891797 -0.053575 -0.141606 0.137705 -0.149987 0.126459 0.0814795 0.0469465 0.0567248 0.117089 -0.0594769 0.040708 -0.105035 -0.118435 0.077052 0.16065 0.0801851 -0.140525 0.0703013 0.0816151 0.0567191 -0.125464 0.0444415 0.184094 -0.0565593 0.142617 -0.0796067 -0.0472049 -0.113448 -0.151541 0.0549142 0.0336677 0.0496067 0.0581795 0.0543375 0.106839 0.0927458 0.167462 -0.0345107 0.0755236 0.0814322 -0.0696251 0.103848 -0.0872675 0.118927 -0.136837 0.0479825 -0.0870632 -0.0333257 -0.123112 -0.10815 -0.0630647 0.0419606 0.0919766 0.130841 -0.0476652 0.111696 0.0743356 0.0918083 0.162915 0.20215 -0.0965226 0.100967 0.223204 -0.0693125 0.108468 0.186323 0.101857 -0.0996361 0.0467881 0.100408 -0.0978211 0.175499 0.10258 -0.156539 0.0906348 0.0952245 0.0502448 0.112084 0.0499895 0.0914305 0.116558 0.0714289 -0.0435571 -0.050148 0.0579124 0.100256 0.0445695 -0.210435 0.0460288 -0.0904836 0.0762515 -0.0718382 0.0506594 -0.0448136 0.103248 0.0932811 -0.107425 0.0808933 0.0737904 -0.118348 -0.0512955 0.126311 -0.1704 -0.0568847 -0.0920171 -0.162657 -0.036596 -0.0421553 -0.0711566 0.0764517 -0.0887493 0.107839 0.051049 -0.0264195 -0.173336 -0.0508339 0.108315 -0.162727 -0.0652951 0.0571483 -0.114438 -0.144363 0.0674809 0.0729903 0.072773 -0.0939051 0.103747 -0.0685383 0.063531 0.0816562 -0.174141 -0.0564677 -0.152673 -0.0849411 -0.076366 0.0772397 0.162529 0.152791 0.208652 -0.0346011 0.154342 0.107396 -0.151097 0.0438811 -0.0938974 0.0807721 -0.127853 -0.110281 -0.0457841 0.141568 0.0378483 -0.105176 -0.057235 0.0827563 -0.14721 -0.0606391 -0.109932 -0.066969 -0.0398881 -0.115834 0.124948 -0.107779 -0.103769 0.0726582 -0.0734908 0.0833894 0.0283066 0.102346 -0.081467 -0.0701432 -0.0801352 0.0884444 -0.0884569 -0.113431 0.0252688 -0.107444 -0.0540832 0.126492 0.0908748 -0.066394 0.0577733 -0.0395472 0.0803233 0.0279082 -0.0509906 0.0501036 -0.055292 -0.0844885 -0.124783 0.140641 -0.0665515 -0.139883 0.0771986 -0.102027 -0.0967233 0.112614 0.059417 0.0828481 -0.0596064 -0.171055 0.0998389 0.0361941 0.121762 -0.0919443 -0.087114 0.06999 -0.039176 -0.0389958 -0.0905308 -0.0865532 -0.102301 -0.12778 0.0864271 0.072989 0.0944018 0.123819 -0.231769 -0.0569174 0.0989033 0.0507627 0.0602973 0.0502862 -0.0720302 0.130467 0.0699354 -0.0448426 -0.0927162 0.089638 0.0517044 -0.0747803 -0.096744 -0.158439 -0.0408129 -0.112659 -0.0602461 0.0339307 
dominances
0.108092 0.0981702 0.015434 0.104755 0.00390005 0.116639 0.212578 0.0504636 0.177026 0.0854764 0.043997 0.0973088 0.136906 0.0661689 0.0377129 0.0867694 0.174393 0.183744 0.166006 0.0731426 0.0339473 0.0963109 0.0944621 0.081749 0.052127 0.0629992 0.0432737 0.027372 0.0795853 0.12998 0.106707 0.0883209 0.240311 0.0191755 0.0847745 0.0575742 0.0257113 0.0202329 0.170447 0.0667174 0.0390578 0.0268411 0.103501 0.0254235 0.000615801 0.0248619 0.116589 0.055101 0.0419024 0.0576503 0.0160455 0.0712773 0.0798722 0.0228826 0.0495593 0.0096866 0.013831 0.00620887 0.270875 0.0919706 0.135814 0.150065 0.0373605 0.0232596 0.0875367 0.0896306 0.185433 0.113189 0.0420839 0.13362 0.0393497 0.157871 0.169978 0.0473456 0.0975764 0.0461475 0.18104 0.00263917 0.0502201 0.157793 0.0728727 0.0180183 0.303998 0.06161 0.053397 0.131439 0.13189 0.0688229 0.104955 0.0346545 0.101499 0.0644111 0.119743 0.00215061 0.136694 0.214491 0.135152 0.157689 0.000691237 0.00473181 0.0924455 0.0375697 0.160156 0.0372055 0.0156222 0.0482628 0.0776646 0.056383 0.141915 0.0964485 0.154182 0.13573 0.0288479 0.0416258 0.0701349 0.0275975 0.0863071 0.00961926 0.00563128 0.115422 0.041775 0.084358 0.0880112 0.00702936 0.096993 0.0371392 0.135575 0.07707 0.00399471 0.0152941 0.0451724 0.122157 0.0591522 0.216869 0.0532306 0.0458726 0.134549 0.0691862 0.218353 0.281394 0.103546 0.11256 0.117283 0.0422291 0.0238243 0.130616 0.105928 0.0772873 0.0841292 0.0108809 0.161158 0.00971569 0.124154 0.0338623 0.0467389 0.0226654 0.0479959 0.0821494 0.00783091 0.091468 0.0120273 0.0206019 0.0573846 0.0420957 0.0815855 0.148995 0.0152939 0.0649611 0.141677 0.00904258 0.00888284 0.0807282 0.00362105 0.114581 0.136288 0.0510528 0.0877729 0.0150644 0.0828292 0.179584 0.0868227 0.0329368 0.167694 0.0459934 0.125625 0.118093 0.0503968 0.131837 0.0729857 0.0885693 0.193031 0.0549379 0.0489505 0.0790523 0.0090292 0.0510349 0.0578957 0.0129822 0.0897648 0.0203145 0.0862517 0.132236 0.0673394 0.0434511 0.0267305 0.0191581 0.0629856 0.102708 0.125177 0.0661511 0.110807 0.0248555 0.039835 0.0270395 0.215245 0.147694 0.0770505 0.195377 0.0557328 0.0768855 0.114575 0.101477 0.0726684 0.101806 0.131536 0.0423846 0.119671 0.109732 0.0761593 0.00988809 0.0892082 0.0895547 0.0110873 0.0298854 0.186029 0.0605447 0.0293291 0.0680938 0.194152 0.0245683 0.174937 0.115193 0.0772014 0.203436 0.00170479 0.0150975 0.0945116 0.0507654 0.0170707 0.0642113 0.0348066 0.0382385 0.15373 0.0837644 0.029204 0.0172511 0.0981686 0.130064 0.00137165 0.0913591 0.118445 0.177013 0.0877364 0.167415 0.088637 0.118233 0.0358555 0.102286 0.170309 0.123688 0.0981562 0.0945362 0.0497188 0.00371562 0.174683 0.00611011 0.00312959 0.0199857 0.126173 0.159412 0.130658 0.116998 0.0113025 0.0448367 0.0413491 0.036336 0.0739448 0.0238506 0.0822833 0.0706807 0.00262191 0.0373458 0.000687418 0.136896 0.205481 0.0429227 0.00933718 0.178879 0.110946 0.0333497 

network 0 100
edges0
224 284 284 224 187 224 284 284 187 224 230 5 187 284 118 187 224 187 132 231 277 284 177 187 224 187 96 27 187 132 177 230 65 187 65 184 184 284 27 177 27 38 177 27 214 177 27 177 184 224 187 96 27 6 57 65 177 177 224 230 65 277 132 96 211 118 114 284 27 284 174 38 204 52 223 187 149 52 177 27 177 204 27 284 5 187 230 149 224 96 187 149 277 27 96 186 75 237 31 132 
edges1
284 187 230 281 281 5 135 96 41 214 231 118 177 277 197 132 132 208 27 27 38 38 290 290 290 65 61 57 57 75 102 102 262 265 184 195 223 223 223 74 249 221 237 237 196 72 6 6 66 66 66 149 149 114 114 34 34 136 136 211 186 186 186 174 174 52 52 204 204 31 31 70 70 259 30 210 278 68 68 209 43 43 43 233 233 185 272 1 1 1 24 24 282 252 264 53 120 156 156 105 
weights
-0.0670198 -0.173205 0.141606 -0.0708665 -0.125112 -0.068782 0.0196625 0.0817979 -0.0710944 -0.0340923 -0.138931 0.0811242 0.0518033 0.0744548 0.0635779 -0.0407551 0.0774903 0.158021 0.0610175 0.150477 -0.0357036 0.0872187 0.124447 -0.0449086 -0.0881348 0.133276 -0.153664 -0.0774276 -0.111172 0.0843909 -0.0824101 0.108802 -0.0862837 0.0760319 -0.0680201 0.125437 -0.104897 -0.104513 0.0424478 0.0378198 0.0784035 0.0594109 0.125623 -0.0921166 0.108958 -0.0513511 -0.116367 -0.0443047 -0.0812662 -0.146913 -0.152222 -0.0548585 0.0759874 -0.0790061 -0.0976259 0.0621012 -0.0620648 -0.0525626 -0.11158 -0.103204 0.0740674 -0.128805 -0.0947613 0.046684 -0.0795635 -0.0835611 -0.106772 0.0297659 -0.128869 0.178149 -0.0915353 -0.105506 -0.0662141 0.170212 0.0932527 0.0957622 -0.0671169 0.105846 -0.0717593 -0.105446 -0.120853 0.110744 -0.0888138 -0.0569994 0.0647356 0.0851797 0.0906472 -0.0971398 -0.177298 0.0935556 -0.0893315 -0.15083 0.0774431 -0.145152 0.0973277 0.160112 0.113994 0.122902 0.1084 0.0885524 

network 1 100
edges0
154 154 170 170 255 170 154 16 154 170 170 176 176 170 16 36 236 176 176 170 255 170 67 176 169 261 236 176 170 157 176 236 169 170 169 17 245 170 245 157 169 245 245 110 133 154 170 154 110 217 169 176 170 217 170 169 169 111 154 170 292 157 255 169 170 217 255 245 292 170 157 236 67 111 154 245 12 157 12 110 255 123 110 12 261 89 39 154 123 236 170 176 258 12 158 176 36 10 28 123 
edges1
170 255 255 176 16 16 152 36 236 236 28 133 17 157 157 157 157 157 59 59 67 56 169 169 261 37 110 110 110 110 39 39 35 266 245 267 232 232 91 150 217 217 111 226 296 32 292 292 292 104 116 116 116 47 173 81 125 89 89 89 228 85 3 119 12 12 122 122 158 202 258 258 29 29 29 123 123 151 244 246 127 127 10 10 10 15 15 14 273 273 273 219 205 205 205 270 218 218 218 218 
weights
-0.0819933 0.0493034 -0.0679975 -0.15868 0.130695 -0.109102 0.108187 0.18089 -0.0425648 0.0524783 0.0489638 0.0829606 -0.104899 -0.0446122 -0.0504183 -0.199612 0.134127 -0.0755948 -0.0579592 0.0554538 -0.0391775 -0.0895631 -0.0171026 0.0498168 0.0986987 0.165929 0.121107 -0.11681 0.109095 -0.0803162 -0.0834839 -0.0807886 -0.194307 0.126533 -0.100368 0.105991 -0.11352 -0.050662 0.161431 0.046729 -0.0636064 -0.0971879 -0.0311831 -0.130451 -0.0495337 -0.0524635 -0.123942 0.0830145 -0.177043 -0.0318097 0.0393769 -0.0830977 -0.068935 0.0542024 0.0717609 -0.1085 -0.0716328 0.0637719 -0.0437159 -0.104832 -0.128279 0.0599164 -0.0347563 0.0726816 0.0726227 -0.173081 -0.0619151 0.0564508 0.117938 0.0561203 0.0566599 -0.146242 -0.0833062 0.05202 0.14084 -0.0948861 -0.0684837 -0.0770678 -0.0950565 0.111255 -0.0847766 -0.0935738 -0.110922 -0.0807272 -0.107611 0.0404863 0.170215 0.0487733 -0.131559 -0.16447 0.0514572 0.0607276 -0.190363 0.12498 0.100663 -0.156489 0.054087 0.0927657 -0.0294502 -0.0582317 

network 2 100
edges0
189 189 163 163 189 163 147 140 163 140 189 163 189 163 112 189 140 140 147 131 147 163 163 71 140 163 295 163 242 140 180 163 299 140 71 147 140 140 147 101 163 280 147 101 299 140 140 279 163 112 163 189 299 140 131 140 101 299 147 71 98 189 167 295 180 163 140 131 279 147 207 167 101 140 279 263 180 180 180 140 112 279 189 140 163 194 163 23 112 194 79 147 251 263 207 167 279 180 117 163 
edges1
163 140 140 112 112 147 101 97 295 131 131 131 138 90 90 90 90 242 279 279 128 71 160 77 299 299 289 180 180 180 98 98 22 22 294 275 207 280 280 182 194 194 239 239 48 172 26 26 167 167 155 155 155 227 79 92 121 108 23 23 103 8 8 164 192 192 21 21 298 298 291 291 263 263 263 137 137 146 293 162 171 95 109 251 251 251 260 288 288 288 288 288 250 287 117 117 168 168 4 274 
weights
-0.0900079 -0.124535 0.0261252 -0.0855614 -0.149338 0.0822008 0.156336 -0.123421 0.105809 -0.115517 0.155802 0.100908 -0.0692624 0.11297 -0.0490465 -0.085837 0.0375143 -0.148881 0.0631259 -0.0989338 -0.0327 0.0558378 0.119584 0.0527753 -0.0419289 0.113411 -0.106556 -0.0392793 -0.0710671 0.0803783 -0.108525 0.0477436 -0.0439006 -0.154247 0.0863594 -0.12424 -0.0663237 0.060709 0.113891 -0.0864219 0.0503145 -0.128562 0.13532 -0.195274 -0.0426392 -0.0467931 0.0750234 0.120027 -0.139305 0.0544819 -0.114841 0.0838962 0.109012 -0.0593284 0.0986245 0.0820074 -0.06864 -0.0599528 0.0538489 0.116656 0.174523 -0.099434 0.199725 0.0609878 0.0930252 -0.0426739 0.102725 0.15588 0.0912822 -0.0452504 0.148698 -0.0521319 0.135671 -0.0816292 0.0734086 -0.175203 0.0492612 -0.0528433 0.0791032 -0.0919961 0.0663987 -0.0900558 0.0322752 -0.0629136 0.0875638 -0.0539958 -0.0759205 0.199017 -0.107017 -0.038684 0.104329 0.0690834 0.0897624 0.0350197 0.097222 0.118058 0.0955684 -0.113447 0.108229 -0.107761 
