Parameters used to generate the architecture:
rdynamics 1
capacity 1
replenish 2375
inflow 400
outflow 100
hsymmetry 0.75
ecosel 3.6
dispersal 0.01
birth 1
survival 0.8
sexsel 10
matingcost 0.01
demesizes 100 0 
nvertices 100 100 100 
nedges 100 100 100 
nchrom 3
mutation 0.001
recombination 3
allfreq 0.2
scaleA 1 1 1 
scaleD 0 0 0 
scaleI 0 0 0 
scaleE 0 0 0 
skews 1 1 1 
effectshape 5
effectscale 1
interactionshape 5
interactionscale 1
dominancevar 1
tburnin 1000
tend 20000
tsave 100
tfreeze 20001
talkative 0
record 1
datsave 1
choosewhattosave 1
gensave 0
archsave 1
archload 0
parsave 1
archfile architecture.txt
parfile paramlog.txt
orderfile whattosave.txt
seed 1588739263798125748
ntrials 1000

Architecture:
chromosomes
0.333333 0.666667 1 
traits
2 0 1 2 1 2 0 2 0 2 2 0 2 0 1 0 2 0 2 0 1 0 2 2 2 1 1 0 0 0 1 0 0 2 0 2 1 1 0 0 1 1 1 0 2 2 1 1 0 0 1 1 2 2 0 2 0 2 2 2 0 2 2 0 0 1 1 1 1 0 1 0 1 0 0 1 1 2 1 0 1 0 0 0 0 2 0 1 0 1 0 1 2 2 1 0 2 2 0 0 1 2 2 0 2 0 0 0 0 1 0 1 2 2 2 0 1 1 2 1 0 2 1 2 2 0 1 0 1 0 0 1 1 0 1 2 2 2 0 2 2 0 0 2 2 2 1 0 1 1 2 1 2 0 2 2 0 0 0 0 2 2 2 0 0 2 0 0 1 2 2 2 2 2 0 1 0 1 1 2 1 1 1 2 2 2 0 1 0 1 1 1 2 1 2 1 0 2 1 1 1 1 1 1 2 0 0 2 1 0 0 1 2 0 2 1 0 2 0 1 1 1 2 1 1 0 0 0 2 1 0 2 2 1 0 2 1 2 0 1 1 2 1 0 2 2 0 1 0 2 0 2 1 1 0 0 1 0 1 1 0 2 1 1 2 2 1 1 2 0 0 2 0 1 2 1 1 1 2 2 2 1 2 1 1 2 2 2 1 1 2 1 1 0 0 2 0 2 0 0 
locations
0.00181089 0.00274292 0.00398951 0.0103199 0.0181894 0.0191205 0.0193998 0.0206712 0.0263374 0.0342189 0.0343016 0.0350741 0.0364248 0.0374518 0.0394049 0.0394536 0.0409406 0.045305 0.0495511 0.0523995 0.0555063 0.0601474 0.0625342 0.0674218 0.0675104 0.0680663 0.0705611 0.0714958 0.0770699 0.0882245 0.0930358 0.100064 0.105461 0.107822 0.108 0.108499 0.110184 0.111905 0.112248 0.112314 0.113113 0.116179 0.128204 0.137181 0.137299 0.138987 0.139892 0.139912 0.140076 0.140922 0.151146 0.154101 0.165797 0.166894 0.168265 0.168488 0.168643 0.170487 0.173116 0.18531 0.185499 0.185516 0.188871 0.201337 0.202122 0.203653 0.205053 0.20662 0.21227 0.216806 0.223912 0.228997 0.229017 0.229478 0.231603 0.233667 0.243988 0.244031 0.252632 0.253008 0.253623 0.256684 0.25755 0.258792 0.262602 0.264361 0.265226 0.266867 0.270154 0.271474 0.272825 0.276963 0.285878 0.288962 0.289095 0.289383 0.294895 0.29695 0.311944 0.313003 0.314114 0.31662 0.322108 0.323273 0.326524 0.332418 0.334635 0.337487 0.343146 0.343975 0.349334 0.353822 0.357889 0.359049 0.365744 0.366101 0.376431 0.379851 0.382166 0.384195 0.384763 0.394115 0.40232 0.40305 0.405769 0.409818 0.414662 0.417887 0.418108 0.422388 0.431746 0.434755 0.443915 0.445122 0.447702 0.449219 0.451752 0.45318 0.457101 0.458471 0.460414 0.461279 0.465269 0.46709 0.470481 0.470643 0.484527 0.485505 0.485688 0.490172 0.493078 0.497134 0.499396 0.503702 0.504473 0.511145 0.512118 0.513603 0.51432 0.514324 0.520093 0.526327 0.527769 0.529977 0.530056 0.530925 0.533532 0.538315 0.541511 0.542783 0.543408 0.545369 0.545752 0.548916 0.551001 0.555692 0.55735 0.559433 0.559777 0.566749 0.570504 0.574244 0.574515 0.577907 0.583878 0.584026 0.584731 0.59048 0.590937 0.598994 0.602178 0.608598 0.609167 0.616072 0.616078 0.620338 0.627365 0.632614 0.636 0.636888 0.637793 0.63992 0.644183 0.645411 0.646593 0.652043 0.660555 0.663512 0.668906 0.672766 0.678465 0.679471 0.680414 0.683382 0.684055 0.687442 0.688159 0.690373 0.696294 0.696863 0.699913 0.706315 0.713957 0.72454 0.725495 0.731146 0.731404 0.732224 0.732299 0.735924 0.736535 0.745267 0.745781 0.751009 0.755277 0.758198 0.759101 0.762727 0.764264 0.770492 0.774051 0.780508 0.788291 0.788984 0.794367 0.795069 0.795766 0.800978 0.808007 0.809636 0.809885 0.812368 0.814255 0.815053 0.829662 0.830841 0.831416 0.832389 0.832392 0.833595 0.834541 0.841115 0.843059 0.843215 0.855299 0.857232 0.859602 0.86021 0.862472 0.862622 0.879184 0.880321 0.882937 0.886253 0.896572 0.899956 0.902946 0.904493 0.907262 0.912108 0.913906 0.920444 0.92646 0.928336 0.92873 0.932801 0.943468 0.945837 0.951516 0.951702 0.95189 0.957304 0.966994 0.968708 0.977158 0.9813 0.984054 0.987432 0.994018 0.999874 
effects
-0.0683888 -0.0875969 0.0576122 -0.042665 -0.143851 0.118868 0.0402331 -0.0725011 0.106546 0.093292 0.060252 -0.0932025 0.0928645 0.0915182 -0.0984882 -0.0896021 0.130854 0.057266 -0.0508454 -0.091371 -0.080284 0.0610505 0.0765692 -0.113977 0.150656 -0.173394 -0.0989789 0.0435446 0.0667735 0.0926865 -0.167666 0.0457388 0.0842304 0.0932328 0.133752 0.183561 0.107357 0.113625 0.0630494 -0.0645238 0.16459 0.0596433 -0.0679886 0.0574103 0.0688106 -0.0979136 0.0821528 -0.074868 0.132938 0.0311943 0.0557774 -0.137449 0.1733 -0.0960398 -0.127331 -0.0876918 -0.170796 0.0642161 -0.171022 0.102037 0.14497 -0.0687357 0.11483 -0.082188 -0.134007 0.132969 -0.0868584 0.0815786 -0.0737679 0.0464599 -0.138242 -0.0266492 0.0678542 0.0960652 -0.0828414 -0.125175 0.0781869 0.0897001 -0.0999911 0.0662465 -0.0573864 0.0797925 -0.0488788 -0.137672 -0.0395906 0.067281 -0.15512 -0.119714 0.0873594 -0.147559 0.112988 0.0699737 -0.143862 0.0896448 -0.0551118 -0.103427 0.096496 -0.0405507 -0.0980551 0.109134 -0.0434988 -0.0739167 -0.103291 0.0329403 -0.0351088 0.0786499 -0.0626148 -0.0896378 -0.0508977 -0.121543 -0.0641376 0.051315 0.0553376 -0.125442 -0.0379781 0.0427103 -0.0961468 -0.15497 0.102341 -0.133079 -0.0637368 0.0682715 0.0642834 0.0613465 0.0839124 -0.0851367 -0.0764491 -0.140261 0.0456244 -0.081239 0.049093 0.0706264 0.162068 -0.0917966 -0.0959445 -0.112379 0.0685669 0.0388806 0.0769981 -0.105991 -0.154907 -0.0448816 0.180608 0.150751 -0.0967585 -0.123698 -0.0363856 -0.0999844 0.194445 0.0810326 0.155676 0.082811 -0.0646832 0.071371 0.182213 -0.0728 0.128782 -0.104803 0.0538714 -0.1272 0.10866 -0.090201 -0.108028 0.122274 0.049933 -0.147737 -0.0447795 0.123464 -0.127321 -0.0258515 -0.128269 0.0852082 0.130983 -0.0418635 -0.13354 -0.0514932 0.0608706 0.0696467 -0.0820727 -0.0761763 -0.0398589 -0.0567953 0.106136 -0.178294 0.128625 -0.0441576 -0.169294 0.134193 -0.110033 -0.0903265 0.0904411 0.0645143 0.0796487 -0.0537355 0.119925 0.132174 0.136016 0.0619738 -0.0840587 -0.131035 -0.0573944 0.0717714 0.102079 0.101381 0.133363 0.135248 -0.0681772 0.05279 -0.0296189 -0.129384 -0.0986861 0.11328 0.0787385 -0.171228 -0.0645017 -0.121022 0.110995 -0.0649021 -0.0723008 0.147168 -0.107107 -0.128943 0.0971733 -0.0504394 -0.0657862 0.0953844 0.10791 0.111965 0.0491122 0.08766 -0.0708237 0.0996333 -0.114165 -0.066109 -0.129739 0.116314 0.112135 0.0410444 -0.0477811 0.0715584 -0.0484978 -0.0495891 0.111478 -0.0835416 0.0298406 -0.0581421 0.100301 0.0779484 0.0276946 0.0542237 -0.146479 0.0972617 -0.100617 0.0744725 0.0788373 0.052698 0.0784083 -0.103927 0.110963 -0.128814 -0.116012 0.0610932 0.0537201 0.0626421 -0.0951991 -0.0418821 -0.0757156 0.0859422 0.164704 -0.228865 -0.103721 0.063055 -0.14422 -0.148344 -0.0445829 0.151746 0.065341 0.0522867 0.110356 0.0781707 -0.0785405 0.108171 0.156815 -0.120376 0.0646805 0.0838251 0.0509087 -0.036556 -0.105619 0.0928303 -0.205552 -0.0565485 0.109162 0.100606 0.154828 -0.053686 0.0113257 0.0888727 -0.0712051 0.0544961 
dominances
0.0403787 0.105946 0.0440538 0.060795 0.10033 0.0083981 0.208002 0.244619 0.0398315 0.117426 0.0771238 0.0611823 0.204684 0.176447 0.0398393 0.0148619 0.277383 0.00221858 0.152182 0.0574803 0.0784314 0.0676803 0.0290579 0.0232948 0.0258561 0.216632 0.265222 0.0655023 0.00977555 0.0745838 0.126249 0.125954 0.216586 0.0814341 0.0661475 0.168288 0.0280934 0.0275626 0.0558218 0.00927812 0.0981248 0.063941 0.00138244 0.0147347 0.0844128 0.0672845 0.102912 0.230484 0.0904398 0.0647462 0.0448556 0.156709 0.0590417 0.0612079 0.212411 0.0157997 0.054943 0.131099 0.0268988 0.103918 0.220582 0.0615874 0.0457836 0.0656181 0.0110467 0.120396 0.161258 0.133564 0.0876165 0.198317 0.141528 0.163968 0.0338948 0.0223397 0.110301 0.018401 0.0255264 0.0118005 0.194603 0.0187483 0.0791516 0.0538361 0.0485048 0.151958 0.0932432 0.0991206 0.114287 0.0998058 0.120029 0.0792091 0.00360031 0.0731811 0.0564625 0.0377903 0.0112946 0.0563979 0.304314 0.0271813 0.0913087 0.0065046 0.173534 0.0524128 0.086519 0.118912 0.000694556 0.0113948 0.0283973 0.0618986 0.138715 0.118287 0.100863 0.0642193 0.0550766 0.0383455 0.129397 0.046692 0.0367511 0.0181508 0.0089669 0.0662539 0.0663726 0.124166 0.00454137 0.196551 0.0296056 0.00368815 0.0200671 0.0129667 0.023145 0.1498 0.0267127 0.0580867 0.0266536 0.0805763 0.0210637 0.0470244 0.107524 0.0461915 0.0708999 0.0226383 0.00791292 0.178386 0.149425 0.142124 0.153313 0.0136008 0.0113983 0.0409496 0.0262962 0.116273 0.0353942 0.0999086 0.0919053 0.0876358 0.0495374 0.0541881 0.086416 0.0810939 0.0191482 0.112175 0.0149892 0.0352572 0.0521481 0.0167974 0.012257 0.165543 0.074948 0.107733 0.0153355 0.17723 0.115682 0.121643 0.0473195 0.103068 0.0198146 0.0868894 0.0508821 0.0541297 0.0107671 0.0568312 0.0277385 0.0791626 0.0161216 0.129777 0.0193162 0.0700299 0.0151706 0.0973892 0.0196482 0.0786563 0.125949 0.0564984 0.040641 0.0690001 0.0427564 0.165138 0.325844 0.00882475 0.15116 0.0356382 0.115659 0.0681807 0.0253594 0.0679112 0.0353807 0.00533645 0.16553 0.100092 0.0346648 0.0387121 0.139534 0.167399 0.0484188 0.0862222 0.00753666 0.0533561 0.113901 0.0251302 0.00387073 0.153479 0.113905 0.139691 0.122188 0.0255121 0.0237733 0.0336404 0.0942129 0.00339679 0.119841 0.0823853 0.0380115 0.159283 0.110749 0.0410469 0.111954 0.0571249 0.00262486 0.0705784 0.0154951 0.0354993 0.180516 0.00626245 0.22636 0.0848557 0.0762356 0.0134708 0.194646 0.179295 0.0552776 0.0368784 0.0204282 0.105584 0.0420105 0.197686 0.177699 0.0308579 0.0164808 0.0328535 0.139828 0.203877 0.0563999 0.0507533 0.0137834 0.0687034 0.0259552 0.00833576 0.0446963 0.0682015 0.0540495 0.0324139 0.0428995 0.029843 0.13833 0.0547035 0.0651683 0.03716 0.0153748 0.0360571 0.132612 0.0818928 0.149796 0.0500524 0.0918361 0.0443261 0.126107 0.19871 0.047498 0.145645 0.0416737 0.0449218 0.0298058 0.110388 0.00128591 0.135488 0.0373536 0.0585736 0.118852 0.193995 0.0972899 0.0068603 

network 0 100
edges0
238 120 238 127 105 120 127 127 105 157 216 127 216 157 105 157 216 127 29 216 29 83 127 83 130 238 216 39 127 216 63 83 157 83 127 120 43 127 130 216 238 120 48 216 127 48 105 206 98 157 238 39 216 39 293 196 95 127 238 238 157 206 48 158 216 108 157 127 63 29 238 216 120 299 157 73 106 120 48 216 293 227 48 48 106 13 73 238 29 216 48 272 120 48 130 293 63 269 83 216 
edges1
120 127 105 105 157 157 157 216 216 95 95 95 31 98 210 29 83 83 83 63 63 130 39 43 43 43 141 141 141 48 48 48 176 206 158 158 293 293 293 293 293 73 73 81 196 196 196 106 108 56 27 27 299 299 299 299 248 19 71 133 133 156 69 69 38 225 225 227 227 13 13 107 107 269 269 269 17 250 159 15 272 272 34 296 138 64 74 218 103 103 142 129 129 110 110 186 255 255 255 255 
weights
-0.157553 -0.048363 0.164017 -0.0906945 -0.134806 0.0841716 -0.048983 0.0683964 0.0964333 -0.0700132 -0.0732087 -0.0696338 0.0448564 -0.11082 0.0757002 -0.121363 0.0521415 0.164465 0.172251 0.0753064 -0.0803052 0.0690187 0.0875245 0.060611 0.0772938 -0.150332 0.0726861 0.10731 -0.0620656 -0.0864574 0.0640635 0.039925 0.0926802 -0.0337464 0.122838 0.14134 0.149968 -0.102006 0.137904 -0.103838 0.0640214 0.130594 0.117807 0.0901881 -0.0353365 -0.067802 0.0500687 -0.0615138 -0.0417166 0.0947677 -0.0811851 0.0848868 -0.0846832 -0.133839 0.0961172 0.121544 -0.111205 0.0998366 0.202929 0.0405952 0.0713247 0.0354983 -0.0364664 -0.159452 0.0910405 0.0409739 -0.0654549 -0.126322 0.0705622 0.118276 0.0746116 0.0797525 -0.144398 0.0462503 0.0612297 0.0739179 -0.0242533 -0.181902 0.0597534 -0.0664193 0.128838 0.0815249 -0.130109 -0.097287 0.0719409 0.0465578 -0.19931 -0.149105 0.0511745 -0.0970918 -0.125195 0.0998997 -0.123308 -0.136852 0.0666076 0.0887541 -0.0647611 0.0797516 0.0499471 0.102907 

network 1 100
edges0
289 177 289 289 146 146 146 146 30 177 289 177 177 37 36 177 146 289 289 289 289 221 151 289 146 284 177 253 30 30 2 177 253 126 284 177 253 284 146 30 126 177 30 284 177 146 75 67 126 289 288 146 2 126 284 177 119 258 25 288 146 193 151 72 284 146 46 289 284 289 146 284 266 284 288 289 2 288 262 181 289 284 47 289 223 2 177 208 134 146 283 30 25 47 119 284 223 288 46 146 
edges1
177 146 146 30 30 119 67 151 36 221 221 37 284 284 284 126 126 134 2 193 65 72 202 122 253 253 259 259 259 195 195 25 75 75 75 288 288 288 288 51 78 78 258 258 252 252 262 262 262 223 266 70 273 273 273 229 229 89 100 94 94 208 181 181 46 46 233 132 66 14 198 276 215 20 47 68 68 68 76 247 178 283 283 128 42 182 182 182 40 40 263 239 199 199 148 256 256 190 190 50 
weights
-0.0647485 -0.0546446 0.076038 0.106485 0.163831 -0.0565704 -0.0625855 -0.115748 0.0895637 -0.0612006 0.151489 0.0824015 -0.0929471 -0.0925074 0.0894742 0.0915562 0.107246 0.0710993 -0.104682 0.0414061 -0.0944354 0.0647751 0.0881471 -0.0556272 0.0855639 0.0369392 -0.0842235 -0.0831811 0.191422 -0.0380932 0.0354457 -0.0456359 -0.0724021 -0.147878 -0.153455 0.174258 -0.0197331 0.139855 0.161673 0.0675924 -0.103574 0.113337 0.0640283 0.0782968 -0.0613271 -0.0978924 0.11216 0.03112 -0.0621122 -0.0335074 -0.123843 -0.110786 -0.0621149 -0.0403185 -0.168427 0.102142 -0.0891168 0.0594755 0.0531177 -0.108953 0.0551312 -0.123368 0.0454332 0.118655 -0.0500548 -0.0876288 -0.0876875 0.19931 -0.0515609 0.0725329 -0.0662624 -0.181778 0.0892726 0.100225 -0.16898 0.173696 -0.0593392 0.0874052 -0.039683 0.0841782 0.0554078 0.101673 0.0654823 0.0676811 -0.0655966 -0.0677701 -0.184897 0.0943764 -0.137823 0.111479 -0.111822 -0.103294 -0.108041 0.0952213 -0.0929979 -0.134789 -0.105724 0.0639532 -0.0207318 -0.120263 

network 2 100
edges0
241 118 118 245 118 217 118 245 232 5 245 217 22 5 282 170 5 282 245 5 282 245 5 282 5 22 118 118 245 232 118 245 5 170 282 12 118 170 118 285 24 9 282 35 217 285 169 207 282 118 282 232 24 282 24 5 118 170 170 217 282 217 207 207 282 24 12 282 35 295 172 9 35 58 24 169 204 118 245 24 245 24 143 282 101 24 170 12 24 59 118 33 24 232 35 165 58 118 282 5 
edges1
118 282 245 217 217 232 170 5 22 22 22 22 12 12 58 58 58 161 171 171 35 287 214 214 212 9 264 285 285 3 124 124 24 24 24 268 268 268 183 169 185 207 207 7 165 121 121 237 77 62 62 222 123 123 101 45 85 0 295 18 204 59 23 154 172 172 172 33 33 97 97 265 194 194 143 143 143 135 55 52 297 297 136 144 104 160 102 102 113 113 53 53 53 145 244 92 61 16 44 44 
weights
-0.129988 -0.109073 -0.056944 0.0931096 0.0183771 0.140523 0.0705583 -0.0637351 -0.105181 0.058179 -0.066891 0.0720738 -0.12259 -0.0483192 -0.0636116 0.106404 0.161703 0.0949503 -0.0306629 0.0930606 -0.0783209 -0.117722 -0.059083 0.18925 -0.0464825 -0.0450322 -0.102161 -0.0727445 0.176415 -0.041152 0.0200933 -0.0488636 0.109356 -0.0464431 -0.102861 0.129054 -0.066475 0.112136 -0.0890917 -0.0467604 -0.157883 0.080736 0.104029 -0.132789 -0.209189 -0.0572845 0.037012 -0.0502162 -0.0804134 -0.101642 0.0317714 0.0473145 0.0797345 -0.158944 -0.147462 -0.158652 -0.109468 -0.0220341 0.10021 -0.0704318 0.211223 0.136257 0.108486 -0.0831976 0.0542423 0.137917 0.0916606 -0.073631 -0.0786768 -0.0411091 -0.115788 -0.0809065 0.10499 -0.087511 0.106957 -0.0666098 0.0764352 0.0767275 0.0532876 0.0819545 0.106234 0.052973 -0.0487696 -0.071197 -0.0922271 -0.0629837 0.0656081 -0.0415627 0.270811 -0.0407487 -0.126769 -0.102562 -0.0656654 -0.0901492 0.0573237 -0.107203 0.10612 -0.11693 -0.111598 -0.0283885 
