Parameters used to generate the architecture:
rdynamics 1
capacity 1
replenish 2375
inflow 400
outflow 100
hsymmetry 0.75
ecosel 3.6
dispersal 0.01
birth 1
survival 0.8
sexsel 10
matingcost 0.01
demesizes 100 0 
nvertices 100 100 100 
nedges 100 100 100 
nchrom 3
mutation 0.001
recombination 3
allfreq 0.2
scaleA 1 1 1 
scaleD 0 0 0 
scaleI 0 0 0 
scaleE 0 0 0 
skews 1 1 1 
effectshape 5
effectscale 1
interactionshape 5
interactionscale 1
dominancevar 1
tburnin 1000
tend 20000
tsave 100
tfreeze 20001
talkative 0
record 1
datsave 1
choosewhattosave 1
gensave 0
archsave 1
archload 0
parsave 1
archfile architecture.txt
parfile paramlog.txt
orderfile whattosave.txt
seed 1588738968373973823
ntrials 1000

Architecture:
chromosomes
0.333333 0.666667 1 
traits
0 2 0 0 2 1 0 2 2 2 2 2 1 2 2 1 0 0 0 2 1 2 1 0 0 0 0 1 1 2 2 1 2 0 1 0 2 1 0 0 1 2 1 2 1 2 2 0 2 2 2 0 0 2 1 1 0 0 1 1 2 0 2 0 1 1 0 1 2 1 0 1 0 2 1 1 0 0 1 1 2 1 2 2 1 2 2 2 1 1 0 0 1 1 1 0 2 0 2 2 0 0 2 0 0 0 0 2 2 1 0 0 1 1 2 1 2 0 2 1 1 0 2 1 0 2 0 1 0 0 2 0 2 0 1 1 2 2 1 1 1 0 1 1 0 0 1 0 0 2 1 2 0 2 1 2 2 0 1 0 2 1 1 2 1 2 1 0 1 0 2 1 1 1 1 1 2 1 0 2 0 1 2 0 0 0 0 2 2 2 1 0 0 1 1 2 1 2 0 0 2 2 1 2 1 1 1 2 1 1 2 0 2 0 1 0 2 0 1 1 2 2 2 0 2 0 2 2 2 2 1 1 1 1 0 1 1 0 0 1 2 0 1 1 0 0 0 2 1 0 0 1 2 2 1 0 0 0 0 0 0 0 2 2 2 0 1 2 2 0 1 0 1 2 1 2 1 2 0 2 1 0 1 1 0 0 0 0 2 2 2 2 0 0 1 2 1 1 2 2 
locations
0.00731398 0.0102488 0.018734 0.0192452 0.0199167 0.0212376 0.0222607 0.0223874 0.02427 0.0258094 0.0275199 0.0312528 0.0319035 0.0322673 0.0337998 0.0351514 0.037011 0.0385364 0.0394081 0.0414188 0.043175 0.0505752 0.0557686 0.0581885 0.0603822 0.0638764 0.064583 0.0663103 0.0693268 0.0751055 0.0890714 0.0912308 0.0922427 0.0950658 0.0973999 0.100416 0.100951 0.103557 0.110329 0.115698 0.116087 0.117048 0.120281 0.124082 0.131008 0.133738 0.136434 0.136734 0.139478 0.140268 0.149988 0.151126 0.151543 0.15407 0.155541 0.158404 0.160796 0.173226 0.178412 0.179601 0.181407 0.182217 0.184302 0.19245 0.194561 0.20559 0.206136 0.208679 0.215989 0.222791 0.223632 0.22439 0.238474 0.239899 0.24564 0.253398 0.253776 0.255373 0.258448 0.260014 0.260641 0.262286 0.264451 0.268942 0.275003 0.275385 0.277893 0.286039 0.293278 0.299065 0.299122 0.299565 0.304714 0.306503 0.310437 0.313225 0.325709 0.330728 0.340741 0.341227 0.35928 0.364319 0.364564 0.365685 0.368977 0.370001 0.372137 0.378487 0.383876 0.385478 0.387165 0.400757 0.401137 0.405361 0.405761 0.413596 0.424843 0.42547 0.425559 0.430232 0.432353 0.433976 0.436081 0.4471 0.447989 0.450977 0.453162 0.455027 0.46985 0.470231 0.471419 0.475944 0.476091 0.476422 0.477422 0.481841 0.494827 0.495458 0.49681 0.498872 0.499554 0.503128 0.505434 0.509833 0.511808 0.51646 0.520996 0.525423 0.525481 0.527024 0.529127 0.545534 0.547917 0.548694 0.554355 0.564602 0.566777 0.573357 0.574597 0.575829 0.581119 0.586097 0.586098 0.586434 0.588106 0.588201 0.59254 0.595785 0.59784 0.598439 0.599228 0.603225 0.610577 0.613513 0.614754 0.619011 0.622268 0.623299 0.623749 0.625164 0.629786 0.630706 0.633812 0.634566 0.635609 0.635776 0.643365 0.64409 0.646761 0.65084 0.65155 0.651587 0.654989 0.657171 0.659707 0.660858 0.661431 0.663463 0.667347 0.667827 0.669295 0.672764 0.678686 0.682008 0.683261 0.684109 0.685144 0.698817 0.702917 0.703011 0.704438 0.704498 0.704987 0.705093 0.708062 0.712204 0.712735 0.725938 0.728071 0.736069 0.739982 0.753998 0.763236 0.766757 0.76779 0.768572 0.773222 0.774771 0.779991 0.782323 0.783518 0.785257 0.788162 0.794982 0.796818 0.799117 0.799271 0.803842 0.806391 0.807742 0.811226 0.822375 0.823206 0.823952 0.824326 0.824573 0.829626 0.834194 0.836081 0.839074 0.839425 0.845593 0.847981 0.850298 0.857585 0.861799 0.86513 0.865757 0.867694 0.868557 0.8691 0.86956 0.871452 0.874294 0.877017 0.878682 0.879578 0.885199 0.885656 0.88833 0.89103 0.898282 0.899891 0.899997 0.901834 0.902149 0.903407 0.906908 0.908372 0.911993 0.91324 0.919034 0.924077 0.924427 0.939078 0.955676 0.956098 0.957489 0.959494 0.961974 0.963643 0.978933 0.979734 0.981008 0.982726 0.98357 0.98862 0.990012 0.993873 0.993942 
effects
-0.111828 0.0619887 0.0515564 -0.150043 0.0895839 0.0283862 0.0501146 0.113759 -0.0883311 0.0701641 -0.0629069 -0.0813278 -0.0635086 -0.0712643 -0.0802321 -0.0596384 -0.177092 0.115722 -0.0557571 -0.0362585 0.123023 -0.0547677 -0.102501 0.0383047 0.0495099 0.177095 0.113605 0.0379727 -0.0515344 -0.0837343 0.126692 0.0732547 -0.0502253 0.138892 0.0668893 -0.0750861 0.111687 0.122588 -0.0872371 -0.136014 0.0447041 -0.110153 0.136511 0.0832437 -0.204792 0.101562 -0.0748851 0.0925046 -0.099067 0.0726318 0.180118 0.0619214 0.0833685 0.126359 0.103957 -0.067229 0.147213 -0.0642637 -0.0870592 -0.0864883 0.163767 0.0990624 -0.0874657 0.161225 -0.0674519 -0.115317 -0.148153 -0.0999247 -0.104185 0.137205 0.0601511 -0.0856459 0.108501 -0.118863 -0.102875 -0.0540809 0.132921 0.0783922 0.0538855 -0.0924005 0.0396776 0.135746 -0.112363 -0.0734063 0.0750689 -0.108926 0.0831579 0.0570796 -0.172328 0.115089 0.113268 0.073208 0.0912844 0.0722647 0.0197749 0.0295484 0.111661 -0.0413305 0.0683064 -0.0920933 0.147926 0.0742142 -0.175344 -0.0951073 -0.0640678 0.0614737 0.0730595 0.0917823 0.0672431 0.0584855 0.0286437 -0.0560711 0.0576343 -0.171241 -0.0673941 -0.0673817 0.0946558 -0.141864 -0.11028 0.0964418 0.0327017 0.0618597 -0.11026 -0.12012 -0.0763179 -0.0558675 -0.105978 0.0551887 -0.038926 -0.0455251 0.0884487 0.0454303 -0.0710454 -0.0846996 0.0838175 -0.222472 -0.0815445 -0.0428861 0.058586 0.0514485 -0.0965773 0.12349 0.0475893 0.0346926 -0.0632711 -0.144301 -0.0582228 -0.0450282 0.0914783 -0.142343 0.173405 0.129275 0.065541 0.0355684 -0.09882 -0.0732918 -0.137905 -0.10743 0.0496552 -0.0416836 -0.0494171 -0.0572311 0.0254189 -0.135625 -0.0640889 -0.126873 -0.0994321 0.0506653 -0.0991036 0.0624669 0.0765764 0.0733114 -0.105282 0.0847761 0.0450878 -0.0878093 0.0764235 -0.0825982 0.103072 0.0940965 0.0233262 0.0774678 -0.0567924 -0.0769152 0.134499 0.088121 0.107829 -0.0853924 -0.191019 0.125086 -0.0769072 0.0729978 0.0931992 0.0801748 0.0859852 0.0603701 -0.128044 -0.0294729 0.114879 0.0588208 -0.0429793 0.0437329 -0.105112 0.0962314 -0.186167 -0.103659 0.0594343 -0.1765 0.137351 0.0602692 0.0537384 0.0375516 0.0552413 0.093669 -0.0623701 0.13108 0.0888579 0.115478 -0.0499387 -0.0777319 0.0671012 -0.130601 -0.126069 0.134718 0.186886 -0.11481 -0.061372 -0.0430585 -0.0660297 0.114891 0.101235 0.151721 -0.0806409 -0.0986121 -0.0690975 0.0763227 -0.058067 -0.123389 -0.152716 0.20381 -0.156623 -0.130823 0.0842229 0.130937 -0.160576 0.102706 0.109532 -0.119322 0.0167539 -0.0874099 0.112403 -0.161487 -0.0545078 0.0592291 -0.0744316 0.116741 0.153216 0.0451799 -0.124656 -0.0606324 0.040571 -0.0423589 0.0918606 0.088757 0.112777 0.0825179 -0.0933375 -0.0749951 -0.163754 0.0969379 0.0788933 0.0977011 0.0695177 -0.0600839 0.0537756 -0.0299493 -0.162475 -0.157593 0.11096 0.0740755 0.10733 -0.0916612 -0.0668364 -0.155243 0.119723 -0.123374 -0.0704616 -0.0723579 0.0694563 0.146792 -0.149 -0.113916 0.180552 0.0308109 -0.128033 0.120402 0.109763 -0.12516 -0.0839003 0.0366668 
dominances
0.0519756 0.176708 0.15102 0.0486439 0.00710026 0.103894 0.0591071 0.0118202 0.115376 0.0105983 0.0265293 0.0975156 0.0541472 0.0547713 0.033728 0.011069 0.208343 0.272307 0.0982662 0.0266153 0.0945782 0.0497882 0.0328883 0.136104 0.118016 0.0984651 0.0685549 0.0179793 0.0141556 0.063928 0.0160424 0.132204 0.11663 0.108363 0.183428 0.0149352 0.00634464 0.153707 0.0416592 0.00439863 0.0737823 0.0609435 0.0298149 0.10342 0.0185753 0.0818541 0.0218145 0.180118 0.142186 0.0262637 0.0588101 0.0124554 0.194696 0.100107 0.060423 0.032487 0.102031 0.200958 0.163552 0.0452585 0.0565266 0.0357969 0.119272 0.0847654 0.195382 0.0548931 0.0750373 0.0187609 0.141976 0.0242883 0.0770507 0.131965 0.0881106 0.0567909 0.1444 0.0939908 0.0098355 0.0636866 0.0582498 0.183724 0.144469 0.225973 0.0160653 0.130051 0.146723 0.11873 0.0586409 0.115839 0.0883756 0.0843321 0.00829004 0.118014 0.061774 0.0473837 0.0452473 0.107793 0.0882671 0.10384 0.0144666 0.0735649 0.0104046 0.144129 0.16181 0.0230077 0.033062 0.0674441 0.0306119 0.0768157 0.177338 0.0586175 0.0614774 0.0344992 0.0399711 0.0363873 0.0473537 0.0154409 0.104192 0.0729738 0.118755 0.184686 0.0221377 0.111175 0.0439422 0.0251739 0.10604 0.0619137 0.0851364 0.115774 0.0317095 0.062217 0.0685396 0.0306438 0.0803385 0.0676951 0.00425474 0.0152615 0.106973 0.20524 0.227749 0.00703161 0.0169055 0.160207 0.0273929 0.159191 0.128778 0.0633603 0.195849 0.0816346 0.0874775 0.0495306 0.0136268 0.00115227 0.00789671 0.0698515 0.0530382 0.0953066 0.0441272 0.0987375 0.00411507 0.0135066 0.0402636 0.111642 0.086611 0.15698 0.0539014 0.186019 0.0777035 0.00498219 0.155861 0.137173 0.0146936 0.122449 0.0609076 0.230132 0.162049 0.0988291 0.0710379 0.138246 0.00990808 0.0413572 0.0812842 0.115977 0.110335 0.0155474 0.0834654 0.0169415 0.0374574 0.11555 0.0119859 0.083116 0.142241 0.0419821 0.139855 0.0163565 0.0449654 0.113263 0.0620906 0.0881384 0.0180056 0.212767 0.0278896 0.137043 0.180937 0.216264 0.0487304 0.00490138 0.255937 0.123168 0.0528169 0.0911984 0.0870381 0.189221 0.101532 0.0374581 0.129758 0.0105968 0.0197379 0.135622 0.0278596 0.165807 0.0354846 0.0515007 0.0704658 0.200358 0.0377703 0.0755033 0.125908 0.179782 0.0411324 0.039786 0.00833947 0.0814945 0.0145941 0.0997957 0.0104758 0.0418693 0.0902764 0.0515701 0.081041 0.00916555 0.134057 0.124393 0.0115839 0.0611366 0.16454 0.123983 0.192923 0.0753745 0.0314623 0.0703045 0.0375346 0.0543626 0.15774 0.147443 0.0583037 0.0851785 0.0982545 0.0928608 0.0672223 0.120179 0.137699 0.142976 0.166702 0.154779 0.164015 0.0472733 0.0378331 0.0852906 0.0257079 0.0332516 0.0874589 0.0881991 0.125524 0.112481 0.0228037 0.0463194 0.0432379 0.0247911 0.036828 0.0337822 0.109982 0.036733 0.00759633 0.058142 0.0701835 0.0309141 0.0197846 0.035427 0.138308 0.008038 0.100531 0.130343 0.0648163 0.133777 0.0145629 0.0786767 0.0713925 0.0260143 0.0547312 0.222366 

network 0 100
edges0
256 2 2 256 0 47 0 238 0 47 103 2 0 47 0 0 103 0 47 103 47 100 2 47 234 103 141 100 256 2 237 260 2 0 47 47 47 250 18 47 18 0 18 103 18 25 169 47 18 157 186 129 186 256 256 18 26 33 18 39 198 0 250 285 47 0 18 2 47 186 186 131 47 184 47 198 167 286 47 133 90 0 39 0 256 238 18 0 167 131 18 0 147 0 186 100 103 191 256 18 
edges1
2 0 47 47 47 16 238 103 103 103 237 213 241 25 33 184 260 141 100 192 95 157 157 234 39 285 250 148 148 269 18 18 18 18 169 293 129 129 17 281 281 258 258 26 26 26 186 186 186 186 90 147 121 167 286 249 198 198 128 128 128 217 105 105 131 131 91 261 261 292 24 24 24 185 185 133 133 52 225 225 225 101 101 77 77 284 284 145 51 104 104 191 76 110 110 110 110 110 38 6 
weights
-0.0351064 0.0565205 -0.0586906 0.0464489 0.0600775 -0.154771 0.125529 0.119432 -0.0898009 0.0515214 0.174757 0.158555 0.0392892 -0.0990042 -0.134322 0.0982851 0.176894 0.099924 -0.0856884 -0.0923564 -0.0931553 -0.0318749 -0.0593424 -0.111124 -0.0522635 -0.0453073 -0.131996 -0.0740917 -0.0964716 -0.0812832 -0.0661196 -0.0721021 -0.119992 -0.128171 0.0812074 0.0614769 0.0769023 -0.091752 0.134999 -0.0380868 -0.0838992 -0.0892018 0.146312 -0.0886381 -0.0932396 0.0660157 -0.106545 0.0898599 0.0856682 0.0523572 -0.0411468 0.0935536 0.122639 -0.0681588 -0.0959016 0.162918 -0.0848091 -0.1182 0.0298237 -0.0689154 0.213902 0.049564 0.112611 -0.0917908 0.059869 -0.0577593 0.0319878 0.10511 0.123401 0.060688 -0.0617634 -0.0306567 -0.0676104 -0.0670762 -0.0929733 -0.0655754 0.0750163 -0.160589 -0.224045 -0.14062 -0.0422889 -0.109608 -0.100379 -0.0575632 -0.0599838 0.168854 0.0551738 0.0507869 -0.095104 -0.0683038 -0.0739247 0.127648 0.14213 -0.0937681 -0.063753 -0.0978635 0.135982 -0.121143 0.109439 -0.113131 

network 1 100
edges0
294 294 54 54 196 54 146 294 294 196 158 84 74 294 74 146 196 54 294 193 158 158 193 193 154 193 294 158 177 294 15 37 54 37 74 248 193 74 158 94 146 193 196 196 138 297 248 193 15 219 193 15 294 196 15 158 294 64 294 15 294 294 193 206 154 158 92 15 219 193 146 64 276 254 294 158 154 146 44 219 158 154 64 69 74 146 146 158 139 254 54 158 294 193 193 15 196 146 94 81 
edges1
54 146 196 28 158 158 158 138 74 84 84 177 177 37 59 193 193 94 94 162 162 154 154 15 248 248 248 248 297 297 254 88 71 64 64 92 92 92 92 219 219 219 219 65 115 142 206 206 109 109 109 69 69 69 174 174 174 171 239 5 172 233 233 164 276 44 218 168 135 274 119 119 236 283 283 283 34 34 34 139 139 209 282 282 123 123 81 81 205 127 127 27 181 181 235 214 214 214 280 280 
weights
0.0717459 -0.112336 0.11471 0.120386 0.0811118 0.0805316 -0.122207 0.0579947 -0.0747178 0.0949704 0.0793858 -0.0598342 -0.0875133 -0.117731 -0.172989 0.101537 -0.109725 -0.0333174 0.0762531 -0.117292 0.0574638 0.15338 -0.121877 0.105675 -0.083996 -0.0563976 -0.150747 -0.0922268 0.0706516 -0.134441 -0.0922548 -0.0596977 -0.0941024 0.0897911 -0.0849914 0.135848 0.0622376 0.0361321 0.104346 0.0577891 -0.0540881 -0.0923895 -0.0715605 -0.107101 0.0672458 0.0400565 -0.0990163 0.0886451 -0.0948706 -0.103316 -0.160579 -0.126709 -0.0893316 0.13003 -0.0916795 0.144322 -0.07643 0.102069 0.0835365 0.0569092 0.122592 0.0718362 0.0771206 -0.119706 0.101905 -0.166416 0.0438135 0.0903295 0.0561036 -0.0441401 0.0436684 0.13885 -0.131818 0.0638131 0.0439586 -0.0995616 -0.162231 -0.0198599 -0.0432407 -0.0745477 -0.112771 0.0870141 0.098078 -0.0937222 -0.0767807 0.181504 -0.0601421 -0.11125 -0.166715 0.057211 0.109997 -0.145426 0.137132 0.0720082 -0.10406 -0.0304741 -0.109692 -0.158191 0.0734717 0.0215205 

network 2 100
edges0
288 19 210 19 220 19 220 288 288 19 262 288 288 19 289 262 96 288 262 96 43 19 289 96 43 289 288 19 96 288 210 262 43 132 288 216 262 156 262 264 262 262 19 289 288 212 43 229 116 19 21 216 220 288 19 229 188 149 229 19 201 19 229 221 220 43 289 165 116 262 262 96 165 289 60 289 19 102 212 153 289 60 19 19 43 21 277 21 201 289 262 160 49 288 216 86 43 60 132 43 
edges1
19 210 220 220 212 212 262 262 289 289 289 96 73 153 43 43 116 216 216 229 132 197 188 188 10 163 240 240 222 264 224 136 156 160 160 165 165 165 151 21 80 149 149 221 221 221 226 226 98 98 201 201 82 1 267 267 102 102 102 102 102 60 60 60 118 118 99 4 87 273 8 49 49 49 114 114 114 86 86 291 275 277 277 228 85 263 179 179 268 268 176 187 187 187 187 189 9 299 299 299 
weights
-0.107197 -0.0566968 0.120381 -0.104502 0.0304794 -0.0790463 0.0923363 -0.107965 -0.0374103 -0.2019 -0.0831085 -0.052054 -0.0638891 0.0308602 0.0939196 -0.0842466 0.0526296 0.129739 0.0745656 -0.0952303 0.0787829 0.0834867 -0.084779 0.113699 -0.0673256 -0.100081 -0.131801 -0.0334702 -0.107886 0.0558239 -0.0603027 0.148839 -0.110929 -0.0555927 -0.0355623 0.0819243 -0.0683519 0.0489012 -0.0233161 -0.0981362 -0.217536 -0.0644869 -0.132009 -0.0863692 0.103755 -0.0730467 -0.119978 0.0442996 0.0424889 -0.119953 -0.0662199 -0.184842 -0.18502 0.0888673 -0.0839092 -0.0705656 -0.101501 -0.186136 0.127558 -0.194667 -0.0396783 -0.096987 0.0588176 0.190635 -0.110383 -0.0798049 -0.0666706 0.107981 -0.121762 0.0731229 0.117832 0.0623335 -0.0825504 -0.135467 0.164258 -0.0987894 0.12565 0.097982 -0.0994171 0.0906885 0.0716448 0.0561229 0.031742 0.0927768 -0.119792 0.0719069 -0.0746274 -0.123548 0.0717295 0.0151672 0.0602438 -0.0821773 0.0903381 -0.0302864 -0.067099 -0.105183 -0.0510184 0.0464717 0.147638 -0.0850782 
