Parameters used to generate the architecture:
rdynamics 1
capacity 1
replenish 2375
inflow 400
outflow 100
hsymmetry 0.75
ecosel 3.6
dispersal 0.01
birth 1
survival 0.8
sexsel 10
matingcost 0.01
demesizes 100 0 
nvertices 100 100 100 
nedges 100 100 100 
nchrom 3
mutation 0.001
recombination 3
allfreq 0.2
scaleA 1 1 1 
scaleD 0 0 0 
scaleI 0 0 0 
scaleE 0 0 0 
skews 1 1 1 
effectshape 5
effectscale 1
interactionshape 5
interactionscale 1
dominancevar 1
tburnin 1000
tend 20000
tsave 100
tfreeze 20001
talkative 0
record 1
datsave 1
choosewhattosave 1
gensave 0
archsave 1
archload 0
parsave 1
archfile architecture.txt
parfile paramlog.txt
orderfile whattosave.txt
seed 1588738755588536145
ntrials 1000

Architecture:
chromosomes
0.333333 0.666667 1 
traits
2 2 2 1 2 2 2 2 1 1 1 1 0 2 2 2 1 0 2 1 2 1 1 0 0 1 2 2 0 2 1 1 2 1 0 0 1 1 2 1 2 2 0 2 2 2 1 2 2 1 1 2 0 1 2 1 2 0 2 0 0 2 0 2 2 2 2 0 0 1 1 0 2 1 0 1 0 1 2 1 1 1 0 2 1 1 0 0 0 2 1 1 1 0 0 0 2 0 2 0 0 0 0 0 2 1 2 2 0 2 0 0 2 2 0 2 0 2 1 1 2 2 0 1 2 0 0 0 2 0 0 1 0 2 1 2 0 2 2 1 2 2 1 0 2 2 0 1 1 2 0 1 1 0 2 0 1 1 2 0 2 1 2 1 2 1 1 0 1 0 1 0 0 1 2 1 0 1 2 2 2 1 1 1 2 0 2 1 0 0 0 0 2 2 0 1 2 1 0 2 1 1 0 2 1 2 1 1 2 1 0 0 0 0 2 1 2 1 2 1 0 1 1 2 0 1 0 1 0 0 1 2 0 2 0 0 2 1 2 1 1 0 1 0 0 1 0 0 0 2 2 2 1 1 0 1 1 0 0 0 0 1 1 2 0 1 1 1 0 2 2 2 2 1 0 2 2 2 0 2 0 0 1 0 1 1 1 1 2 0 2 0 0 1 0 0 0 1 1 0 
locations
0.000513158 0.00233414 0.00418162 0.00466024 0.0063782 0.0161917 0.0182074 0.0232824 0.0309684 0.0309715 0.0401311 0.0425363 0.0472713 0.0509381 0.0525032 0.054461 0.0557528 0.0590294 0.0649214 0.0721068 0.0728383 0.0730229 0.0749372 0.0756716 0.0758764 0.0804607 0.0836097 0.0864263 0.0893452 0.0908174 0.0910315 0.0942067 0.0961527 0.102263 0.102674 0.102881 0.107229 0.107739 0.108548 0.113532 0.1141 0.118189 0.122986 0.12472 0.127299 0.133251 0.136068 0.141163 0.143471 0.144169 0.147154 0.147328 0.149689 0.15224 0.153004 0.153244 0.154156 0.155442 0.162339 0.167492 0.168092 0.168673 0.168692 0.174607 0.178119 0.179424 0.184522 0.187471 0.189244 0.191499 0.195792 0.196549 0.199265 0.211184 0.215039 0.227132 0.230836 0.235357 0.241235 0.241753 0.246554 0.247988 0.254738 0.256904 0.261845 0.263492 0.263535 0.269894 0.271207 0.272127 0.279485 0.279642 0.286506 0.288407 0.28875 0.293929 0.298634 0.300439 0.302337 0.307087 0.309333 0.310331 0.311524 0.312337 0.315098 0.315536 0.315593 0.318339 0.318704 0.321036 0.322726 0.327099 0.327148 0.328831 0.332311 0.333478 0.337451 0.33832 0.340725 0.342818 0.345596 0.34592 0.352158 0.3557 0.363547 0.363695 0.366714 0.367669 0.369014 0.373842 0.382304 0.386011 0.391948 0.398474 0.39959 0.400288 0.400335 0.404633 0.407202 0.40982 0.409877 0.4117 0.416256 0.41772 0.418397 0.424795 0.425311 0.427928 0.432045 0.43671 0.437822 0.439685 0.442997 0.443568 0.445822 0.450042 0.460014 0.464673 0.467504 0.468411 0.468613 0.47057 0.472343 0.473475 0.480306 0.482234 0.486813 0.48766 0.488332 0.490969 0.490986 0.501417 0.5024 0.504405 0.510711 0.511261 0.518271 0.520313 0.522027 0.523649 0.524271 0.529475 0.53192 0.536704 0.542007 0.554337 0.55855 0.559219 0.55949 0.561775 0.562933 0.56361 0.567867 0.573345 0.574953 0.580204 0.59001 0.594716 0.601682 0.602983 0.609839 0.610699 0.612727 0.61923 0.619435 0.633214 0.6357 0.63799 0.640854 0.641246 0.648499 0.651675 0.651804 0.652283 0.652972 0.654946 0.664564 0.665943 0.669841 0.671602 0.673272 0.673822 0.689784 0.691827 0.695676 0.701573 0.705966 0.718031 0.723261 0.724637 0.725462 0.725724 0.730773 0.735657 0.741257 0.74231 0.744449 0.746947 0.747168 0.760755 0.762184 0.770057 0.770352 0.77378 0.792176 0.794605 0.798727 0.812524 0.812808 0.814942 0.815897 0.816357 0.824983 0.825031 0.826525 0.835223 0.837908 0.843645 0.847739 0.847958 0.84912 0.850712 0.852007 0.858134 0.859011 0.859391 0.860929 0.861522 0.864262 0.881525 0.883207 0.885384 0.895582 0.896783 0.903386 0.90348 0.904656 0.913168 0.917427 0.920185 0.925989 0.927241 0.928536 0.933912 0.936332 0.93889 0.941722 0.948318 0.961202 0.966563 0.96789 0.972184 0.977708 0.979198 0.980198 0.991884 0.99209 0.992329 0.992438 0.996445 
effects
0.0814406 -0.0737139 0.209366 0.117694 0.136037 -0.108588 0.0906335 0.0551487 -0.0585485 0.0716042 0.0510344 0.0909597 0.10552 -0.0931342 0.0671158 -0.0545578 0.0938352 -0.0733848 -0.136155 -0.0941235 0.0474414 0.058354 -0.0797271 0.0428503 0.0568942 0.0569912 -0.0913958 -0.0715247 -0.0251725 0.123979 -0.0810978 -0.0823922 -0.223316 -0.0808656 0.125277 0.0606822 -0.0781193 0.102792 0.0717769 0.203172 -0.12607 -0.102468 0.0795014 -0.0596722 -0.130805 -0.0655938 0.086158 0.050645 0.144395 -0.0735031 0.0808649 0.151293 0.0741275 -0.0519432 0.0663155 -0.0785853 0.0880793 -0.0875981 0.111147 -0.0279329 -0.0677813 -0.0723161 0.0608452 -0.0592802 -0.0774064 -0.0694711 -0.0765199 0.0421312 -0.0570383 0.119133 -0.0822028 -0.039488 0.125471 0.0545723 0.137732 -0.034934 0.0665705 0.0241295 -0.0896376 -0.0345864 0.090633 -0.069706 0.0499801 -0.0761915 -0.17721 0.0874576 0.192153 0.105289 -0.13799 -0.0510439 -0.110473 -0.0993041 0.0625405 0.0615175 0.0546196 0.0281867 0.150436 0.103836 -0.145664 -0.129599 0.094616 -0.0402415 0.122524 0.0814935 -0.0786817 -0.119645 0.122831 -0.079032 0.031417 0.0924357 -0.0765125 -0.0755281 -0.0962031 -0.0747979 0.0548197 0.0741316 0.133411 0.155993 0.136529 -0.04945 -0.0427356 0.0733237 -0.11291 0.156759 -0.0644406 -0.0736957 -0.093194 0.100968 0.0901582 0.031524 -0.158955 0.0960814 -0.148763 0.140017 0.126744 0.0551903 -0.121193 -0.0589259 -0.0723986 0.0541796 -0.0582259 -0.0854601 0.0583707 0.0689098 -0.0918037 -0.083542 -0.0676975 0.109346 -0.0795087 -0.240533 0.0994534 0.125829 -0.0534857 0.0955892 -0.0782142 0.0806925 -0.0814262 0.209322 0.217638 0.0698669 -0.0497654 -0.0879769 0.138709 0.117389 0.0750443 -0.0817248 -0.209825 -0.121114 0.0588196 -0.0502362 -0.0807121 0.0473959 -0.0480239 -0.0319422 -0.0401361 -0.0394241 0.0867061 -0.0661048 0.0484246 0.0582988 0.0814215 -0.084961 -0.152608 0.146918 -0.0922519 0.100975 0.102572 -0.161556 0.131145 0.160618 0.116181 0.0737523 -0.119344 0.0358514 -0.0436413 0.0931887 0.0976455 -0.119688 0.0274442 0.0684012 0.0852604 0.101603 -0.0642852 0.0690726 -0.0845575 -0.0716392 0.104157 -0.0767935 0.0303043 0.125878 0.0447274 0.0925065 0.101931 -0.206525 0.0821557 0.065749 0.044594 0.0806723 -0.0694987 0.230264 0.0901794 -0.066084 0.130756 -0.0291982 -0.253147 0.0852957 0.0448204 -0.0862484 0.111726 0.121466 -0.0698931 -0.156106 0.101171 -0.0307675 -0.107354 -0.22809 0.100728 0.0400979 -0.0884163 0.172338 -0.0909534 -0.0372657 -0.0888136 0.0438481 -0.051606 0.104104 0.0724645 -0.144552 -0.0930913 -0.0457904 0.0952162 0.0418964 -0.0558123 0.058096 0.0846368 0.164315 -0.0832679 0.0319572 0.076704 -0.0628663 0.0868955 -0.0988684 0.0637589 0.139015 0.131822 -0.0585199 -0.0539409 0.117418 0.0978133 -0.143822 0.112234 -0.0761219 -0.073357 -0.0580661 0.09133 -0.102223 0.0741122 -0.0827647 -0.0612406 0.0492417 0.036871 0.0966285 0.0390534 -0.216994 -0.0940577 -0.0954767 -0.0515968 0.118858 -0.116919 0.185368 0.121882 0.10554 0.0701508 0.111905 0.123117 -0.0628802 0.0237882 -0.076802 -0.0503438 -0.0968649 
dominances
0.0464368 0.105997 0.0901998 0.124575 0.117674 0.167814 0.104499 0.060621 0.0229402 0.0493222 0.034522 0.0271688 0.102199 0.13918 0.135711 0.0416116 0.0666114 0.0560505 0.103793 0.149076 0.0254032 0.0470787 0.109177 0.158337 0.0472268 0.0435687 0.0180041 0.0994141 0.0928615 0.0548517 0.149014 0.05568 0.114591 0.18897 0.140961 0.0556251 0.03362 0.0369396 0.0860652 0.210726 0.167927 0.0900939 0.176306 0.109167 0.0971104 0.0516168 0.24724 0.0283413 0.127987 0.0259173 0.0139502 0.105472 0.00719813 0.0549245 0.0521009 0.176036 0.0407183 0.0395717 0.17089 0.143109 0.0735435 0.10872 0.032879 0.0964967 0.0102643 0.00705888 0.121991 0.0893068 0.0180492 0.0544769 0.00591633 0.0626156 0.102254 0.0648472 0.156247 0.0522675 0.088979 0.0025158 0.0115891 0.00238435 0.0235516 0.124781 0.0268173 0.131831 0.0445861 0.0272163 0.125704 0.0501503 0.0762101 0.0240631 0.109835 0.0147587 0.0672954 0.109267 0.0724097 0.226966 0.0730464 0.0624234 0.0261966 0.179049 0.00672396 0.00847722 0.128962 0.124503 0.107426 0.0343006 0.0716711 0.0681215 0.0662923 0.0283857 0.0235139 0.0273491 0.00496419 0.156121 0.115996 0.0897209 0.0374525 0.0198259 0.0881995 0.0783332 0.129683 0.182509 0.0469964 0.010158 0.000646246 0.123165 0.138603 0.0490217 0.0447076 0.0412983 0.0672923 0.0710067 0.0673383 0.193026 0.0839437 0.123744 0.116549 0.0830587 0.119434 0.0382906 0.0598783 0.0296602 0.180729 0.108694 0.06281 0.0405267 0.0172878 0.0336696 0.21414 0.0201717 0.0109366 0.0319917 0.110374 0.11496 0.00324531 0.00228755 0.0262238 0.0464327 0.0569606 0.114903 0.104125 0.130653 0.0927528 0.0826858 0.0313734 0.114396 0.0192558 0.0687721 0.218518 0.0711747 0.0164598 0.0626659 0.113829 0.0364448 0.0923284 0.0285968 0.181489 0.219227 0.0493131 0.0335004 0.118739 0.0145065 0.00224125 0.0122877 0.0367968 0.15113 0.219379 0.179534 0.0707455 0.0777834 0.0267334 0.0566529 0.00523158 0.0147831 0.0984484 0.0949126 0.133237 0.0590986 0.00338329 0.0367757 0.037078 0.010648 0.126853 0.112288 0.0692425 0.0064351 0.100717 0.0512002 0.0617209 0.158598 0.075249 0.16808 0.0705433 0.163971 0.160516 0.00284108 0.0331758 0.0776202 0.0241741 0.101613 0.0209233 0.0751786 0.0878316 0.174586 0.0254018 0.103274 0.0796422 0.183943 0.212147 0.0440402 0.0969648 0.0138396 0.0775512 0.0105302 0.129891 0.0275531 0.174238 0.124618 0.0425267 0.0567409 0.0199432 0.0463139 0.102716 0.0840431 0.122478 0.00925157 0.104308 0.137956 0.134799 0.053633 0.192689 0.201802 0.0785761 0.208616 0.116454 0.0473411 0.041591 0.165458 0.0811234 0.00103455 0.135018 0.151833 0.0565941 0.225825 0.0393184 0.0323383 0.0689192 0.0850821 0.12152 0.0823068 0.0699227 0.196967 0.0372302 0.334542 0.109085 0.0613404 0.0352419 0.0443458 0.0357205 0.191768 0.154335 0.0745368 0.0511459 0.022196 0.0312341 0.00308463 0.0131201 0.0205989 0.00790922 0.059035 0.00194338 0.0458676 0.203582 0.103127 0.0799698 0.0629968 0.00284935 0.0597634 0.0365016 0.131049 

network 0 100
edges0
296 60 296 60 296 169 60 169 103 130 130 60 130 169 74 130 60 296 264 60 74 257 74 130 190 226 99 296 60 130 60 34 296 87 60 71 190 258 169 103 60 296 172 130 257 296 169 189 155 296 130 159 296 34 60 169 172 189 258 34 153 153 74 101 155 244 34 130 34 23 87 257 296 248 99 74 74 232 296 153 292 60 153 99 34 296 296 153 280 94 74 101 232 281 60 232 129 74 60 172 
edges1
60 103 169 169 130 241 99 74 74 226 264 28 257 87 87 87 97 190 190 110 110 23 34 34 34 191 244 244 71 71 295 295 155 258 172 24 24 24 24 189 189 189 243 232 232 232 159 159 159 248 150 220 153 153 153 108 100 95 101 101 167 114 176 176 292 86 76 76 82 82 82 246 126 126 126 281 88 42 280 67 198 94 94 94 171 171 283 129 289 111 111 229 229 229 93 93 52 62 62 254 
weights
0.165706 0.177129 0.119595 -0.122968 -0.0623975 0.0525408 -0.0853509 0.0533304 -0.0942264 -0.0598416 0.08445 0.0926457 -0.11566 0.0747288 -0.160055 0.0648043 0.0930721 -0.133202 0.15389 0.0888117 0.11551 0.122295 -0.0820168 -0.0374508 0.055993 -0.0321274 -0.161462 -0.0790833 -0.139224 0.115582 0.162757 -0.0601249 -0.0930634 -0.142301 0.112312 -0.0807838 0.0430304 -0.0881942 -0.0544022 0.0525958 0.0529258 -0.117645 -0.056046 0.0480023 -0.0591121 -0.081291 0.0834513 -0.165308 0.0490168 0.0379566 -0.0493405 0.065252 -0.148632 0.0574001 -0.10724 0.0774633 0.0814467 0.0847742 0.036893 -0.0666153 0.0579926 -0.100402 0.104244 -0.0736361 0.0690665 0.0885594 0.143522 0.0719303 0.0569651 -0.138602 -0.109482 0.12904 0.0924928 0.142896 -0.0710994 0.063506 0.120707 -0.0340411 0.150417 0.0221212 0.0855472 0.0301947 0.0966179 -0.157552 -0.104935 -0.0999916 0.163787 -0.125534 0.0627534 0.164902 0.0914813 -0.0873856 0.0921405 0.054889 -0.0763745 0.0170978 0.120814 -0.101503 0.0870456 -0.148315 

network 1 100
edges0
50 50 177 177 177 31 163 31 177 177 177 177 163 177 177 177 163 182 163 31 177 175 31 163 245 123 177 9 50 177 31 84 163 90 284 77 177 262 182 31 163 77 284 31 25 77 284 182 177 77 163 284 163 177 262 293 9 31 182 177 90 262 273 237 284 31 31 77 177 221 177 77 163 222 273 25 221 31 221 255 262 175 262 177 19 31 182 273 90 77 16 284 119 284 90 30 284 282 90 177 
edges1
177 31 31 255 163 19 19 33 33 195 25 175 182 182 245 22 90 105 123 84 84 9 9 77 77 77 286 262 262 262 284 284 265 265 92 92 92 293 242 187 200 55 237 237 237 181 166 225 222 222 222 273 273 273 273 273 11 11 282 282 285 285 161 197 16 16 36 221 30 46 46 46 8 227 157 157 147 139 139 49 230 230 168 151 151 207 201 37 37 119 119 261 81 209 10 10 75 240 170 219 
weights
-0.102391 0.0738748 0.109284 -0.0264142 -0.0277653 0.0616521 0.0461829 -0.0905065 -0.0532846 0.0989195 0.0842975 0.126179 0.0603142 0.0863202 -0.0360552 -0.070026 -0.165154 0.0518809 0.0568071 0.110513 0.0751069 0.0560144 0.0721357 0.0467056 -0.0746143 0.0399062 0.0520483 -0.119822 -0.09001 -0.0647544 0.167431 -0.0963471 -0.0691484 0.18077 -0.0709473 0.0393449 0.0417229 -0.16365 -0.0976047 0.17385 0.162319 -0.0192931 -0.0827551 0.0875187 0.0769914 -0.0779395 -0.0625135 -0.0913094 -0.0926345 0.135563 0.0988022 -0.0938414 0.149295 0.124377 -0.0424881 0.0585618 -0.148786 0.0824292 0.231044 -0.122239 -0.0654445 0.18297 -0.159623 0.146843 0.0401089 -0.13952 0.0753559 -0.035527 0.0741469 0.0921037 0.128426 -0.0444783 0.10941 0.0942646 -0.0794906 0.0673116 -0.0388703 0.0372639 0.146855 0.144903 -0.0742735 -0.059597 -0.063995 0.0743231 0.0621048 -0.140544 0.0494244 0.102093 0.0867742 0.1256 0.0304482 0.10407 0.124395 -0.179255 0.0751573 0.114743 -0.0837106 -0.0718093 0.046434 -0.105823 

network 2 100
edges0
218 196 218 218 218 218 218 128 218 128 218 128 218 196 218 196 218 196 218 179 288 196 276 98 196 279 233 98 128 196 98 218 233 196 263 179 180 218 98 6 6 98 196 196 279 218 196 218 5 180 6 179 45 218 109 233 98 218 218 1 218 223 288 6 218 276 140 288 128 196 27 218 98 6 107 109 128 89 288 20 180 140 233 5 288 20 233 128 98 233 218 144 63 276 269 288 276 180 145 98 
edges1
196 263 263 288 128 276 5 5 1 1 113 98 98 98 89 47 179 179 279 279 279 233 233 216 162 162 96 96 277 180 180 180 205 205 6 6 6 6 6 45 238 145 145 271 251 251 133 4 112 269 269 269 109 63 223 223 223 107 27 140 140 48 48 54 54 54 208 249 249 149 149 20 20 20 0 193 193 18 135 270 250 250 158 178 51 144 120 231 124 203 174 14 14 65 65 65 154 141 32 106 
weights
-0.0551829 0.0991954 -0.0436291 0.0584725 0.177268 0.0683767 -0.1561 0.0786247 0.0832763 -0.0848752 0.156869 0.0693291 0.128498 -0.075217 0.0734369 0.0570347 0.0996231 0.080129 0.107406 0.0408119 0.0223449 -0.162487 0.0787092 0.099833 0.0913906 -0.0260855 0.126991 -0.0992152 0.100122 0.0698407 -0.0452959 -0.0978048 0.064646 0.0679317 0.0807753 0.0341612 0.0276483 0.114544 -0.137623 0.102326 -0.0773769 0.0677689 0.214296 0.0867803 -0.124278 -0.104851 0.102176 0.043857 0.139478 0.0680917 -0.10653 0.131629 -0.051518 -0.115147 -0.0503371 -0.0387517 -0.077329 -0.0789671 -0.0789671 -0.158361 -0.0667592 0.127485 0.0420628 -0.0595774 -0.0604126 -0.0465945 0.11951 -0.0697586 -0.0319951 -0.145697 0.0460587 0.0478915 0.05649 -0.0804295 0.033606 -0.1656 -0.124543 0.0621529 -0.0721363 0.0352322 0.127601 0.0969106 0.142206 0.111775 -0.0768022 -0.13834 0.0992265 0.0709483 0.09737 0.0797905 -0.116204 0.176058 0.146917 -0.12862 -0.0984482 0.0664733 0.179902 -0.137097 -0.0900297 -0.126215 
