Parameters used to generate the architecture:
rdynamics 1
capacity 1
replenish 2375
inflow 400
outflow 100
hsymmetry 1
ecosel 4
dispersal 0.01
birth 1
survival 0.8
sexsel 10
matingcost 0.01
demesizes 100 0 
nvertices 100 100 100 
nedges 100 100 100 
nchrom 3
mutation 0.001
recombination 3
allfreq 0.2
scaleA 1 1 1 
scaleD 0 0 0 
scaleI 0 0 0 
scaleE 0 0 0 
skews 1 1 1 
effectshape 5
effectscale 1
interactionshape 5
interactionscale 1
dominancevar 1
tburnin 1000
tend 20000
tsave 100
tfreeze 20001
talkative 0
record 1
datsave 1
choosewhattosave 1
gensave 0
archsave 1
archload 0
parsave 1
archfile architecture.txt
parfile paramlog.txt
orderfile whattosave.txt
seed 1588752404210440338
ntrials 1000

Architecture:
chromosomes
0.333333 0.666667 1 
traits
0 0 0 0 0 1 0 1 2 1 1 2 2 2 2 2 1 2 0 0 0 2 2 1 2 2 0 1 2 2 1 0 0 1 0 1 0 1 2 2 1 1 0 1 0 1 2 2 1 1 1 0 1 2 0 1 2 1 0 2 2 2 0 1 0 2 1 0 0 0 2 2 0 2 0 0 1 0 0 0 1 1 0 1 0 1 2 0 1 2 2 1 2 1 2 0 1 2 2 1 1 1 2 1 2 2 0 0 1 0 1 0 2 0 2 0 0 1 0 2 2 0 1 2 1 2 0 1 0 0 0 2 2 2 1 2 0 1 0 1 0 1 1 0 1 1 1 1 2 1 1 2 1 2 2 2 0 1 0 0 1 1 1 2 0 0 0 1 1 2 0 2 0 0 1 0 2 1 1 1 0 1 2 0 2 2 2 0 2 0 1 1 0 1 1 2 0 1 2 0 0 2 1 0 1 2 0 0 2 2 1 1 2 2 2 1 1 0 2 0 2 1 1 1 2 1 0 0 1 1 1 0 0 2 1 1 0 2 0 1 0 2 2 0 1 2 2 2 0 1 1 0 0 2 2 1 2 2 2 1 1 1 0 2 2 0 1 0 2 0 1 2 0 2 2 0 0 2 1 0 2 0 2 0 1 1 0 0 0 2 2 2 0 2 1 0 2 2 1 2 
locations
5.80581e-05 0.0107705 0.0175417 0.0209203 0.031954 0.0334922 0.0369905 0.0459087 0.047944 0.0479598 0.0515155 0.0519223 0.0524261 0.0571932 0.0589774 0.0653965 0.0659637 0.0694229 0.0704904 0.0726032 0.0782141 0.0804456 0.0862711 0.089062 0.0910431 0.0918788 0.0920053 0.0966428 0.0970895 0.0980978 0.0988052 0.100934 0.1033 0.109351 0.110516 0.110812 0.113684 0.119449 0.120032 0.124951 0.130051 0.130365 0.130645 0.133395 0.133721 0.134104 0.137735 0.148934 0.149219 0.154332 0.16439 0.165944 0.167709 0.168257 0.174446 0.176251 0.177504 0.183304 0.184609 0.18621 0.19166 0.211676 0.214513 0.221077 0.229484 0.230087 0.232165 0.249115 0.251939 0.253136 0.253895 0.25409 0.255531 0.258287 0.258714 0.259328 0.263622 0.26423 0.267136 0.267171 0.271277 0.271482 0.273544 0.275722 0.276377 0.286831 0.295197 0.310296 0.313897 0.318187 0.318333 0.322808 0.324119 0.326553 0.330341 0.335173 0.335645 0.337942 0.339586 0.340987 0.348894 0.349156 0.349353 0.354088 0.355348 0.37058 0.384208 0.385206 0.387702 0.38772 0.388536 0.395705 0.395772 0.396928 0.398019 0.401009 0.40685 0.41737 0.422404 0.422978 0.423055 0.423252 0.425535 0.429976 0.435584 0.436065 0.438366 0.438423 0.440734 0.440992 0.443563 0.444487 0.445184 0.446587 0.44814 0.450925 0.456927 0.463002 0.464484 0.465419 0.467113 0.468168 0.468545 0.468743 0.47211 0.479578 0.484952 0.484979 0.487281 0.490621 0.49276 0.492983 0.495012 0.502601 0.503297 0.510001 0.515746 0.516824 0.523621 0.524647 0.539922 0.540403 0.545502 0.547441 0.550063 0.554213 0.562398 0.567103 0.568809 0.57249 0.583281 0.583683 0.584197 0.586135 0.586318 0.589899 0.593999 0.594479 0.597543 0.608584 0.609081 0.611078 0.612407 0.61254 0.61347 0.614816 0.617182 0.617597 0.618956 0.619902 0.628636 0.628726 0.643634 0.652698 0.653089 0.654974 0.658714 0.674031 0.680472 0.68082 0.682072 0.685271 0.68868 0.688725 0.689554 0.691158 0.69406 0.71396 0.715784 0.716126 0.716235 0.717382 0.721698 0.722989 0.723547 0.723832 0.724957 0.733555 0.73417 0.736475 0.740154 0.741322 0.741546 0.743245 0.745979 0.748424 0.748479 0.750332 0.753913 0.767275 0.768888 0.772496 0.776188 0.77639 0.780982 0.785053 0.787063 0.787717 0.789027 0.78923 0.792069 0.792616 0.804581 0.804997 0.805062 0.812189 0.820014 0.821526 0.825872 0.826022 0.826216 0.826804 0.827831 0.827917 0.831945 0.83265 0.833782 0.834346 0.834459 0.837543 0.850828 0.851495 0.853489 0.860624 0.861863 0.862105 0.863919 0.864137 0.86426 0.869471 0.872409 0.87859 0.8799 0.892386 0.906174 0.909101 0.909131 0.910365 0.913638 0.917434 0.921371 0.922463 0.928909 0.931517 0.941936 0.942102 0.943238 0.945416 0.947253 0.948904 0.959922 0.963334 0.966219 0.966936 0.967619 0.985476 0.988025 0.992336 0.996053 0.998696 
effects
0.0556221 -0.134426 0.0370799 -0.120132 -0.112049 -0.0612593 -0.047977 -0.0661274 0.0977508 -0.141296 -0.128871 -0.06422 -0.0859909 0.107801 -0.128127 -0.115026 0.0818353 0.166251 0.0932002 -0.0654071 0.126473 -0.0680291 -0.0445902 -0.0726674 0.046 0.082366 -0.0622233 0.0704964 -0.104905 0.0673029 -0.125059 0.0155968 -0.0836926 -0.0591121 0.0398561 -0.0314139 0.0891447 0.16437 0.0846103 0.0536876 -0.0514561 -0.105637 0.0978593 0.116147 0.163506 0.0545418 -0.0458255 0.130533 -0.0486313 0.176102 -0.0736966 0.0540699 -0.0642211 -0.11751 -0.0417223 -0.0310779 -0.117804 0.119226 -0.103487 -0.204375 0.0544458 0.0893772 0.0880582 -0.130394 -0.0492175 -0.0892532 -0.022976 0.0974148 0.156697 0.192573 0.0681652 -0.0546733 0.0338518 -0.0847732 0.160981 0.114429 -0.136921 0.0680626 -0.0636858 0.0214966 -0.0932148 0.0992337 0.0635177 -0.157924 0.0974119 0.0650566 -0.0735067 -0.075055 -0.0813292 0.0371421 -0.126962 0.178307 0.0559677 -0.0556846 0.202167 0.07381 0.13105 -0.147175 -0.0917341 -0.113174 -0.104875 0.116547 -0.0531897 -0.0404472 0.0464659 0.105071 -0.0864243 0.122129 -0.0654032 -0.0757539 -0.0857004 -0.13207 -0.0617352 -0.0597598 0.0985565 0.135443 -0.0763103 0.075852 -0.0681142 -0.0632458 0.0943398 -0.0713035 0.0368577 0.0517556 0.070014 0.0527997 0.135002 -0.102967 -0.0836772 0.0627839 0.0879699 -0.0965447 0.0754187 -0.0624236 0.068748 0.0739534 -0.0526568 0.0802224 -0.110619 -0.0699572 0.0856357 -0.0852713 0.0760947 -0.157189 0.048422 0.0397702 0.0505859 -0.0920225 0.0675908 0.107154 0.147733 -0.14224 0.0739465 -0.119086 -0.0622221 -0.0880117 -0.156324 -0.0615264 -0.118323 0.0591254 0.119587 0.183904 0.136115 0.133489 -0.135595 -0.0971127 0.0550297 0.145243 0.0400261 0.103702 0.114222 0.0779387 -0.0354637 -0.091406 0.105675 0.092705 0.077539 -0.0864617 0.0894921 -0.0554454 -0.0804541 0.0642549 0.0876278 0.118746 -0.124799 0.169936 -0.0655098 0.113145 0.0510129 -0.0356012 0.116342 0.0791025 0.103569 0.0711302 -0.0556626 -0.11552 -0.131308 -0.180156 -0.0702261 -0.131759 -0.072599 0.184597 0.0905384 0.107373 0.129502 0.166277 -0.0922212 0.0144119 -0.0637191 -0.128474 -0.101383 0.0458704 0.102644 0.114001 0.147709 0.0805046 -0.029997 -0.0844021 -0.213093 0.0818351 0.0246317 0.0588967 -0.119562 0.132745 0.0398909 0.0756382 -0.0576822 0.0296862 0.122534 0.0295455 -0.0574554 -0.0905368 0.0893786 -0.073698 0.108866 -0.0393201 0.0757155 -0.128937 -0.0387111 -0.0106282 0.104721 0.0938512 0.108126 0.273777 0.0773177 -0.0529338 0.053377 -0.0930331 -0.0859984 -0.12695 0.0423342 -0.235527 -0.0951604 0.0579904 0.0462439 0.0995627 -0.0588902 -0.0986966 -0.106183 -0.047666 0.111878 0.132424 -0.114253 -0.0593265 0.1098 0.0639715 0.0551058 -0.104584 0.0898493 -0.0879961 -0.0977239 -0.0826125 -0.0960986 -0.0747996 0.0531962 0.0624499 0.105672 -0.0832854 0.0795971 0.124026 -0.0888356 0.126072 -0.0354433 -0.103547 -0.143106 0.260974 0.0350155 0.0348741 0.0702867 0.106196 0.0986049 0.14665 -0.0343984 0.127265 0.0531351 0.0719174 -0.114674 -0.113858 -0.147188 -0.0828219 
dominances
0.0525308 0.0387311 0.106851 0.0987875 0.142064 0.172038 0.038598 0.027078 0.0136532 0.12505 0.0103968 0.106644 0.0349332 0.00650139 0.02855 0.0325918 0.142599 0.0704266 0.045534 0.0616445 0.0458913 0.0207958 0.0843966 0.0258922 0.110938 0.0235072 0.108243 0.0816984 0.0747189 0.0101427 0.208809 0.150774 0.000780769 0.00870468 0.0810803 0.0307821 0.0175885 0.0244007 0.00173268 0.155169 0.124877 0.139743 0.172388 0.0709071 0.0414409 0.147194 0.0369123 0.201817 0.131047 0.0291115 0.0167476 0.019852 0.132811 0.0577089 0.00331599 0.0147167 0.101882 0.0282167 0.00109053 0.0376237 0.0767477 0.283533 0.0357939 0.0141277 0.202809 0.0728891 0.055978 0.176458 0.0302375 0.0171361 0.114173 0.0425084 0.0678697 0.107826 0.0664868 0.11237 0.0107202 0.00166342 0.0390732 0.00838342 0.0270394 0.0527034 0.00826888 0.0282032 0.0198983 0.155551 0.0822442 0.0595193 0.241834 0.0724036 0.0486845 0.0981254 0.250212 0.0491051 0.137402 0.0462153 0.0811993 0.0205154 0.123182 0.0367238 0.310751 0.0884028 0.0296874 0.206119 0.117199 0.101144 0.155998 0.0623057 0.0453606 0.115151 0.0751701 0.119673 0.147171 0.155467 0.0963172 0.170938 0.0587798 0.0767343 0.0742394 0.157365 0.049688 0.0055319 0.0603092 0.0485003 0.198706 0.11785 0.0539719 0.00299648 0.0455741 0.212641 0.0435939 0.0391213 0.133115 0.0258938 0.0105311 0.0156987 0.00412769 0.0371573 0.0589079 0.0842049 0.071209 0.00577406 0.060712 0.0309742 0.0186995 0.126784 0.0034357 0.0122645 0.0907336 0.134212 0.0149644 0.115855 0.0707771 0.00320789 0.0411996 0.100229 0.041334 0.111591 0.0778235 0.0220545 0.0768537 0.0312421 0.00363582 0.0315212 0.173397 0.184402 0.148411 0.0425564 0.0381961 0.0832104 0.0494087 0.127836 0.00482825 0.114986 0.0177321 0.146738 0.136836 0.117944 0.177815 0.0752774 0.0322413 0.0141288 0.0609357 0.151159 0.0706984 0.15835 0.0261124 0.118894 0.135686 0.0172141 0.16638 0.167552 0.180299 0.0886656 0.0183825 0.0316187 0.0145352 0.0892554 0.0725062 0.236492 0.0371947 0.052387 0.0667446 0.0273569 0.0784899 0.0110548 0.0685214 0.199895 0.0560044 0.17342 0.157343 0.115754 0.0264298 0.0637339 0.0873543 0.0344826 0.0496791 0.0444884 0.0385607 0.0601756 0.100049 0.0190479 0.0569371 0.16463 0.0290875 0.150285 0.176119 0.0859091 0.0516478 0.00534513 0.00297953 0.0365453 0.0135457 0.0219067 0.108474 0.0164369 0.075515 0.145084 0.0390184 0.104123 0.17391 0.112457 0.04558 0.089626 0.073862 0.050926 0.00375856 0.196727 0.075696 0.0330034 0.158164 0.00646878 0.0649101 0.0114309 0.00888806 0.049795 0.00313224 0.0361704 0.0384959 0.0871499 0.132421 0.00749503 0.0274926 0.094304 0.152856 0.0314636 0.128901 0.0867231 0.16966 0.0312852 0.0885397 0.00444992 0.133587 0.1143 0.106603 0.0572158 0.106102 0.0467144 0.0642768 0.00496565 0.250546 0.0294491 0.0089122 0.0511717 0.0921195 0.141501 0.00922208 0.309711 0.197495 0.0427597 0.212044 0.172677 0.016351 0.00316533 0.110077 0.00625072 0.0917644 0.0977056 0.100606 0.044425 

network 0 100
edges0
126 130 126 180 262 189 262 130 126 2 189 180 130 130 262 189 231 72 189 189 262 72 189 130 4 231 231 95 19 262 95 4 189 227 51 72 262 4 189 19 130 189 126 189 231 130 203 227 130 180 231 106 227 74 231 203 189 175 4 207 62 77 227 189 4 180 227 64 227 42 203 2 227 227 189 118 62 189 172 227 262 19 18 84 143 118 4 118 140 158 203 44 180 226 203 51 238 2 109 199 
edges1
130 180 180 262 189 84 84 158 2 231 231 227 115 4 4 77 72 295 51 95 170 140 140 140 200 200 19 19 67 269 64 64 62 62 62 226 106 109 286 74 172 172 172 203 203 203 143 143 238 238 138 175 175 175 207 118 288 281 281 243 31 44 44 18 18 34 42 42 121 121 121 199 236 26 232 78 196 183 183 183 156 113 113 267 107 107 128 128 128 166 292 287 287 251 251 68 3 3 252 252 
weights
0.120404 0.0678794 0.111532 -0.121069 -0.072223 -0.0609431 -0.0728367 0.110283 -0.0680179 0.049634 -0.106007 -0.141775 0.112341 0.0402987 0.148535 -0.0943371 -0.145509 0.0534706 0.0561704 0.0690304 0.0947794 -0.0651108 -0.0926755 0.0590609 0.0870612 -0.0311225 0.148784 -0.104634 0.0837776 -0.232203 -0.0733236 0.0642005 -0.0311598 0.094007 -0.120538 -0.059235 -0.121545 0.0232404 -0.0442474 -0.0990685 0.136036 0.0796562 0.0666075 0.136199 0.104847 -0.0649964 -0.0885189 -0.0708389 -0.0940214 0.180636 -0.0466502 -0.07959 -0.0396556 -0.0842026 0.0905823 0.0328447 -0.179546 -0.103449 0.178294 0.0964433 0.135979 -0.153153 0.0398143 -0.0742232 0.0957275 0.186144 0.102164 -0.0814769 -0.0960969 -0.0468122 0.0861013 0.0690538 -0.0680584 -0.0977766 0.110745 0.116453 0.0710841 0.0797398 -0.08363 0.0391209 -0.0637622 0.153806 0.0669991 -0.108394 -0.0622369 0.132294 -0.123243 -0.0657489 0.0785306 0.0374744 0.151685 -0.157871 -0.113939 -0.0493341 0.0797258 0.0665082 -0.117262 -0.0517333 -0.0977965 0.0749823 

network 1 100
edges0
230 230 127 127 127 230 10 260 127 10 193 260 40 127 294 260 202 127 127 230 229 127 294 162 193 193 193 117 244 10 193 193 250 117 193 127 162 294 41 127 193 193 117 10 260 127 230 193 230 127 162 260 41 193 210 139 260 230 193 210 10 250 181 127 162 260 41 127 181 193 45 35 193 228 16 193 260 210 193 40 162 16 10 122 122 294 127 139 193 228 147 10 181 16 202 197 162 260 117 228 
edges1
127 10 10 260 193 193 193 193 93 294 40 222 134 202 52 52 229 162 117 117 50 228 235 41 41 244 55 221 221 250 250 284 139 45 194 194 137 137 137 181 35 122 122 210 210 179 266 266 285 285 16 16 16 216 167 146 146 168 168 168 168 103 103 225 174 211 211 147 147 147 147 147 270 270 91 141 100 101 204 152 152 110 278 259 197 197 160 149 124 66 66 37 37 249 249 83 7 7 33 33 
weights
0.0196756 0.210238 -0.156549 -0.123159 -0.103534 -0.251636 -0.0337365 0.0791508 0.144322 -0.10714 0.102434 -0.139154 0.109965 0.101936 0.113019 -0.0873873 -0.0352469 -0.0818257 0.107988 -0.067722 0.0888355 0.125735 0.0942624 0.0481332 -0.0873134 -0.118884 -0.0538774 -0.0926492 0.0694883 0.0737752 -0.0366722 0.0762617 -0.0687133 -0.0868586 0.13186 -0.0870195 -0.0373202 -0.0613228 -0.0788306 0.0545416 -0.125048 -0.0649748 -0.0903782 -0.0634981 -0.115362 0.0787532 -0.0899499 0.0786567 -0.0515924 0.110393 -0.0717684 0.114387 -0.1343 -0.0748331 -0.162685 0.124593 0.0779611 0.0743379 0.0531283 0.134699 0.0526902 0.0544832 0.0540674 -0.0784882 0.132048 -0.0352592 0.0623068 0.104052 0.0500344 0.081965 0.0416644 -0.058469 0.0618221 -0.0697104 0.048881 -0.0662011 -0.0883296 -0.0446177 0.112445 -0.139937 0.034366 0.0807284 0.0867386 0.072139 -0.0899503 -0.147559 0.152013 -0.0358898 -0.0805104 -0.127653 0.184071 -0.14819 0.0705821 0.0508671 -0.0906875 0.0561337 -0.236893 -0.0952386 0.096669 0.0626591 

network 2 100
edges0
89 89 218 153 218 153 218 17 17 218 17 153 17 182 153 195 24 213 218 213 17 263 15 102 15 153 218 132 132 195 132 186 213 263 195 263 233 218 254 233 182 153 17 154 132 17 254 195 38 17 15 209 213 254 17 154 132 218 92 17 214 17 38 254 254 132 17 38 214 59 38 17 59 220 17 112 263 263 123 17 24 153 17 102 17 38 94 38 132 135 135 154 293 246 263 17 186 132 59 11 
edges1
218 153 153 17 17 182 182 208 213 195 24 24 263 263 263 102 15 224 299 169 132 132 132 132 154 154 92 233 186 254 254 254 254 209 297 135 184 73 264 123 38 38 38 38 60 47 47 214 214 257 257 11 8 94 59 59 59 59 59 104 273 273 112 112 56 220 65 271 289 14 14 277 98 98 98 98 105 90 86 86 86 246 71 71 245 245 237 237 247 163 151 293 296 296 131 176 176 198 198 280 
weights
-0.0465586 -0.0345503 -0.131625 0.107136 -0.0838403 0.106859 -0.202135 0.0699213 0.0633211 0.0338564 0.108585 0.0860525 0.0815875 -0.0793333 -0.0429061 0.126941 -0.134695 0.088506 0.0443093 -0.21565 0.0926329 -0.037246 -0.0774402 -0.0707957 -0.0507192 0.0403219 0.139262 -0.0550137 0.168066 0.11681 0.0428415 0.102715 -0.134717 0.060949 0.0883956 -0.112545 0.0752499 -0.052148 -0.17599 -0.0655273 -0.0351365 -0.0989038 -0.131689 -0.10806 0.0587461 0.103221 0.119176 -0.113997 0.0609371 -0.0609723 -0.0699252 -0.232283 0.163088 0.0343123 0.0309879 -0.135574 -0.0325987 0.0973981 0.108722 0.131614 -0.0740853 -0.105477 -0.104297 -0.122466 -0.0584228 -0.079848 -0.109863 0.0844803 -0.0498788 -0.0784062 -0.103691 -0.126848 -0.138642 0.0815009 -0.131805 0.10313 0.0892113 -0.138718 -0.176292 -0.0571017 0.0697545 -0.117748 0.0903023 -0.0428592 -0.0323568 -0.1079 0.111707 -0.116895 -0.082458 -0.0705158 0.0467656 0.0390341 0.0677095 -0.034254 -0.0824302 0.0644762 0.042807 -0.103369 0.0725174 0.108412 
