Parameters used to generate the architecture:
rdynamics 1
capacity 1
replenish 2375
inflow 400
outflow 100
hsymmetry 0
ecosel 1
dispersal 0.01
birth 1
survival 0.8
sexsel 10
matingcost 0.01
demesizes 100 0 
nvertices 100 100 100 
nedges 1000 1000 1000 
nchrom 3
mutation 0.0001
recombination 3
allfreq 0.2
scaleA 0.5 0.5 0.5 
scaleD 0 0 0 
scaleI 0.5 0.5 0.5 
scaleE 0 0 0 
skews 1 1 1 
effectshape 5
effectscale 1
interactionshape 1
interactionscale 1
dominancevar 1
tburnin 1000
tend 2000
tsave 100
tfreeze 20001
talkative 1
record 1
datsave 1
choosewhattosave 1
gensave 0
archsave 1
archload 0
parsave 1
archfile architecture.txt
parfile paramlog.txt
orderfile whattosave.txt
logfile log.txt
seed 1591704942624427170
ntrials 1000

Architecture:
chromosomes
0.333333 0.666667 1 
traits
0 1 0 0 1 0 1 0 0 2 2 2 0 1 2 2 2 1 2 1 1 0 0 1 2 1 0 2 2 2 0 2 0 2 1 0 1 2 0 1 1 1 0 0 2 1 0 0 1 1 0 2 2 0 2 0 1 0 1 1 2 0 1 1 1 0 1 0 0 1 0 0 0 2 2 1 2 1 1 1 0 0 2 2 0 1 2 1 1 0 2 0 1 0 2 1 1 2 2 2 1 0 2 0 2 1 0 2 2 2 0 0 2 2 1 1 0 0 1 1 1 2 1 1 0 0 0 0 0 0 2 2 1 2 0 2 1 0 0 1 1 1 1 0 0 2 2 1 2 0 1 1 1 1 0 2 2 2 1 0 0 0 2 1 2 2 1 0 0 1 1 1 1 2 1 2 1 0 2 2 0 1 1 0 2 2 2 1 0 1 1 1 1 0 1 0 2 1 0 2 0 2 2 1 0 2 2 2 2 2 2 1 0 2 0 1 2 1 1 1 0 0 0 1 1 0 0 0 1 0 1 0 0 0 0 1 1 1 1 0 0 2 1 2 2 1 0 0 2 1 0 2 0 2 1 2 0 0 2 0 2 0 2 2 2 2 2 0 2 2 2 0 1 0 2 1 1 0 2 1 1 0 2 2 2 2 1 2 2 2 1 2 0 1 2 0 1 2 0 2 
locations
0.00309339 0.00339019 0.00403862 0.00621613 0.00757651 0.00866554 0.00968426 0.0120702 0.0158929 0.0233201 0.0246338 0.0264418 0.0289772 0.0318535 0.0394605 0.0428011 0.0529903 0.0532732 0.0581391 0.05898 0.0616181 0.0660282 0.0707684 0.0787218 0.0805931 0.080681 0.0844932 0.0849289 0.0878186 0.0978916 0.10671 0.107225 0.109901 0.110379 0.118047 0.121779 0.123803 0.124298 0.128199 0.129719 0.140864 0.143322 0.152537 0.152583 0.162002 0.164052 0.166241 0.169159 0.170073 0.174672 0.176423 0.185412 0.188243 0.189247 0.190587 0.192171 0.194341 0.200516 0.200813 0.200814 0.208528 0.213807 0.214863 0.21651 0.218457 0.219575 0.221985 0.223271 0.223347 0.22405 0.224928 0.225601 0.22758 0.233262 0.239215 0.243829 0.246708 0.247037 0.247826 0.25237 0.254591 0.257904 0.263645 0.266456 0.275635 0.277848 0.278729 0.280584 0.284862 0.293888 0.295531 0.296845 0.298737 0.303853 0.30664 0.30796 0.311308 0.312127 0.317442 0.324015 0.32891 0.329205 0.333767 0.334644 0.336776 0.345036 0.349786 0.357036 0.366233 0.375325 0.375962 0.380219 0.382249 0.383429 0.385318 0.387256 0.387777 0.393609 0.394207 0.397173 0.399761 0.39988 0.401623 0.403378 0.409749 0.409895 0.426229 0.426858 0.428758 0.439023 0.444084 0.44946 0.449498 0.451558 0.453262 0.457012 0.468594 0.472165 0.478243 0.478588 0.478834 0.483148 0.484041 0.484761 0.490566 0.497145 0.497616 0.498165 0.498463 0.499595 0.499703 0.501084 0.502262 0.509181 0.511688 0.512123 0.515881 0.521546 0.52317 0.525113 0.526826 0.529783 0.532947 0.534264 0.53462 0.536092 0.537711 0.545129 0.546279 0.552359 0.554424 0.555391 0.555487 0.555764 0.560176 0.561585 0.562624 0.567338 0.567387 0.572526 0.576639 0.576803 0.577353 0.577678 0.582047 0.589258 0.591792 0.59914 0.602958 0.610193 0.611833 0.614962 0.623258 0.624131 0.633614 0.633865 0.641837 0.643653 0.647348 0.658772 0.6613 0.662566 0.664329 0.6674 0.668082 0.679603 0.681607 0.682695 0.685138 0.693486 0.694514 0.695356 0.699376 0.700066 0.710178 0.710828 0.715439 0.717492 0.718348 0.729377 0.731706 0.738315 0.746757 0.749997 0.752955 0.75743 0.764332 0.765937 0.769483 0.770985 0.771519 0.77753 0.778113 0.779366 0.77955 0.780811 0.784058 0.788494 0.788953 0.790847 0.795765 0.797543 0.801248 0.805789 0.809793 0.817809 0.821144 0.821424 0.823228 0.82837 0.828986 0.836088 0.84385 0.848604 0.856761 0.858336 0.858748 0.867756 0.873497 0.874797 0.879709 0.890038 0.891 0.892105 0.892334 0.89334 0.897288 0.906085 0.90755 0.920317 0.925273 0.926054 0.928329 0.936723 0.9374 0.941215 0.942316 0.942709 0.944333 0.945867 0.947314 0.955644 0.955881 0.95858 0.960317 0.96136 0.961833 0.964463 0.964895 0.965893 0.970727 0.97231 0.979559 0.982186 0.988196 0.990147 0.996748 0.998233 0.998253 0.999437 
effects
-0.0792902 0.103135 0.0939569 -0.063223 -0.0933069 0.0702776 0.0777763 -0.107355 -0.0733935 -0.0219401 -0.0975112 0.123223 -0.101658 0.107291 0.168805 -0.10765 -0.0972093 0.0648604 -0.181686 -0.116152 0.176787 -0.169385 0.0818634 0.0660633 -0.0530653 0.0816673 -0.0978923 -0.0801295 -0.103915 -0.127485 -0.0698784 0.0890377 -0.124893 0.120105 -0.0370565 -0.0850164 -0.141016 -0.0418327 -0.132309 0.040701 0.0789334 -0.124495 0.0726923 -0.124986 0.135629 -0.0590977 -0.16704 -0.0633885 0.0478143 -0.0749805 -0.162768 -0.0762459 -0.15664 0.0987519 -0.107333 0.0853972 0.0339429 0.0353636 -0.122373 0.0541689 0.0472477 -0.0947847 0.10903 -0.10451 0.0355896 0.0755079 0.0487786 -0.167408 0.0545331 0.130126 0.0940653 -0.187545 -0.097598 -0.075971 0.0805607 0.0836749 -0.193428 0.123301 -0.0726646 0.0523699 0.0829229 -0.0541624 0.0727259 0.0764076 -0.138172 0.218357 -0.13615 0.0767751 0.0779426 -0.0734255 0.133175 -0.129637 -0.103108 -0.086417 -0.116163 0.112902 0.103627 -0.0973926 0.0497775 -0.131358 -0.0496117 0.106938 0.119304 -0.0996892 0.0552375 0.120348 0.100074 0.0570984 -0.0987357 0.0444642 -0.0751546 -0.0276803 -0.0863148 0.098732 0.199643 -0.124694 0.0507053 -0.0434733 0.101608 -0.137912 0.11381 -0.158245 0.0972947 -0.0787117 0.110029 0.0994222 0.0781686 -0.0466243 -0.174931 0.102281 -0.0720922 -0.0674234 -0.105423 0.0848139 -0.0359333 -0.0503997 0.125557 -0.107273 0.114543 -0.0423348 -0.0895191 -0.0552416 -0.121553 0.0680707 0.0702697 0.148225 0.0932745 0.0661081 -0.13073 0.06942 0.0647057 -0.0948255 -0.12679 -0.0829579 -0.0321542 0.0397607 -0.117561 0.0571802 -0.142322 -0.0143224 -0.0825895 0.088756 0.0466415 -0.133906 -0.042705 -0.163842 0.106833 0.0716912 0.0784701 0.0438828 -0.0783018 -0.0946217 -0.0649587 0.0801545 -0.0714733 -0.0904218 -0.0639845 0.0740913 -0.126694 0.0476176 0.0346685 -0.0621761 0.151084 -0.0431961 0.0861809 -0.0639416 0.0813847 0.161109 -0.11741 -0.0551321 -0.105755 0.0907989 -0.164262 -0.0588442 -0.0977751 0.0804424 -0.0690602 -0.115939 -0.197044 0.0890895 0.0622212 -0.143815 0.207652 -0.20664 0.165169 -0.0256132 0.165637 -0.0180051 -0.068819 -0.0984643 0.0689743 0.0339596 0.14932 -0.0390918 -0.111985 0.118921 0.0413437 0.125947 0.109185 -0.112946 0.11885 0.0569783 -0.0802599 -0.0779299 0.0754212 0.0675608 0.0998559 0.0550583 0.130755 -0.128286 0.046567 0.00937952 0.0908989 -0.100177 -0.0737032 0.0537124 -0.0246898 -0.0601642 -0.0782188 0.10176 -0.133239 0.103929 0.0374891 0.0501418 -0.0584078 -0.0868849 0.135684 -0.0872994 0.0691564 0.134153 0.0792685 0.0601037 0.141802 -0.0648697 -0.0389778 -0.0929163 0.0958887 -0.0558594 -0.102232 0.101042 0.0896117 0.0858425 0.0631436 0.0857421 -0.148559 -0.0955221 0.12842 0.109966 0.0748366 0.0575953 -0.124359 -0.111038 0.0730301 0.0740883 0.118211 0.0646472 -0.0443573 0.133978 0.087544 0.0894245 -0.0863586 -0.0893963 -0.107588 -0.0517686 -0.082693 0.135335 -0.0503257 0.0777886 -0.117195 0.151254 -0.144944 0.0608802 0.148425 -0.0566867 0.0573034 -0.0891897 -0.0721593 0.0799099 0.0833347 0.0547482 
dominances
0.0245109 0.0223395 0.0239801 0.0168029 0.14305 0.00694846 0.0379459 0.0900375 0.10533 0.0369735 0.0958675 0.084505 0.127292 0.00979323 0.174716 0.153318 0.18507 0.0505278 0.0199678 0.126254 0.151608 0.0974556 0.156992 0.00518644 0.0792966 0.161534 0.0743551 0.0183017 0.168136 0.109982 0.163625 0.0563894 0.159221 0.00119915 0.104326 0.0392424 0.0554248 0.0832444 0.127808 0.0713317 0.0670565 0.0716929 0.0153433 0.00719155 0.0102741 0.0195518 0.0652443 0.00139933 0.120131 0.1632 0.101709 0.0341088 0.175379 0.151527 0.0837872 0.0779513 0.141792 0.380251 0.0603489 0.118626 0.0500577 0.0733441 0.183737 0.046607 0.0533859 0.00035585 0.0813329 0.0838501 0.0368482 0.00259748 0.106416 0.094779 0.180154 0.0403075 0.0567505 0.0642994 0.16623 0.0772227 0.218042 0.065906 0.104834 0.0613453 0.157219 0.0791074 0.0980837 0.113114 0.0412075 0.0314852 0.0546881 0.0337595 0.0834962 0.15809 0.0753394 0.04575 0.263444 0.0376537 0.112659 0.0739803 0.0754395 0.00220382 0.0560253 0.0313676 0.0371421 0.0558609 0.0558417 0.139952 0.0440082 0.138078 0.00946362 0.045298 0.106066 0.0232555 0.0525233 0.0254213 0.031297 0.099596 0.170751 0.038892 0.078944 0.21462 0.0961816 0.0641408 0.131382 0.0402594 0.0218787 0.113794 0.0381431 0.127912 0.00441642 0.070688 0.0796491 0.16924 0.0163334 0.0137347 0.0319563 0.0325371 0.101643 0.0662471 0.0646497 0.0535979 0.0457974 0.164578 0.0566189 0.00520621 0.155932 0.000857167 0.194899 0.0359543 0.0637908 0.160627 0.046078 0.0274342 0.0306152 0.0076972 0.0428745 0.129685 0.129792 0.0620839 0.0498393 0.0502794 0.11146 0.0941213 0.0404564 0.105575 0.0908833 0.0742765 0.00990653 0.0967527 0.163009 0.064113 0.0438158 0.0968143 0.0233009 0.0172271 0.0805226 0.0600065 0.0401524 0.146316 0.185037 0.00960841 0.0698329 0.210934 0.0112472 0.0328185 0.0815196 0.0650046 0.107169 0.162211 0.0650825 0.0757646 0.00704949 0.064168 0.0215119 0.014224 0.14183 0.104497 0.141294 0.134794 0.0823175 0.193123 0.0866907 0.117029 0.0352365 0.0438692 0.0557705 0.0322845 0.0373053 0.101198 0.0307586 0.0938298 0.0719452 0.170523 0.0548674 0.00868358 0.0122351 0.116244 0.132793 0.00303061 0.0607914 0.169944 0.159321 0.00638911 0.100829 0.00884365 0.0140986 0.0303105 0.177484 0.00658864 0.0276625 0.00437271 0.1202 0.0244491 0.144565 0.18022 0.0699105 0.0407072 0.0118009 0.092328 0.108768 0.17663 0.0170147 0.240363 0.107465 0.04184 0.0164968 0.257278 0.0924684 0.162598 0.115798 0.0566065 0.0128476 0.00638002 0.160443 0.12386 0.00344534 0.0248223 0.0925245 0.0261149 0.058848 0.0637134 0.00963119 0.0315772 0.0778298 0.00124667 0.157834 0.189959 0.123999 0.0130667 0.128107 0.0695537 0.0673791 0.0252533 0.109825 0.00246378 0.0836611 0.0136263 0.0683793 0.12966 0.0152234 0.0767875 0.181239 0.0908562 0.0704704 0.0824961 0.087545 0.107428 0.122608 0.0778973 0.00871861 0.0933845 0.203644 0.0487052 0.105719 0.0222207 0.0855445 0.0686153 0.16495 0.0503444 0.032067 0.182913 

network 0 1000
edges0
61 61 246 246 160 61 61 229 246 160 61 246 229 117 160 117 229 126 160 61 246 160 246 117 47 61 229 126 134 246 47 160 229 126 61 117 134 229 246 61 47 257 160 126 117 257 134 61 160 229 246 144 126 117 47 257 226 117 160 246 134 126 229 144 47 126 240 61 134 229 117 160 246 257 144 47 134 226 246 61 117 47 160 144 38 47 117 144 257 61 160 38 226 246 252 126 61 160 257 226 240 117 134 126 144 38 38 117 61 257 246 247 226 144 47 229 47 226 61 117 144 160 126 247 240 38 134 240 70 229 61 144 126 250 226 226 240 144 247 250 154 160 70 257 38 47 229 134 70 144 160 257 154 240 252 226 247 231 129 257 144 250 257 144 234 47 38 229 252 247 126 229 160 38 134 117 250 247 154 231 252 246 240 61 144 227 257 226 129 42 70 234 117 240 252 134 229 257 47 61 144 227 117 144 126 154 250 70 61 247 38 239 226 134 160 129 257 239 240 57 42 126 226 227 252 144 160 70 239 154 42 47 38 126 246 257 188 234 257 240 61 226 231 246 229 22 231 42 144 126 252 61 250 160 240 226 154 47 239 134 257 240 42 47 117 247 252 160 239 70 38 61 101 117 250 47 188 229 154 246 227 144 212 252 22 134 47 144 101 292 129 160 134 42 38 57 117 239 110 144 117 57 247 292 246 134 252 70 231 252 229 129 226 257 160 47 239 292 144 22 42 110 229 180 257 134 234 246 250 38 61 226 247 239 117 233 252 259 57 292 246 134 126 252 57 129 42 247 160 257 160 22 149 117 226 42 101 180 126 259 227 144 298 212 226 42 61 124 250 229 47 110 154 160 292 246 239 252 144 246 177 47 188 22 257 233 227 160 229 22 180 57 250 239 70 22 247 229 250 292 144 61 93 81 227 239 126 61 292 110 239 81 117 154 149 212 129 144 226 229 231 61 226 81 70 292 32 247 57 110 38 188 229 47 239 247 273 292 246 247 110 47 57 292 144 226 42 227 188 126 38 134 154 47 231 250 257 180 22 42 177 101 70 247 298 38 257 144 70 227 229 134 124 81 231 126 117 154 61 227 47 110 247 250 226 160 124 239 188 232 47 61 144 126 231 134 126 117 57 298 292 47 225 212 144 240 70 298 168 234 232 246 134 225 233 177 227 252 154 271 42 81 229 143 160 247 252 47 257 129 233 134 212 47 247 227 103 239 117 252 226 160 271 246 250 257 259 143 229 22 240 42 239 81 247 220 273 126 212 227 225 101 227 57 103 160 212 247 239 110 271 128 154 42 226 246 129 239 93 103 225 232 226 252 117 61 229 247 212 128 177 70 292 47 110 240 168 38 81 252 257 239 134 247 154 124 225 257 277 50 7 42 47 232 93 247 93 277 43 70 273 149 61 35 232 177 124 229 70 22 225 180 204 247 127 126 124 57 246 7 134 177 43 281 252 93 101 160 7 154 177 226 246 42 38 47 232 177 42 35 226 257 106 93 292 144 212 154 292 70 81 227 227 21 144 7 233 273 220 70 246 81 134 50 103 226 101 250 22 292 7 239 38 234 247 167 117 91 134 47 292 143 61 21 42 8 281 124 81 226 124 259 277 144 128 273 198 35 240 252 298 47 117 246 70 149 42 246 134 117 239 212 277 257 70 47 246 128 81 126 247 259 222 70 227 271 229 240 231 234 57 246 8 257 292 116 103 226 298 231 110 117 93 84 281 110 42 233 177 160 229 271 117 240 61 124 22 144 38 234 250 168 124 22 128 127 93 239 198 188 22 250 160 5 232 154 226 47 231 227 250 222 144 271 134 81 46 212 117 226 43 38 257 246 128 47 55 239 101 298 160 110 26 42 188 46 93 70 252 250 234 212 117 8 298 167 47 81 106 277 292 35 126 231 188 117 250 281 225 271 80 226 71 234 198 12 143 47 57 277 101 30 250 61 106 226 298 180 212 239 257 57 149 250 246 35 240 50 144 281 67 84 247 144 160 298 261 240 46 129 30 0 117 229 42 38 129 232 239 55 70 8 257 81 267 257 256 239 126 212 232 188 61 247 246 134 277 129 42 128 2 271 55 81 239 2 267 261 42 81 220 183 35 89 144 239 81 5 8 26 246 183 273 35 259 160 70 144 160 93 292 117 126 259 5 126 246 117 298 38 61 144 226 234 103 47 198 50 128 43 35 30 247 144 57 234 234 188 246 7 5 226 144 160 93 233 159 84 47 38 252 71 124 231 42 70 298 126 159 226 
edges1
246 160 160 229 229 229 117 117 117 117 126 126 126 126 126 47 47 47 47 47 47 134 134 134 134 134 134 134 257 257 257 257 257 257 257 257 144 144 144 144 144 144 144 144 144 226 226 226 226 226 226 226 226 226 226 240 240 240 240 240 240 240 240 240 240 38 38 38 38 38 38 38 38 38 38 38 252 252 252 252 252 252 252 252 252 70 70 70 70 70 70 70 70 70 70 70 247 247 247 247 247 247 247 247 247 247 250 250 250 250 250 250 250 250 250 250 129 129 129 129 129 129 129 129 129 129 154 154 154 154 154 154 154 154 154 231 231 231 231 231 231 231 231 231 231 227 227 227 227 227 227 227 227 234 234 234 234 234 234 234 234 57 57 57 57 57 57 57 57 57 42 42 42 42 42 42 42 42 42 42 42 42 42 42 42 42 42 42 239 239 239 239 239 239 239 239 239 239 239 239 239 239 188 188 188 188 188 188 188 188 188 188 188 188 188 188 212 212 212 212 212 212 212 212 212 212 212 93 93 93 93 93 93 93 93 93 22 22 22 22 22 22 22 22 22 101 101 101 101 101 101 101 101 101 101 101 101 101 101 101 101 110 110 110 110 110 110 110 110 110 292 292 292 292 292 292 292 292 292 292 292 292 292 292 292 292 177 177 177 177 177 177 177 177 177 177 177 177 233 233 233 233 233 233 233 233 233 233 233 180 180 180 180 180 180 180 180 180 259 259 259 259 259 259 259 259 259 259 259 259 259 149 149 149 149 149 149 149 149 149 298 298 298 298 298 298 298 298 298 298 124 124 124 124 124 124 124 124 124 124 124 124 124 124 168 168 168 168 168 168 168 168 168 168 168 168 168 168 81 81 81 81 81 81 81 81 81 81 81 32 32 32 32 32 32 273 273 273 273 273 273 273 273 273 273 273 103 103 103 103 103 103 103 103 103 103 103 103 103 103 232 232 232 232 232 232 232 232 232 232 232 232 232 232 127 127 127 127 127 220 220 220 220 220 220 220 220 220 220 143 143 143 143 143 143 143 143 143 143 143 143 143 143 143 271 271 271 271 271 271 271 271 271 271 271 271 271 271 271 225 225 225 225 225 225 225 225 225 225 50 50 50 50 50 50 50 91 91 91 91 91 91 91 91 91 128 128 128 128 128 128 128 128 128 128 128 128 128 128 128 7 7 7 7 7 7 7 7 204 204 204 204 204 204 204 204 204 204 204 204 281 281 281 281 281 281 281 281 281 281 281 281 281 281 281 200 200 200 200 200 200 277 277 277 277 277 277 277 277 277 277 277 277 21 21 21 21 21 21 21 43 43 43 43 43 43 43 43 43 43 43 43 43 84 84 84 84 84 84 84 84 35 35 35 35 35 35 35 35 35 35 35 35 35 35 167 167 167 167 167 167 167 167 167 167 167 167 198 198 198 198 198 198 198 106 106 106 106 106 106 106 106 106 106 106 55 55 55 55 55 55 55 55 55 8 8 8 8 8 8 8 8 8 8 8 8 8 214 214 214 214 214 5 5 5 5 5 5 5 5 5 30 30 30 30 30 30 30 30 30 30 71 71 71 71 71 71 71 71 71 71 71 71 71 71 71 71 71 71 65 65 65 65 65 65 116 116 116 116 116 116 116 116 116 116 116 222 222 222 222 222 222 222 222 222 80 80 80 80 80 80 80 80 80 26 26 26 26 26 26 26 26 125 125 125 125 125 125 125 125 125 125 125 125 137 137 137 137 137 137 67 67 67 67 67 67 67 67 67 67 46 46 46 46 46 46 46 46 46 161 161 161 161 161 161 161 161 161 161 161 0 0 0 0 0 0 0 0 0 0 0 0 0 0 0 0 0 0 12 12 12 12 12 12 12 12 12 12 256 256 256 256 256 256 256 256 89 89 89 89 89 89 89 89 89 195 195 195 195 195 195 267 267 267 267 267 267 267 267 267 267 267 221 221 221 221 221 221 261 261 261 261 261 261 261 261 261 261 261 261 261 261 2 2 2 2 2 2 2 2 2 2 2 2 2 53 53 53 53 53 53 53 53 53 53 183 183 183 183 183 183 183 183 183 183 183 111 111 111 111 111 111 111 111 193 193 193 193 193 193 193 193 193 193 193 159 159 159 159 159 159 159 159 159 159 159 159 138 138 138 138 138 138 138 138 3 3 3 3 3 3 3 3 3 3 3 3 295 295 295 295 295 295 295 295 295 72 72 72 72 72 72 72 72 72 72 72 72 68 68 68 68 68 68 68 68 68 68 68 68 
weights
-0.0722322 -0.00219031 0.0448572 0.00320507 0.00180952 0.000663298 0.0643831 -0.00206826 0.0123934 0.0117905 -0.00617571 0.00987549 -0.0456349 0.0533655 -0.0113176 0.00962201 0.0145907 0.0120064 -0.0218738 0.0220187 -0.00201961 0.0491372 0.00624535 0.0543246 0.0271888 0.00261543 -0.0364687 0.0328407 -0.0125454 -0.024188 0.00868644 0.0752857 0.00388408 -0.0444375 0.00539296 -0.0131458 0.0322091 -0.00394744 -0.0383006 -0.00850204 -0.00255585 -0.00893237 -0.00776835 -0.0342008 -0.0103425 -0.0113208 -0.0307324 0.0468098 0.0286444 0.016616 0.00426168 -0.00529363 -0.0431422 0.0507548 0.00728663 0.0189035 -0.00822225 -0.0209682 -0.0389362 -0.0269577 0.0512603 0.00436671 0.0143236 -0.0386609 0.0194614 0.00921656 0.00404373 -0.0435313 -0.0216392 -0.0917061 0.0099584 0.0456074 -0.0249703 -0.0652761 0.0448885 0.000730981 -0.0134451 0.0189528 -0.0917642 0.0086415 -0.0142415 -0.0058043 -0.00186011 -0.0248114 0.022761 0.0335124 -0.0613951 -0.0336588 0.00822904 -0.0179619 -0.0496931 -0.00509066 0.00917466 0.0323879 0.0325611 -0.00351609 0.0321949 -0.0243841 0.00543138 0.0116288 0.0254621 0.00184212 -0.0295935 -0.0450918 0.103082 -0.0104085 -0.0424877 -0.0099099 0.00869768 0.0506642 0.0338561 -0.000859702 -0.0608736 -0.0324134 -0.0314882 -0.0243822 0.00130014 -0.014825 -0.0206046 -0.013306 0.0271914 0.0748603 0.0269287 -0.00483102 -0.0324777 -0.00851175 -0.0328911 -0.0312664 -0.0139032 -0.00204388 -0.00667926 -0.0148329 -0.0292632 -0.0844322 -0.00615923 -0.0104883 -0.0147456 0.0313527 -0.0189224 -0.0404043 0.0396354 -0.0867274 -0.0176156 0.0203028 0.00102156 -0.00971536 0.0532288 -0.0584105 0.0202448 -0.00279321 0.000613691 -0.00366465 0.0229722 0.022015 -0.0178528 -0.00607615 -0.0251568 -0.0223713 0.00859475 0.00163521 0.0605452 -0.00946927 -0.00147292 0.00225475 -0.000803587 0.0013421 0.0198872 0.0202496 -0.0391307 -0.0374184 0.0121156 -0.000638548 -0.0265569 0.00281253 -0.000641762 0.00677848 -0.00171372 -0.0016325 0.00458184 0.0115269 -0.0174537 0.011761 -0.0241626 -0.00372965 0.0463346 -0.00781825 0.0316699 0.0208114 0.00974387 -0.0122519 -0.05632 -0.0189651 -0.0115154 -0.00986175 -0.0161468 0.000599953 -0.0613084 0.0314965 0.00899046 -0.00361569 0.00546368 -0.0209792 0.0238222 -0.0155881 0.02376 -0.00682134 -0.0124377 0.00569212 -0.00592958 -0.00380055 -0.00232053 0.04918 0.0262491 -0.0663925 -0.0228662 0.034655 -0.0360605 0.0470726 -0.0137659 -0.00676051 0.0167888 0.0250151 -0.0984038 0.0950435 -0.0323293 0.00425911 0.00892888 -0.0226232 0.00128332 -0.00295061 -0.064588 -0.00321057 0.0045286 -0.0105584 -0.0113872 -0.000505493 0.0168824 -0.0118637 -0.0627299 0.0532932 0.00866205 0.00670542 0.0310656 0.107815 -0.101205 -0.00580817 0.00539014 0.04646 -0.00793588 0.11631 0.0202856 0.0563238 0.0073455 0.00945052 -0.00919108 0.00960233 0.0244816 0.00157598 0.0205067 0.0185782 0.00391208 -0.0236113 0.0159687 -0.0072975 -0.000202593 0.00634094 0.0501633 -0.0222414 -0.0485481 0.0294244 0.0321099 -0.0143082 0.0804296 0.00372976 0.0236503 -0.00218617 0.0172161 -0.0208082 -0.0017639 0.0611101 0.00529076 0.0217435 7.44497e-05 -0.0021091 -0.00585048 0.0101244 0.0117854 -0.0201479 -0.0115982 -0.0617462 -0.021885 -0.0131578 0.0115995 0.0257658 0.0025135 -0.00418003 -0.0121655 0.0680979 0.0176252 -0.0636037 -0.0468023 -0.0293575 0.0925983 0.0119762 0.0603285 -0.002137 -0.0697667 -0.00321429 -0.107537 0.0377222 -0.039713 -0.0366153 0.0229969 0.0298718 0.0719234 0.0115572 -0.00925789 0.0170683 0.0461163 0.00212798 0.0722119 0.0472386 0.00121627 -0.00176996 -0.00942384 0.038824 -0.0328004 0.00966999 0.0370721 0.00628415 -0.00452149 0.00713119 0.0068846 -0.0135485 -0.0393168 0.0441081 -0.0101442 -0.000439241 0.0458467 -0.0308826 -0.000168912 -0.00266576 0.0275014 0.0124964 0.0136212 -0.045435 0.0491772 0.0234154 0.00157409 0.0190126 -0.0147617 -0.0698882 0.0140606 0.00233707 0.00361927 0.0267271 0.00387291 0.053291 0.000926095 -0.00424479 -0.0775201 0.0187049 0.0364135 0.0282009 -0.0576468 -0.0176328 0.0218213 -0.0167374 0.0256615 -0.0349091 -0.0167689 -0.0371459 0.0341129 -0.003795 -0.0152964 -0.0150546 0.00114748 -0.0195971 -0.0563785 -0.025743 0.00733069 -0.00650855 0.011539 1.95713e-05 0.0149135 -0.00106448 0.090015 -0.053005 0.00998921 0.00864808 0.03089 -0.016383 -0.00412809 0.0407948 -0.00557989 0.0291608 -0.00921098 -0.00251414 -0.00275359 -0.00961234 0.00968651 -0.0323922 -0.0254965 -0.00295814 -0.0310713 -0.0428236 -0.0376367 -0.000877315 -0.0649235 0.00841046 -0.00509258 0.0438537 0.0230436 -0.00962012 0.0257917 0.0222844 0.0430707 -0.000765418 0.0175819 0.012114 -0.00696641 -0.0516994 -0.00371469 0.000204553 -0.00359591 -0.0244134 0.00987639 0.00366251 -0.0177502 0.0452859 -0.0252069 0.0275231 0.0301806 -0.0194799 -0.0255257 -0.0951337 0.0312564 0.0316953 -0.0102565 0.0330673 0.0556773 0.0134707 0.00835259 -0.0104722 -0.043543 0.0141653 -0.00654613 0.00067043 -0.00705684 -0.011992 0.0313151 -0.00765158 0.0941329 0.00569947 0.042016 0.0145955 0.03789 -0.0190975 -0.0428315 0.000403291 -0.0126226 0.014535 0.0310114 -0.0371621 -0.00969992 -0.0179713 0.025308 0.010049 -0.0753477 -0.0219798 0.0312536 -0.0207385 0.0364295 0.0302152 0.0126231 0.00207021 0.0218428 0.00119137 0.00211442 0.00630973 -0.0242796 -0.0515016 -0.0173455 0.00644132 0.0317777 -0.0379666 0.0686965 -0.0081135 0.0153716 0.00105536 -0.00282176 0.039192 -0.0362884 0.0338654 -0.0179751 0.0119871 -0.0187998 -0.00313182 -0.00853037 0.00422951 0.0231385 -0.00382016 -0.0821632 0.000844623 0.0121102 -0.0327091 -0.0153511 0.0644854 0.018948 -0.0351515 0.00509322 0.00712261 -0.0122395 0.000906481 -0.00178682 -0.0128138 0.00685535 -0.00272167 -0.0151728 -0.0186924 0.00706116 0.0139461 0.0198004 0.020412 0.00958586 0.00100901 0.0200107 0.0166798 -0.00896592 -0.0190904 -0.0173053 0.0348006 0.036921 -0.00341292 -0.00306073 0.00733873 0.054362 -0.0195943 0.00323791 0.0244467 -0.0131134 0.00682903 0.0121161 0.0201369 -0.035864 -0.0162222 0.0224995 0.0973248 -0.00862829 -0.0299707 -0.00257 -0.00530584 -0.00386725 0.00494695 0.00895894 -0.00110339 -0.058163 0.00264356 -0.0124139 0.00321536 0.0432233 0.0121802 -0.0218318 -0.00316497 0.0231554 0.00214133 0.0240867 0.00538348 0.00056673 -0.00662167 0.00593991 -0.0109774 0.0545171 -0.0187643 -0.0102958 0.0522094 0.0291389 -0.00382175 -0.022574 0.0155254 -0.041912 0.0117607 0.0361684 -0.0223926 0.010507 -0.0104927 -0.000720938 -0.00302096 -0.0169822 -0.0128089 0.0306644 -0.0552096 -0.057869 0.0129164 -0.0010045 0.0132305 -0.0598518 -0.00890798 0.049053 -0.0156363 -0.0165261 -0.00663813 0.00314183 -0.0137479 -0.0423504 0.00116794 0.0322368 -0.0240243 0.0164769 -0.0275738 0.0532521 0.0148118 0.025785 0.0488518 0.0120138 -0.0163422 -0.0371177 0.0438283 0.0343996 0.00638822 -0.0444641 0.0124996 -0.0108226 0.0173594 0.102022 -0.0261433 0.0741049 -0.00151487 0.0559239 -0.0213799 -0.0218303 0.0109898 -0.0149 -0.00319969 -0.0504886 -0.0185676 0.020887 -0.0368213 -0.00710382 -0.0103199 0.0585058 -0.0547919 0.0101427 -0.00820593 0.029528 -0.0704177 -0.0119347 -0.0246309 0.0122002 -0.0684498 0.0173263 -0.0290196 0.000680796 0.00116943 -0.00998758 0.0516681 -0.172611 -0.00939697 -0.0405623 -0.00813477 0.0344397 -0.0220717 -0.0514613 0.0272676 -0.0191701 0.000680755 0.00515129 -0.00100055 -0.0728704 -0.00529905 -0.000988771 0.0224868 -0.0500327 -0.0115661 0.0263444 0.0129901 -0.0394347 0.000601816 0.0110331 -0.0203685 0.00588028 0.0115082 0.0232395 -0.00158408 -0.0153302 0.0422302 0.0137931 -0.0104946 0.0242315 0.00485313 0.0196434 0.0237635 -0.0210257 -0.0260164 0.0253358 0.00458177 -0.0488389 0.0327894 -0.0135704 -0.00319305 0.0127586 -0.00530875 0.0185357 0.0377387 -0.0297152 0.0444357 -0.0158704 0.00652952 -0.00636739 -0.0140909 -0.0172962 0.0616449 -0.0408026 0.0291822 -0.0227343 0.00524967 -0.0034893 0.0294598 -0.0201391 0.0191853 -0.0511082 0.00150107 -0.012767 -0.00061449 -0.0134758 0.0149228 0.0310161 0.0195922 -0.0704772 0.00434943 0.0410215 -0.0107105 0.0511179 -0.00877844 -0.000442047 -0.000542515 0.0127435 -0.00539005 0.0366311 0.00963413 -0.0104466 -0.0238721 -0.0296262 0.0213933 -0.0139181 0.0115068 -0.00824952 -0.00876095 0.0623647 -0.0812575 -0.00851873 0.00352477 0.0138225 -0.0119846 0.0222985 -0.00652719 0.000577924 0.00617698 0.0105218 -0.0167725 -0.00278609 0.00580389 0.0052018 -0.000840674 -0.0281383 -0.00734173 -0.0356748 0.0143775 0.023733 0.0293577 0.0248718 -0.023543 0.0128176 0.0536722 0.0273422 -0.076567 0.0658051 -0.00606589 0.00823128 -0.00659872 0.0142682 0.00549952 0.0310102 0.0574281 0.0027291 -0.0131008 0.019635 0.00993664 -0.0300904 -0.00868825 -0.0110227 0.0330518 -0.0349915 0.00173099 -0.0131885 0.048922 0.0342577 0.0308444 -0.0146816 0.02314 0.0147362 -0.022683 -0.033573 0.0179925 -0.0472268 -0.00718361 -0.0029096 -0.00353888 -0.0110061 -0.019639 0.0178784 0.00585059 0.0154378 -0.0181185 0.0373979 0.0420969 -0.00613546 0.0214191 -0.000591093 -0.00304059 0.0216573 0.0130228 0.0257442 -0.011192 0.0278758 -0.0252292 0.00300654 -0.0248374 -0.00245259 0.0137493 -0.00210635 0.0093611 0.0925341 -0.007061 0.00785207 -0.129607 -0.0110684 0.00259753 0.000381469 0.0222587 -0.00788395 -0.014176 -0.0201925 -0.0186716 0.00111033 0.00256082 -0.018249 -0.00359129 -0.0306915 -0.00778322 -0.0303296 0.134661 0.00620337 0.0123239 -0.00097553 0.00484041 -0.000180488 0.00170491 -0.00857262 0.0251604 0.0263955 0.00933679 -0.00198984 0.0129287 -0.0123691 0.029247 -0.00154586 -0.00364249 -0.0145793 -0.00510716 0.00477725 -0.00244628 0.0216937 -0.0244366 -0.0585986 0.0554217 0.0274534 0.0244606 -0.0445201 0.00286291 -0.0194904 0.0149843 -0.0246669 0.0694176 -0.00391943 -0.010723 0.00154421 0.030624 -0.0332917 0.0238115 -0.00648995 0.0135357 0.00175816 -0.037882 -0.0725401 -0.00627314 0.00352915 -0.00904457 0.0639961 0.035277 0.001853 -0.0484516 -0.0118382 -0.136886 -0.0130071 -0.00680934 -0.00390774 -0.0220227 0.00928761 -0.0274527 -0.0229684 0.0575562 -0.0380158 -0.00906996 -0.033761 -0.00259351 -0.0122803 0.0443221 -0.0467452 -0.026071 -0.0112443 -0.00675947 0.0530664 -0.0508299 -0.0136746 0.000173756 0.0136909 0.061612 0.0154367 0.0266699 -0.00923923 0.0250765 0.0104222 0.0040465 -0.000212584 -0.106451 0.00611832 0.0111416 -0.0124633 0.00876349 -0.0776271 0.0508779 -0.0298184 -0.010086 0.110624 0.0378365 -0.0207446 0.00689827 -0.0309037 0.0662415 -0.0307079 0.0257005 -0.0144725 -0.0188789 -0.000436149 -0.0280967 -0.022143 -0.00873024 -0.0100196 -0.0130635 0.019604 0.0037177 -0.0229708 0.033048 0.000183898 0.0137757 0.0308535 0.020674 -0.0104221 -0.0144403 -0.0191491 -0.0175782 -0.0169055 -0.00190619 0.00264818 -0.0134906 -0.00835888 0.0265929 -0.0037182 0.0114711 -0.00480547 0.00529103 0.00217073 -0.0100324 0.00519881 0.00301977 0.0170761 0.0268014 0.00926643 -0.00185679 0.00023894 0.00215865 0.0647836 -0.00380989 0.0346125 -0.0114481 -0.0136087 0.0134821 0.00140525 -0.0415877 

network 1 1000
edges0
115 115 59 181 59 115 181 187 115 59 181 187 59 115 66 187 115 23 66 59 181 187 115 286 181 59 187 286 23 115 66 279 286 66 187 181 95 23 59 115 279 286 187 279 66 59 13 95 23 181 95 181 64 286 115 59 66 187 59 286 95 13 64 23 66 187 115 279 181 166 64 187 279 23 181 13 238 166 286 95 279 23 238 58 95 59 115 286 66 238 59 181 58 95 66 181 64 75 59 238 58 279 166 23 286 223 23 166 115 75 286 236 238 95 59 13 187 181 66 64 95 23 286 58 13 181 181 59 293 238 58 187 286 170 95 166 66 23 238 66 279 95 286 13 115 238 95 58 293 23 249 236 223 13 187 49 223 211 187 64 59 66 49 166 115 286 286 79 95 236 238 187 293 59 64 58 275 238 58 223 75 166 170 75 58 181 115 187 181 293 23 275 75 66 49 66 286 49 249 187 275 279 59 218 170 223 187 23 88 49 23 88 293 58 170 95 79 187 238 249 276 181 275 13 279 23 187 64 79 115 238 286 58 223 170 75 181 293 58 286 238 64 166 49 66 211 238 286 187 59 181 194 286 238 23 166 223 211 17 286 170 211 236 166 49 59 115 238 279 181 279 176 59 166 49 194 245 249 23 115 170 223 59 181 293 58 238 88 236 23 95 245 238 49 194 181 153 170 66 49 166 245 115 95 286 176 194 189 276 187 238 194 17 187 75 153 59 238 58 211 293 276 49 66 115 100 279 58 23 238 223 276 13 58 23 245 194 59 166 275 64 13 238 187 276 194 95 181 75 238 236 115 245 88 166 34 170 187 223 153 194 286 59 34 58 75 194 223 280 189 49 64 170 249 238 293 34 236 238 276 211 245 187 100 17 187 279 63 115 66 249 238 79 181 223 286 211 23 88 17 13 49 187 275 279 238 66 236 170 119 245 194 279 194 95 58 79 34 64 23 254 17 171 275 59 187 238 66 245 95 286 34 194 75 119 211 166 187 293 34 249 95 170 280 211 170 95 236 171 293 194 223 238 153 66 286 20 187 88 293 171 166 49 115 45 276 23 194 245 132 279 63 181 238 123 58 276 189 153 279 286 187 211 290 166 218 171 245 13 176 194 293 170 59 242 151 49 235 95 187 20 63 100 279 245 132 171 181 105 187 13 20 235 293 194 123 49 245 242 63 95 45 88 238 171 254 34 64 123 254 276 194 95 182 189 58 223 64 187 218 236 95 13 211 290 115 123 197 187 58 17 66 59 272 238 100 95 182 17 254 34 170 105 236 123 88 279 114 170 95 75 136 63 181 223 100 34 194 58 245 95 272 223 238 88 66 75 100 59 215 123 187 166 293 66 75 211 105 49 115 58 13 218 245 194 187 114 223 276 66 132 280 290 238 181 20 13 119 92 78 275 242 79 286 215 114 245 237 56 115 166 276 58 92 197 59 170 181 75 235 136 187 223 75 293 254 115 122 132 187 197 136 152 286 272 59 171 105 276 293 75 119 194 187 236 181 249 123 279 211 56 242 79 286 194 78 275 88 140 279 166 181 238 197 191 118 95 242 223 78 75 95 140 187 275 215 63 219 181 59 63 293 272 153 211 132 23 49 181 66 238 78 114 17 153 23 272 105 17 236 92 115 223 286 79 34 56 100 25 58 194 171 189 59 88 75 249 95 254 49 276 275 217 75 123 279 187 194 95 192 1 105 235 58 49 219 242 95 58 132 272 189 211 122 13 63 236 49 123 235 230 279 59 64 181 115 163 23 254 211 237 182 23 66 280 140 275 49 95 215 66 23 189 182 192 217 187 64 114 88 242 95 223 170 236 23 49 192 85 123 290 152 275 171 140 223 166 238 132 152 4 119 194 280 34 236 276 122 218 64 238 49 272 122 189 245 224 181 17 166 211 293 223 237 114 115 123 58 78 25 166 171 100 64 66 45 49 136 56 192 242 75 249 59 64 276 272 78 235 219 293 280 147 238 237 293 181 34 77 58 69 13 105 235 75 62 293 79 290 56 123 34 17 6 115 123 59 20 192 147 211 275 187 286 88 166 197 75 23 77 211 219 152 36 293 279 59 191 181 224 41 279 194 187 163 64 4 141 63 194 152 41 166 62 237 151 58 59 123 92 1 115 272 122 249 194 23 120 236 187 59 23 140 163 48 254 34 215 236 140 88 58 17 59 181 191 95 238 190 194 59 20 217 272 119 181 79 279 118 45 224 13 176 228 34 105 170 238 286 189 58 279 280 166 75 147 92 174 290 223 
edges1
59 181 181 187 187 187 66 66 66 66 23 23 23 23 23 286 286 286 286 286 286 279 279 279 95 95 95 95 95 95 95 95 13 13 13 13 13 13 13 13 13 64 64 64 64 64 64 64 64 64 166 166 166 166 166 166 166 166 238 238 238 238 238 238 238 238 238 238 238 238 58 58 58 58 58 58 58 58 58 58 75 75 75 75 75 75 75 75 75 236 236 236 236 236 223 223 223 223 223 223 223 223 223 223 223 293 293 293 293 293 293 293 293 293 293 293 293 293 170 170 170 170 170 170 170 170 49 49 49 49 49 49 49 49 49 49 49 49 249 249 249 249 249 249 249 211 211 211 211 211 211 211 211 211 211 211 79 79 79 79 79 79 79 79 79 79 275 275 275 275 275 275 275 275 275 275 276 276 276 276 276 276 218 218 218 218 88 88 88 88 88 88 88 88 88 34 34 34 34 34 34 34 100 100 100 100 100 100 100 100 194 194 194 194 194 194 194 194 194 194 194 194 189 189 189 189 189 189 189 189 189 189 189 17 17 17 17 17 17 17 17 17 63 63 63 63 63 63 63 245 245 245 245 245 245 245 245 245 245 176 176 176 176 176 176 176 176 176 176 290 290 290 290 290 290 290 290 290 290 153 153 153 153 153 153 153 153 153 153 280 280 280 280 280 280 280 280 280 280 171 171 171 171 171 171 171 171 171 171 171 171 215 215 215 215 215 215 215 215 215 215 215 215 215 215 215 215 151 151 151 151 151 151 105 105 105 105 105 105 105 105 105 105 105 235 235 235 235 235 235 235 235 235 235 235 132 132 132 132 132 132 132 132 254 254 254 254 254 254 254 254 254 254 254 254 254 119 119 119 119 119 119 119 119 119 123 123 123 123 123 123 123 123 123 123 123 123 123 123 123 20 20 20 20 20 20 20 20 20 20 20 20 242 242 242 242 242 242 242 242 242 242 242 242 242 242 45 45 45 45 45 45 1 1 1 1 1 1 1 1 1 1 1 1 182 182 182 182 182 182 182 182 182 182 182 182 272 272 272 272 272 272 272 272 272 272 272 272 272 272 272 56 56 56 56 56 56 56 56 56 192 192 192 192 192 192 192 192 192 192 192 192 192 192 237 237 237 237 237 237 114 114 114 114 114 114 114 114 114 114 114 77 77 77 77 77 77 77 77 77 197 197 197 197 197 197 197 197 197 136 136 136 136 136 136 136 136 136 136 92 92 92 92 92 92 92 92 92 92 92 92 92 92 92 219 219 219 219 219 219 219 219 219 219 219 219 219 219 163 163 163 163 163 163 163 163 163 152 152 152 152 152 152 152 152 152 152 152 152 191 191 191 191 191 191 191 191 191 191 191 191 191 191 191 191 78 78 78 78 78 78 78 78 78 25 25 25 25 25 25 25 25 25 25 25 25 25 25 25 122 122 122 122 122 122 122 122 122 122 122 122 140 140 140 140 140 140 140 118 118 118 118 118 118 118 118 118 118 118 118 118 118 36 36 36 36 36 36 36 36 36 36 36 217 217 217 217 217 217 217 217 217 217 217 217 217 217 87 87 87 87 87 87 87 87 87 6 6 6 6 224 224 224 224 224 224 224 224 224 224 224 224 224 224 150 150 150 150 150 150 150 150 150 150 150 150 150 150 150 150 4 4 4 4 4 4 4 4 4 169 169 169 169 169 169 169 169 169 169 169 169 169 169 169 19 19 19 19 19 19 19 19 230 230 230 230 230 230 85 85 85 85 85 85 85 85 85 85 85 147 147 147 147 147 147 147 147 147 147 147 69 69 69 69 69 69 69 69 69 69 69 69 69 69 62 62 62 62 62 62 62 62 62 62 62 62 41 41 41 41 41 41 41 41 41 41 41 41 41 141 141 141 141 141 141 141 141 141 141 141 141 141 141 141 228 228 228 228 228 228 228 228 228 228 228 228 228 228 120 120 120 120 120 120 120 120 120 120 120 120 120 190 190 190 190 190 190 190 190 190 190 190 190 190 190 190 48 48 48 48 48 203 203 203 203 203 203 203 203 203 203 203 203 203 174 174 174 174 174 174 174 174 174 174 174 174 40 40 40 40 40 40 40 40 40 40 172 172 172 172 172 172 96 96 96 96 96 96 96 96 96 96 142 142 142 142 142 158 158 158 158 158 158 158 158 139 139 139 139 139 139 139 139 139 139 139 139 139 139 296 296 296 296 296 296 296 296 296 296 296 39 39 39 39 39 39 39 39 39 39 39 39 39 39 39 39 39 39 39 39 
weights
-0.00219023 -0.00348405 0.0399685 -0.0182813 -0.0658107 -0.0139533 -0.0018225 -0.0567761 0.00448472 -0.0201129 -0.0450204 0.00539855 -0.0104154 -0.0970448 -0.0145062 -0.00729756 0.000780713 0.0160814 0.0206278 0.0689588 0.0475562 -0.00255333 -0.0062911 -0.0037924 -0.000668548 0.0129945 -0.0379117 0.160906 -0.0862051 -0.0122595 -0.0438155 0.0225845 0.0227531 -0.0129614 0.00113447 0.0111403 -0.0397671 0.130588 0.0164668 0.0138514 -0.00110087 -0.0285834 0.00318553 -0.0131952 0.00884762 0.00561042 0.014263 0.00908192 0.0102684 0.013703 -0.0390594 -0.00634585 0.020206 -0.0178352 -0.0303028 -0.0460379 -0.0212817 0.0213018 -0.0535102 -0.0049782 0.0167206 0.00424405 0.00286636 -0.0280012 0.0449661 -0.0116322 -0.00963341 -0.0332244 0.0338821 -0.0111923 -0.00153177 -0.00456344 0.0499274 0.00205125 -0.00683289 0.000211522 -0.0765105 0.00364878 -0.00732638 -0.0273033 -0.00064006 0.0148211 -0.00662467 -0.00832833 0.00239233 -0.0327428 0.0127343 0.0487876 -0.125318 -0.00425979 0.0339943 -0.0275646 0.0610771 -0.0309435 7.2976e-05 0.013751 -0.049149 -0.01113 -0.00564143 -0.00249093 0.00885045 -0.00467507 0.0468466 0.016109 -0.0255804 0.00180322 0.0215672 -0.0166469 0.00845999 -0.00246593 0.0181802 0.102703 0.0127697 -0.00107861 -0.00126964 0.0134112 0.00811873 0.00284804 0.00118621 -0.0242719 -0.0153286 -0.0149143 0.0207383 0.00651885 0.0026202 -0.00230128 0.000958721 0.0577987 0.120513 0.00251018 -0.0192749 -0.0250179 0.0268086 0.0332774 0.00282072 -0.0416849 -0.0571386 -0.0286739 -0.000333789 0.0227927 -0.012666 -0.00183673 -0.00748679 0.0662544 -0.0292071 -0.000136433 -0.0318824 -0.00751052 -0.0357824 -0.0257181 0.00443548 0.0179227 -0.0077493 0.0222924 0.00307135 -0.021946 0.0014206 -0.00102609 -0.0513616 -0.00332903 -0.0248748 0.0336945 0.0343047 0.0296009 -0.000835811 -0.00594605 -0.042545 -0.0203331 0.0234916 0.000445415 -0.0361802 0.0393657 -0.000625152 0.0264051 0.0336442 0.012373 0.0173969 0.0123889 -0.0523149 0.0084762 -0.0205256 -0.0243907 -0.0518069 0.00760689 -0.0246074 -0.00552308 0.030595 -0.0310732 0.00660779 0.0125494 -0.0345162 -0.0683356 -0.0223518 -0.0459664 0.0287435 -0.000376292 -0.00860469 -0.0273296 -0.0175412 0.0543239 0.0053298 -0.0275924 0.0195196 0.0160901 0.000733365 0.00761567 -0.0250417 -0.068132 -0.0641692 -0.0737624 -0.0493635 -0.0167798 -0.00601378 -0.00733779 0.0170636 -0.00870174 -0.00135066 -0.00861399 0.0347257 0.000897729 0.0243936 -0.0778663 0.0966499 0.00539804 -0.017561 -6.66754e-05 -0.00421425 0.00668766 -0.0137688 0.0350524 -0.00873723 -0.000316459 -0.0121738 0.0144117 -0.00372582 -0.0251574 0.00392433 0.020471 0.00895037 -0.00730896 -0.0198841 -0.00849471 0.0052651 0.0131097 -0.0153186 -0.00804541 0.00792985 0.121014 0.0250873 0.0223891 -0.00509565 0.00536163 0.011508 -0.00364452 -0.0184664 -0.0051906 -0.099954 0.0146226 0.037175 -0.0130686 0.0192795 0.00444176 -0.00369857 -0.0396808 0.00302365 0.0364149 0.00343302 -0.00332606 -0.042481 -0.0132438 -0.00658508 -0.0667025 0.00453281 -0.0168324 -0.000872043 -0.0232862 0.0161152 0.000935827 -0.0266642 -0.0320551 0.00515469 -0.0122067 -0.00350078 -0.00845161 -0.0280983 -0.0366941 -0.0312879 0.00823197 0.00653722 0.00838903 0.0576336 0.00989459 -0.00079428 -0.0529391 -0.0320979 -0.022003 -0.00828703 -0.0486257 -0.028585 -0.033527 -0.0202949 0.0168399 0.0610533 -0.0117598 -0.0528186 0.0196728 -0.00870023 0.000996967 -0.0400463 -0.0260386 0.079656 -0.0177661 -0.0766841 -0.0290609 0.00816743 0.00560071 -0.00645442 -0.0216641 0.0144144 0.00382576 -0.0256422 0.0297465 -0.0289295 -0.00432372 -0.0326043 0.0284634 0.0468225 -0.0062032 -0.012385 0.0194334 -0.0347085 0.0473535 -0.00433523 0.0471154 -0.020297 0.0533378 -0.0327783 0.0132648 0.0393473 0.0536371 0.0147371 0.0245595 0.0396558 0.028522 0.0203726 -0.0305776 -0.00461771 -0.0105072 0.0218544 0.0776244 0.0575974 0.021415 -0.00978339 -0.00435544 -0.016249 -0.00605705 0.0212456 0.0343981 0.00281572 -0.0128837 -0.0686566 0.0665959 0.0501829 0.0160204 0.00464521 0.0117708 0.00117128 -0.0505012 -0.0603547 0.0204991 -0.0248546 0.00413704 0.0317348 -0.00407768 0.0216118 -0.0145335 0.0102131 0.0440304 0.0401564 0.00323555 0.000662777 -0.040479 0.0388557 0.0444421 0.0222189 0.00236238 -0.00906336 -0.0100092 -0.00671384 0.0610437 0.0114016 -0.0165685 -0.00589568 0.01056 0.00734511 0.00474063 0.0209976 0.0174162 0.0152236 -0.015046 0.0386401 0.00499709 -0.0241989 0.0125622 -0.00406382 9.80248e-05 0.00586455 0.00370564 -0.00978934 -0.00343291 0.0219142 0.00392589 0.00362162 -0.015645 0.0377556 -0.00773199 -0.00818913 -0.00878367 0.0123035 -0.012045 -0.008928 0.032387 0.0546004 0.00743287 -0.00120261 0.0107623 -0.00410614 -0.0328555 -0.0182806 -0.000938882 0.0142465 -0.00933158 -0.0182056 -0.0217902 0.0351087 0.0446049 0.108201 0.0382941 -0.00153 -0.0126513 -0.00750862 -0.0130145 0.0205761 -0.00729643 0.0185828 0.0290863 -0.0102481 -0.0128587 0.010538 -0.0488039 0.0197335 -0.0168616 -0.00437941 -0.124698 -0.00327019 -0.0378579 0.00340313 -0.0493358 -0.0125955 -0.0153438 0.0651078 0.0198519 -0.024159 0.0408926 0.00683973 -0.0472941 -0.0113971 0.0290005 -0.0454819 0.0019524 -0.00225601 0.079855 -0.00430429 -0.00849465 -0.0308084 -0.0227726 0.00740691 -0.0265426 0.0683457 -0.0182273 -0.00691358 0.0163397 -0.0761341 -0.0378748 0.000981293 0.000327816 -0.00194564 -0.0505524 0.022749 0.00297742 2.14583e-05 0.0100318 0.00620427 0.0311114 0.00976579 -0.00515374 -0.0454706 0.00272236 0.0123328 0.0225288 0.0393814 0.0399672 0.000559436 -0.0217894 -0.0309754 -0.0173143 0.0220527 -0.0546024 0.00704107 -0.0181343 0.0128429 0.045733 -0.00109566 -0.0200774 0.017367 -0.0104914 -0.00929795 0.0145821 0.0051422 0.0661407 0.011481 0.0829929 -0.00239531 0.0234733 0.00447684 0.0732476 -0.0378743 0.00320377 0.0218208 -0.00690687 0.00377556 0.0287088 -0.00100254 -0.070577 0.0317358 -0.00283104 0.0025297 -0.00858588 0.0920426 0.0160821 -0.0344198 -0.0320366 0.00538664 -0.0166801 -0.0117147 -0.0131596 -0.0215441 -0.0270037 -0.000348383 -0.032568 -0.0457064 -0.0746554 0.0192352 -0.0284442 -0.0129072 -0.024994 -0.0209786 -0.0180298 0.00155737 0.0124054 -0.00655253 0.0116529 0.0349389 -0.000732745 0.00640266 -0.00370122 0.0381089 0.00247699 -0.0101077 -0.0459478 -0.0253393 0.0145735 0.00219629 0.0141206 0.0517014 -0.00133266 0.0657796 0.00994605 0.00864426 -0.0438671 -0.0205833 0.0117661 -0.0556234 0.0110119 0.0278711 -0.0336557 -0.00508225 -0.00293151 0.0272023 -0.026505 -0.012528 0.0158429 -0.0588499 -0.0131437 0.0427044 0.0296479 0.00471415 0.0136788 -0.00625782 0.0053199 0.0194267 0.0278928 0.0254572 -0.0550128 -0.00584061 0.0132063 0.019129 0.0351676 0.0141861 0.0227766 -0.0115437 0.00881774 0.00776188 -0.0223685 -0.0192272 -0.00603876 0.0211906 -0.0125942 -0.00146341 -0.00213771 -0.02606 0.00938587 -0.0233357 0.0535421 -0.0130887 -0.0215432 -0.0148743 -0.0311307 0.00708207 -0.00321078 0.0263011 -0.0011504 0.00129308 0.0246595 0.0244651 -0.0101489 0.00464515 -1.3686e-05 0.00891776 -0.00509485 -0.0563681 -0.0668035 0.0132029 0.00342933 -0.0222923 -0.0396525 0.0506359 -0.022353 -0.0102483 0.0123972 0.053184 -0.0606188 0.0102526 0.0164371 -0.0101025 0.0179654 0.0206684 0.00143006 0.00463981 0.0160903 0.0471886 -0.0114896 -0.0104599 -0.0103685 -0.0255875 0.00477404 0.0132976 0.00666572 -0.000115449 0.0243477 -0.0028505 0.0109245 -0.00616179 0.0062136 0.0167711 0.020427 0.0523596 0.0217419 -0.0610732 -0.0106948 -0.000665014 0.0215063 0.000176299 0.0244668 0.0143247 0.0337993 0.000584736 -0.0558154 -0.00174626 -0.101854 -0.0161754 -0.015953 0.0206464 0.00280156 -0.00482884 0.00606432 0.00641638 0.00331499 0.0384218 -0.0261114 0.0400141 -0.0302623 -0.0147844 0.0181584 -0.00715236 -0.00201587 -0.0188142 0.013771 0.0188666 -0.0254666 -0.024016 -0.0251076 -0.00909485 -0.000794677 -0.0370405 -0.0251721 -0.0373007 -0.0258374 -0.00834326 -0.0169948 -0.0089051 -0.00132851 -0.0364985 0.0364425 0.0645333 -0.0497913 0.00475162 3.08025e-06 -0.0271926 -0.0242055 0.101444 0.0325334 0.00225988 0.0275888 -0.0385153 -0.0177801 0.0363459 -0.00676614 -0.0106863 0.036216 0.0552983 0.0114699 0.0319948 -0.0275796 -0.0334839 0.00240765 -0.0574507 0.00429954 0.0148153 0.000125696 0.0527654 -0.00518925 0.148152 0.0285574 -0.00947429 -0.00792902 0.00273195 0.00655876 0.014552 0.0206839 -0.0021075 0.0201349 -0.00282878 0.00370722 -0.0180676 0.00420059 -0.00269677 -0.036081 -0.0335554 0.0205396 -0.0023609 -0.00821985 0.050113 -0.00475123 -0.016587 -0.0114513 -0.0039368 0.0239719 0.0296126 0.01399 -0.00466007 -0.00620546 -0.0253901 -0.0189418 -0.0314081 0.000188932 0.00198105 -0.0454478 -0.0183142 -0.0169983 0.0384234 -0.0130981 0.0296767 0.0661548 0.0413737 -0.0272444 0.0210897 -0.0451276 0.0178479 -0.0293592 -0.0077247 0.0201714 -0.0273176 0.00010694 -0.0354447 -0.0162099 -0.0655647 -0.0054561 -0.0143186 -0.0460554 0.0329789 -0.0362412 0.00916192 0.00143857 0.0116313 0.052835 -0.00531937 -0.0101216 -0.0159948 0.0623684 0.0398406 0.0254463 0.0289934 -0.0219457 0.00470249 -0.0146505 0.00147182 0.0333181 -0.0128022 0.0245977 0.0222405 -0.0144497 -0.0264589 0.205529 0.0123424 0.0120166 0.015842 0.00630634 0.0213527 0.00719012 0.0459775 -0.0291875 -0.0273971 -0.0396374 0.00550808 -0.0246334 -0.00297224 0.0142472 -0.0451749 0.000125822 0.0101073 0.00377722 -0.0131868 0.0633538 -0.0378095 0.0872649 -0.0240727 0.054879 -0.0023584 -8.24607e-05 0.038372 -0.0144512 -0.00243742 0.02002 0.010015 0.0109095 -0.0236002 -0.0194223 -0.0195018 -0.0109275 -0.0564946 0.0458959 -0.00304501 -0.00349847 -0.000132105 0.0065565 -0.0159835 -0.0198888 0.0218412 -0.0115826 0.0101134 -0.00706155 -0.0174388 0.00304727 -0.0578063 0.00163331 -0.0209381 -0.042488 0.0307449 -0.0145724 -0.0351625 0.0486656 -0.0192529 0.00138993 0.0334678 -0.0357928 0.0434817 0.00884987 -0.00295285 0.00165417 -0.0022881 -0.0243989 -0.0205508 0.0328258 0.00759119 0.0190619 0.0169611 -0.00557303 0.00519274 0.0126795 0.0132087 0.00688681 -0.0278977 -0.00794602 -0.00652252 0.0339616 -0.0425094 0.00904783 -0.00771921 0.0137153 -0.0588613 -0.146092 0.0165787 0.0100334 -0.0332869 0.00617044 0.0326182 0.0514407 0.00220806 -0.0155649 -0.0115745 0.0227773 0.00513812 -0.0158818 -0.0260171 -0.000688555 -0.00148221 -0.00336564 -0.0125199 -0.0199797 -0.0405672 0.019454 -0.0239484 0.013359 -0.0236477 -0.0224441 0.0329951 0.0102895 -0.0307742 -0.00323554 -0.0127088 -0.00656083 3.41159e-05 0.0139254 0.0233738 0.00719917 0.00489517 0.000339156 0.0235608 0.0309474 -0.0250441 0.00022542 -0.0257959 0.000218297 0.0164387 -0.0850145 -0.0223655 -0.0115259 0.0352773 -0.0169772 0.0068236 0.00278168 -0.094497 0.0136381 -0.0119696 -0.0436615 -0.0863371 -0.0110851 -0.00146294 0.0292026 0.00978997 -0.0645721 0.0171462 -0.00458888 -0.0257976 -0.0219129 -0.00806928 0.00941412 -0.00112549 -0.0420427 -0.000927441 -0.00971243 -0.0178249 -0.0195191 0.0200777 0.0508834 -0.0221643 0.002332 0.0293064 -0.0404457 

network 2 1000
edges0
208 208 255 255 102 208 102 255 208 269 208 199 102 255 269 255 208 269 199 102 202 255 208 269 202 83 102 199 112 208 255 202 83 199 102 269 112 208 102 255 199 83 145 202 269 102 155 83 202 208 269 199 83 255 102 269 112 145 199 208 244 155 112 269 208 83 202 145 155 244 255 83 269 112 244 255 145 102 199 208 287 90 155 202 155 202 269 102 83 199 112 90 244 287 83 269 145 202 90 155 112 282 102 255 287 244 199 244 269 102 287 282 255 202 155 186 199 208 90 145 83 255 145 282 269 268 155 83 210 112 145 83 102 208 86 282 155 186 213 83 255 199 112 155 90 210 208 282 102 202 186 268 145 202 213 186 86 208 282 199 90 102 145 255 269 199 282 287 83 202 83 269 255 145 282 155 208 282 202 155 186 244 269 83 255 213 130 98 268 145 112 210 244 102 269 112 287 287 282 90 208 108 130 112 255 186 269 287 90 145 44 208 155 108 210 282 90 287 83 130 155 102 202 268 255 269 130 90 83 287 155 208 83 282 98 145 263 86 108 244 287 113 90 244 255 202 268 201 113 155 269 244 202 155 282 213 108 113 186 199 263 90 201 282 213 145 208 108 155 269 202 255 210 121 98 186 90 186 202 130 299 282 285 244 83 98 108 155 287 121 202 108 263 130 299 94 255 287 269 155 210 208 156 86 112 155 102 145 287 299 83 285 201 90 186 287 299 90 208 86 113 285 44 244 255 199 287 208 201 44 213 156 202 199 263 121 102 285 131 285 199 210 282 113 287 263 90 18 102 130 208 108 265 287 131 102 108 175 113 199 112 299 98 208 282 102 108 18 186 202 299 175 112 121 94 299 268 90 263 155 83 175 33 285 18 24 268 145 31 213 244 102 18 208 285 112 282 269 201 112 175 31 102 282 213 99 263 244 285 102 145 186 265 278 202 99 199 268 113 31 98 255 208 44 299 201 265 248 269 199 108 299 90 99 297 31 282 83 108 268 210 121 155 255 202 145 44 131 263 31 44 265 201 269 155 285 83 186 145 202 269 255 155 175 244 265 241 112 199 60 297 83 248 145 31 269 112 82 287 241 201 269 112 145 253 255 90 287 285 121 98 248 37 186 268 265 201 210 199 90 199 208 255 268 156 244 282 263 145 265 33 278 248 162 278 287 210 108 156 90 265 99 262 199 155 94 186 108 208 113 202 244 201 175 297 86 155 27 287 186 268 253 210 282 201 98 112 102 208 145 155 37 99 287 244 269 268 102 60 299 210 18 98 82 282 33 44 263 268 82 108 278 241 113 282 99 186 31 210 299 156 265 31 131 135 108 27 255 86 210 44 162 262 54 202 31 162 24 86 186 52 255 248 131 156 28 99 268 28 210 202 297 44 102 199 208 82 52 9 210 263 54 288 175 37 31 299 274 44 157 90 208 98 248 135 201 282 157 255 83 108 52 155 269 108 162 244 287 82 54 90 186 288 282 90 135 37 145 99 282 255 263 201 287 268 18 285 112 130 186 269 287 44 208 113 253 97 31 162 99 148 24 285 131 186 133 269 284 155 255 162 201 133 268 86 135 83 269 175 186 201 270 287 268 244 156 135 251 288 82 27 130 112 269 99 199 44 175 83 82 102 155 208 269 97 131 285 241 269 99 102 255 156 18 282 37 27 133 184 255 282 262 60 31 289 244 287 108 97 251 282 112 52 31 294 82 269 265 135 255 27 184 299 108 97 145 208 186 268 102 282 269 24 52 156 282 255 213 90 186 112 248 33 208 297 31 270 18 27 130 210 28 260 112 113 253 86 299 208 278 145 135 258 199 54 9 86 208 29 263 258 299 82 51 287 27 86 54 24 263 243 108 44 265 148 201 175 90 83 270 112 263 104 83 162 268 145 284 278 108 251 297 241 102 299 208 133 113 31 175 155 130 274 99 83 28 289 10 37 297 269 255 186 99 37 186 135 255 265 288 83 90 216 260 54 263 208 201 98 186 51 210 179 185 199 83 285 179 24 263 18 73 186 11 27 201 184 83 162 186 255 265 94 179 37 37 199 33 15 269 155 258 287 97 186 90 82 175 299 248 98 299 289 90 268 98 184 287 155 186 205 299 145 29 44 97 268 99 207 201 184 108 202 135 156 145 99 165 102 284 131 60 99 145 82 33 244 269 208 210 98 156 299 76 94 282 186 263 278 165 37 102 24 265 51 266 131 145 90 289 287 260 288 265 287 202 18 131 31 179 29 112 274 108 156 268 9 210 155 186 
edges1
255 102 102 269 269 269 199 199 199 199 202 202 202 202 202 83 83 83 83 83 83 112 112 112 112 112 112 112 145 145 145 145 145 145 145 145 155 155 155 155 155 155 155 155 155 244 244 244 244 244 244 244 287 287 287 287 287 287 287 287 287 287 90 90 90 90 90 90 90 90 90 210 210 210 210 210 210 210 210 210 210 210 210 210 282 282 282 282 282 282 282 282 282 282 186 186 186 186 186 186 186 186 186 186 186 186 186 268 268 268 268 268 268 268 268 268 268 268 268 268 268 86 86 86 113 113 113 113 113 213 213 213 213 213 213 213 213 213 201 201 201 201 201 201 201 201 201 201 201 201 201 201 201 130 130 130 130 130 130 130 130 130 130 121 121 121 121 121 121 121 98 98 98 98 98 98 98 108 108 108 108 108 108 108 108 108 108 108 108 108 108 44 44 44 44 44 44 94 94 94 94 94 94 94 94 94 156 156 156 156 156 156 156 156 263 263 263 263 263 263 263 263 263 263 263 263 33 33 33 33 33 285 285 285 285 285 285 285 285 285 285 285 285 253 253 253 253 253 253 253 99 99 99 99 99 99 99 99 99 99 99 299 299 299 299 299 299 299 299 299 299 299 299 299 299 299 82 82 82 82 82 82 82 82 82 82 82 82 82 82 24 24 24 24 24 24 24 24 24 24 131 131 131 131 131 131 131 131 131 131 131 131 131 131 18 18 18 18 18 18 18 18 18 18 18 18 175 175 175 175 175 175 175 175 175 175 175 175 175 265 265 265 265 265 265 265 265 265 265 265 265 265 31 31 31 31 31 31 31 31 31 31 31 251 251 251 251 251 251 251 251 251 251 251 251 278 278 278 278 278 278 278 278 278 278 278 241 241 241 241 241 241 241 241 241 241 241 241 289 289 289 289 289 289 289 297 297 297 297 297 297 297 297 248 248 248 248 248 248 248 248 248 248 248 248 248 248 60 60 60 60 60 37 37 37 37 37 37 37 37 37 37 37 37 37 37 37 37 266 266 266 266 266 266 266 162 162 162 162 162 162 162 162 162 162 162 162 162 162 27 27 27 27 27 27 27 27 27 27 27 27 284 284 284 284 284 284 284 284 284 284 262 262 262 262 262 262 262 262 262 135 135 135 135 135 135 135 135 135 135 135 135 135 157 157 157 157 157 157 157 157 157 157 157 157 157 270 270 270 270 270 270 270 270 270 270 270 270 288 288 288 288 288 288 288 288 288 52 52 52 52 52 52 52 52 52 294 294 294 294 294 294 294 294 294 294 294 148 148 148 148 148 148 148 28 28 28 28 28 28 28 28 54 54 54 54 54 54 54 54 54 54 54 9 9 9 9 9 9 9 9 9 9 9 9 9 274 274 274 274 274 274 274 274 97 97 97 97 97 97 97 97 97 97 97 97 97 97 97 97 243 243 243 243 243 243 243 243 243 243 243 243 243 206 206 206 206 206 206 206 206 206 206 206 258 258 258 258 258 258 258 258 258 258 133 133 133 133 133 133 133 133 133 133 133 133 260 260 260 260 260 260 260 260 260 260 260 11 11 11 11 11 173 173 173 173 173 173 173 173 173 173 173 216 216 216 216 216 216 216 216 216 216 216 216 184 184 184 184 184 184 184 184 184 184 184 10 10 10 10 10 10 10 10 10 104 104 104 104 104 104 104 104 29 29 29 29 29 29 29 29 29 29 283 283 283 283 283 283 283 283 51 51 51 51 51 51 51 51 51 51 51 51 51 51 76 76 76 76 76 76 76 76 76 76 76 76 76 76 76 76 76 74 74 74 74 74 74 74 74 74 74 74 179 179 179 179 179 179 179 179 179 179 179 146 146 146 146 146 146 146 146 146 146 146 146 146 146 146 146 185 185 185 185 185 185 185 185 185 185 185 185 185 73 73 73 73 73 73 73 73 73 73 73 178 178 178 178 178 178 178 178 178 178 207 207 207 207 207 207 207 207 207 207 207 207 207 207 207 16 16 16 16 16 205 205 205 205 205 205 205 205 205 205 205 15 15 15 15 15 15 15 15 15 15 209 209 209 209 209 209 209 209 209 209 209 209 209 209 209 209 165 165 165 165 165 165 165 165 165 165 291 291 291 291 291 291 291 291 291 291 196 196 196 196 196 196 196 196 196 196 196 14 14 14 14 14 14 14 14 14 264 264 264 264 264 264 264 264 264 264 109 109 109 109 109 109 109 109 109 109 109 164 164 164 164 164 164 164 164 164 107 107 107 107 107 107 107 107 107 
weights
-0.00368035 -0.0414048 -0.0114496 -0.101819 0.000813698 0.00211339 -0.00563374 -0.00934919 -0.0944637 -0.0138965 0.0140698 -0.0344416 0.00383513 0.0160334 0.00299045 -0.0075389 -0.0109271 0.0202487 0.0364163 -0.013832 -0.0430387 -0.0183321 -0.0155412 0.00334379 -0.0218541 -0.00913557 -0.0289822 0.0078886 -0.00254116 -0.0062416 0.0130121 0.000820468 -0.0187333 0.03337 0.00904218 -0.00864936 0.014357 -0.0200844 -0.164173 0.00592868 0.0188529 0.0529686 -0.0177969 -0.0326464 -0.0310832 -0.00155158 0.0167291 -0.00039588 0.0166443 -0.0311022 0.109639 -0.00225552 -0.0186763 0.002711 0.0795982 0.0402975 -0.0236748 -0.00349062 -0.00216625 -0.0318033 -0.00564287 0.0501989 -0.0298771 -0.000111525 -0.0489609 0.0175551 0.000859878 -0.0565277 0.0363991 -0.0445929 -0.0164051 -0.00309264 0.018163 0.00987631 -0.0152021 0.0289313 0.0512463 0.0702018 0.00877997 -0.00347254 -0.0421443 -0.00202568 -0.00748663 -0.00785355 -0.00874985 -0.0102757 0.00530461 0.00348084 0.0145289 -0.0240079 0.00983891 0.0025914 -0.0446319 0.0456146 0.00410586 -0.0012407 0.00474915 -0.00435932 0.0233184 0.0295822 -0.00722433 0.0401102 -0.0338953 0.0233376 -0.0186956 0.004742 0.0210653 -0.0668354 -0.00736947 0.0145578 0.0190002 0.015087 -0.0405007 0.0214054 -0.00523096 0.0146312 -0.00260713 0.00252543 -0.0113416 -0.0424498 0.0292927 0.0118928 0.010751 0.0100555 -0.0166614 -0.0201137 -0.0119311 -0.0149687 0.0232914 -0.00834582 -0.0404883 -0.00314641 -0.00851199 -0.0306503 0.0576128 -0.0132614 0.0150262 0.00209417 -0.0261075 0.0167445 -0.0285533 -0.0310903 0.00711547 -0.00237095 0.0297066 -0.00596802 -0.0389273 0.0022404 0.0138098 -0.0265277 0.0217323 -0.00971155 0.0118806 0.0082503 0.0260483 0.0224601 -0.00700562 -0.0396783 -0.0233135 0.0153776 -0.000466679 0.0222815 0.00222127 -0.000983949 -0.0016576 -0.0178194 0.0209772 -0.0290113 -0.016032 -0.0046491 -0.00483497 0.0400957 -0.00393923 0.0144283 0.0134897 0.00673513 0.00197628 -0.0103688 0.0399741 -0.0499021 0.0101338 0.0094634 -0.0193976 -0.0592226 -0.0493712 0.0241032 -0.0109794 0.0402518 0.0254877 -0.0399797 -0.0038716 0.0391609 -0.0388803 0.00462235 0.00713266 0.012927 0.00643088 0.00900064 -0.0078738 0.0219902 0.0455461 0.00313394 0.0153016 -0.0083433 0.043457 0.0299482 0.0488007 -0.00366162 -0.00484702 -0.0105069 0.00986528 -0.00597138 -0.013382 0.0768717 -0.0306006 0.0131032 0.00999419 -0.0175347 0.0059324 0.0187959 0.0637992 -0.021921 0.00475533 0.000402798 0.0133039 -0.00707464 -0.0127153 -0.000318435 0.0190455 -0.00126953 -0.0206385 0.0602164 0.0348575 -0.018826 -0.0942377 0.00488644 0.00294873 0.00168376 -0.0273169 -0.0553815 -0.00930328 -0.0177559 -0.0455177 0.00616024 -0.00261552 -0.00561403 -0.0558858 0.0104078 0.00476537 -0.0140299 -0.030502 0.0558863 -0.00557819 0.0216178 0.00728253 -0.0168099 -0.015323 -0.00552373 0.00611095 -0.00126953 0.00296761 -0.0253346 0.000200378 -0.0307308 -0.0191925 0.0775976 -0.00995858 0.027239 -0.00709544 -0.00204843 -0.0239323 -0.00978432 0.0494496 0.00435945 -0.0247248 -0.00569445 0.0129444 0.00711119 0.0268363 0.014286 0.0440942 0.113165 0.00508909 0.00362703 0.0261974 -0.00273437 -0.0205204 0.000527666 -0.0396319 0.00232243 -0.0201656 0.0925215 0.0185432 0.0640152 0.00366046 0.00255316 -0.00894132 -0.0229099 0.028483 0.0261812 -0.041996 -0.0299454 0.00858776 -0.0130337 -0.000250485 -0.0126646 -0.0110243 -0.0323944 -0.00237992 -0.110565 0.00166062 0.0308885 -0.0325732 -0.00179129 0.0218621 -0.0346411 -0.0174489 0.0327022 -0.00542085 0.00514591 0.0131801 0.00836699 -0.00161812 -0.0449615 -0.00309536 0.00155357 -0.00422468 0.0144961 -0.0209341 -0.0336772 -0.0646346 -0.00391383 -0.0350267 -0.0135593 0.0210807 0.00751517 -0.052437 -0.00968384 -0.00877343 6.9003e-05 -0.00953004 0.0055916 -0.00584512 -0.0143346 0.0389666 -0.0312527 -0.0263336 -0.00875092 0.0395052 0.00754624 0.0715121 -0.0313388 -0.00682461 -0.00201296 -0.00666956 0.0311226 0.00600199 0.0545292 -0.0215893 0.01842 0.0176871 -0.0047692 0.0147503 -0.0306159 0.0475505 0.0473006 -0.0152107 -0.0179085 0.0545736 0.0133616 0.0152405 -0.00240523 -0.00557977 -0.0271494 0.0268198 0.0103058 0.0170205 0.0191339 0.0318725 0.0721897 0.0290112 -0.0186586 -0.0239267 -0.0223576 -0.071375 -0.0461228 -0.00062368 0.0511558 0.0139246 -0.00278129 -0.00410456 -0.00690868 -0.00161336 -0.0119605 -0.0160924 0.0193749 0.0234908 0.00842816 0.0913261 0.00543624 -0.0432419 0.0454245 -0.0628768 0.00188891 0.0562444 0.0541416 0.00284562 0.0297649 0.0286024 -0.00177505 -0.00958537 -0.0210807 -0.0234535 -0.00205943 0.0219548 -0.0170976 0.0325895 -0.00477061 0.00427819 0.000433788 0.0171034 -0.00476083 0.0364481 -0.0134711 -0.00332975 0.0027135 -0.0150214 0.118608 0.000431134 -0.0302236 0.000700477 0.0308057 -0.0402211 -0.00715282 -0.0555643 -0.00793503 0.0249971 0.0561824 -0.00179638 0.012517 0.00317873 -0.0118792 -0.0550954 -0.00120811 0.0403979 -0.0245772 -0.00758402 0.00607353 -0.0289921 0.00437998 -0.0198766 -0.0345585 0.00252581 0.0527978 -0.0479795 0.0317658 -0.0260352 -0.00768129 0.000114961 0.0174944 -0.000785774 -0.00768894 0.0110016 0.00016983 0.00153804 0.0282142 -0.0188641 0.00498343 -0.0350409 0.00109586 0.0157963 -0.0409849 -0.0461393 -0.00543898 -0.0277743 0.00419411 -0.00712439 0.0284754 0.0237208 0.00547967 -0.0100189 0.0534291 -0.0105278 0.00950287 0.0129737 -0.0357564 -0.0722055 -0.00855644 0.000356873 -0.0428319 -0.00611559 0.0180514 0.00901525 -0.0131213 -0.033434 0.0319737 -0.00299852 0.0059175 0.0343255 0.0176658 0.0128377 -0.135623 0.00369705 -0.0412427 -0.0514657 0.0253191 -0.0198358 0.0321248 -0.0157384 -0.00628253 0.0571911 -0.0209801 0.0373005 -0.0106643 -0.0631927 -0.0151968 -0.0127168 0.00846155 0.0915583 0.0360982 -0.0121499 0.0017505 -0.000845664 0.0155549 -0.00752006 -0.00430511 -0.0440018 0.0456111 0.0284358 -0.0130979 -0.0640954 -0.0576431 -0.0102717 0.0341799 -0.00249373 -0.00651723 -0.00528388 0.0175602 -0.0231579 -0.0812433 -0.0294971 0.054287 0.0018614 0.0293383 -0.0739439 -0.0196177 -0.000177446 0.0529865 0.00759363 -0.0378547 0.0764279 0.0498779 -0.0047472 -0.00789521 0.0107135 0.0547373 0.0031648 0.0355834 0.0204043 0.0161652 -0.0272423 -0.0115943 0.00207035 0.0416493 0.00637853 0.0337193 -0.0233674 0.0415346 -0.0573493 -0.00483267 -0.009196 0.0125503 -0.00847844 0.00313495 -0.0167544 -0.00433287 0.0642764 0.0262607 0.0643866 -0.0629487 -0.0521718 -0.0264641 -0.00527984 -0.00400475 -0.00583971 0.0305952 -0.00866193 -0.00620317 0.00377879 -0.00324043 -0.00260792 0.0367652 0.00360661 0.00970514 0.0427453 0.0117028 -0.00990091 0.00435601 -0.0117034 0.00281494 0.0128475 -0.00420302 -0.0867967 0.00984185 -0.0112061 0.0325006 -0.0295418 0.161209 0.0190716 -0.0080148 0.0420584 -0.0188845 -0.00262713 -0.0373064 0.0304181 -0.00685683 0.00653915 -0.0366188 0.00256718 -0.00191505 0.0153114 0.00090613 -0.00219169 -0.0120793 0.0423487 -0.032672 -0.00225514 0.0515142 -0.00933523 0.0055251 -0.00529671 0.0103692 -0.0220708 0.0060396 -0.0112462 0.014414 -0.00935031 -0.0840367 -0.0754393 0.023579 -0.016641 0.0201839 -0.0112156 -0.0195553 0.00317757 0.058116 -0.0342268 0.00237984 0.0288301 -0.014603 0.0585577 0.0368017 0.0146168 -0.0223993 0.025033 -0.0300289 -0.0427596 0.025847 0.0129791 0.000890501 -0.00344019 -0.00381699 -0.00193062 0.0116688 0.00958976 0.0384712 0.032994 0.0362133 0.0831863 -0.00159901 -0.00633103 0.00846912 0.0172006 -0.00960492 -0.00302718 -0.0901657 -0.0275463 0.0588881 0.0112829 0.0281703 -0.0350272 -0.0185267 -0.00207621 0.00652565 -0.0424328 0.0243486 0.0297454 -0.0468385 0.025811 0.0185745 -0.000239251 0.0492177 -0.0135461 0.0168547 -0.00129797 0.00172967 -0.0115956 -0.0553848 0.0246021 -0.0215432 0.0311441 -0.0386141 0.0168443 -0.0263304 0.0260297 0.000937666 0.0170078 0.0227668 -0.0323124 0.00509548 0.0345132 0.0585343 -0.0229326 0.00436745 0.0496546 0.0244584 -0.0370465 0.0105047 -0.00700943 0.0245875 -0.021381 -0.0207095 -0.0845753 -0.0226408 0.0500312 -0.0269611 0.00643148 -0.00775389 0.0418356 0.0103 0.0169377 -0.00489154 0.0317684 0.00543064 0.0144582 -0.000797788 0.0218749 -0.0151343 0.0201432 -0.0114985 -0.0238069 0.100411 -0.0041726 0.0171604 -0.0133682 0.0227893 0.0066556 0.00832629 0.0224684 -0.00368328 0.00085696 -0.0214341 -0.00965775 -0.0342927 0.0538355 -0.00701396 0.0301471 -0.00809114 -0.00523434 0.0221129 0.0291799 0.0212198 0.00948624 -0.0478619 -0.00238094 -0.0234787 0.0995115 0.0545054 0.0207594 -0.0611072 0.00271111 0.0289247 0.0118326 0.0402424 -0.00781384 -0.00835954 -0.00447427 0.0178322 -0.00464231 0.00600518 -0.00200546 0.0361516 -0.0396637 -0.0430739 -0.011498 0.0180003 0.00120972 -0.0431298 0.0429839 0.0047365 -0.0111843 -0.0252869 0.0234301 0.0223138 0.00603647 -0.0174947 -0.0496092 0.024816 -0.0136109 -0.0013216 0.0113375 0.000573713 -0.0218263 0.000876134 0.0254264 -0.00674298 -0.0385591 0.00569423 -0.000788781 0.118959 0.0144846 -0.0127858 0.0541504 0.0385751 0.0286334 0.0194747 -0.00247186 -0.0113084 -0.008477 -0.0138222 -0.0130155 0.00134211 0.0139531 0.0220397 -0.017562 -0.00645841 0.00477045 -0.0166974 -0.00615688 0.00186181 -0.0249787 0.0213272 -0.0275341 -0.0273538 -0.0105234 0.00868473 0.000110448 0.00746798 0.0109658 -0.000555212 -0.0133004 -0.00569745 0.00327955 -0.0371299 -0.012886 -0.00932935 0.0694972 -0.00118699 0.00349543 0.00826284 -0.00416253 -0.00923846 -0.0333656 -0.0395968 -0.00138289 0.00733849 0.128306 -0.0225933 0.00168944 -0.0237852 -0.00648447 -0.0422751 0.00332374 -0.0056549 0.106222 -0.0398627 -0.0369952 0.0664262 0.000434083 0.0498147 0.0110166 0.0215384 0.00033345 -0.0027167 -0.00816723 -0.0194511 0.0400445 0.086162 -0.00581094 0.0202026 0.0862249 0.00206932 -0.0152505 -0.0123199 0.0276087 -0.00466362 -0.0113173 0.00935415 0.0147168 0.0303168 0.00305044 -0.0883335 0.0159851 -0.0154722 0.0069292 -0.0116561 0.0100157 -0.0193783 0.00598673 -0.0384353 0.0315858 -0.0379693 -0.0254472 -0.00858966 -0.103477 -0.013867 -0.00792158 0.024084 -0.0458574 -0.0128962 0.0263775 0.0115479 0.0133272 -0.0295064 -0.028163 -0.0324442 0.0331003 0.0373377 -0.0204704 0.0248173 -0.0240034 -0.012486 0.00606315 -0.0488767 -0.0245258 0.0186521 -0.00206249 0.0155917 0.0265708 -0.0183583 0.0271936 -0.00348521 0.0480536 0.0187363 -0.00493495 0.0373702 -0.005468 -0.0121386 0.0314146 -0.00900597 -0.0649863 0.0133312 -0.0528859 0.0193617 0.0256874 0.00142813 -0.0148789 0.00262981 0.00672061 -0.0349062 0.0083945 0.00353408 0.0014602 0.00261162 -0.0400819 0.0446886 -0.00382581 -0.0152389 0.00418251 -0.00841453 -0.0011404 -0.00126409 0.0329087 0.0148222 0.000557423 -0.0576434 0.0540586 -0.0549528 0.0420276 0.00394275 -0.0297927 0.00766692 -0.00610475 0.0841629 -0.048291 0.00545391 0.0364501 0.01199 -0.0180734 0.00644551 -0.0014244 0.00832977 0.0160395 -0.0402071 -0.0756025 -0.00939734 0.0219506 -0.0147244 -0.0629221 -0.00722711 0.0447137 -0.00438142 -0.0585918 -0.00408771 -0.0525242 0.0737842 -0.0454625 -0.00410086 -0.0606092 0.00740796 
