Parameters used to generate the architecture:
rdynamics 1
capacity 1
replenish 2375
inflow 400
outflow 100
hsymmetry 0
ecosel 1.8
dispersal 0.01
birth 1
survival 0.8
sexsel 10
matingcost 0.01
demesizes 100 0 
nvertices 30 30 30 
nedges 30 30 30 
nchrom 3
mutation 0.001
recombination 3
allfreq 0.2
scaleA 1 1 1 
scaleD 0 0 0 
scaleI 0 0 0 
scaleE 0 0 0 
skews 1 1 1 
effectshape 2
effectscale 1
interactionshape 5
interactionscale 1
dominancevar 1
tburnin 0
tend 10
tsave 10
tfreeze 100
talkative 1
record 1
datsave 1
choosewhattosave 0
gensave 0
archsave 1
archload 0
parsave 1
archfile architecture.txt
parfile paramlog.txt
orderfile whattosave.txt
logfile log.txt
seed 1592925417379311967
ntrials 100

Architecture:
chromosomes
0.333333 0.666667 1 
traits
1 2 1 0 2 1 1 2 2 2 1 0 0 1 0 2 1 2 2 0 0 0 1 2 2 1 0 1 2 1 2 2 0 1 0 0 2 2 1 0 0 0 2 1 2 0 1 2 0 2 0 2 0 2 1 2 0 2 1 1 0 0 0 1 2 1 0 1 0 1 2 1 1 0 2 0 2 0 2 0 2 1 1 1 0 2 1 0 1 1 
locations
0.0201566 0.0284685 0.0539805 0.0571902 0.0711855 0.0771318 0.0772965 0.0776851 0.0856774 0.0879991 0.0968319 0.105855 0.126426 0.126633 0.145545 0.196183 0.20428 0.225953 0.230743 0.254578 0.268252 0.272456 0.27954 0.279965 0.283722 0.290376 0.297215 0.307622 0.325773 0.330457 0.365641 0.366072 0.392037 0.39451 0.395168 0.434626 0.439507 0.455753 0.457137 0.465877 0.477488 0.485444 0.509703 0.513513 0.546923 0.558053 0.579675 0.605742 0.611015 0.629392 0.636015 0.655229 0.655831 0.665377 0.669124 0.672997 0.695399 0.699513 0.712502 0.714272 0.71955 0.723714 0.732933 0.733833 0.740031 0.747546 0.754118 0.765272 0.776131 0.779052 0.788325 0.795639 0.795654 0.824834 0.838332 0.85727 0.864968 0.86665 0.866887 0.872015 0.907754 0.915629 0.936341 0.942862 0.955975 0.961327 0.962989 0.972815 0.978388 0.99758 
effects
0.0373105 -0.0872565 -0.124752 0.150675 -0.147011 -0.130678 0.150941 0.143083 0.0904285 -0.114862 0.0304206 -0.147988 0.226385 0.152522 0.120956 -0.337454 0.127208 -0.087278 -0.138118 -0.0868542 0.147467 0.0602919 -0.137605 -0.233786 0.253401 -0.241385 -0.113933 0.110297 0.142534 -0.486923 0.198555 -0.0654514 0.200735 -0.236397 -0.0697956 -0.0637568 0.2843 -0.103354 0.0273597 0.178245 -0.219842 0.0252936 0.0357608 0.0953333 0.0794439 0.316838 -0.263116 0.415511 -0.25466 -0.0286238 -0.134276 -0.231533 -0.134423 0.222594 -0.14735 -0.0353483 -0.0753614 0.0343527 0.115205 0.117756 -0.0597719 -0.145024 -0.596473 0.109891 0.145637 -0.215735 0.0657608 -0.0201367 0.0847409 -0.359006 0.100432 0.121409 -0.207127 0.11035 -0.0435739 -0.0556198 0.130108 0.250091 -0.214576 0.164773 -0.256929 -0.101005 -0.0679356 -0.0390287 0.090363 0.25522 0.274896 0.0399785 -0.0741561 -0.222699 
dominances
0.232882 0.252107 0.131669 0.111106 0.19485 0.0156114 0.0374678 0.199314 0.0110806 0.425208 0.104066 0.15385 0.0494984 0.307066 0.0549519 0.0719946 0.156774 0.118699 0.258232 0.118617 0.319957 0.11307 0.090398 0.0506987 0.229929 0.397942 0.126794 0.0680868 0.291636 0.0555351 0.194439 0.186389 0.033552 0.0333838 0.383851 0.0595262 0.129844 0.370705 0.0524824 0.0104775 0.172888 0.262763 0.0828204 0.345268 0.0908347 0.0965677 0.111997 0.0636308 0.0912973 0.0217678 0.124303 0.156869 0.337716 0.0241069 0.0381852 0.12573 0.0409501 0.303603 0.142601 0.015785 0.186708 0.372745 0.190444 0.39617 0.0307338 0.249131 0.261153 0.0709101 0.00560851 0.148931 0.244156 0.188064 0.256986 0.254105 0.000197523 0.121484 0.0659219 0.176121 0.0664388 0.0715776 0.0353989 0.120999 0.0331443 0.215813 0.0812752 0.0342976 0.143115 0.113757 0.185988 0.012105 

network 0 30
edges0
77 32 77 75 75 77 75 77 50 87 77 50 87 87 50 77 87 14 75 75 41 48 66 84 77 77 41 87 11 66 
edges1
32 75 60 50 21 56 79 66 87 11 41 41 39 26 62 14 45 48 34 84 20 73 68 12 52 19 35 40 61 3 
weights
-0.0744624 -0.0741016 -0.0868503 -0.15483 -0.136889 0.147806 0.194114 0.196279 0.276557 0.109665 -0.351815 -0.095867 -0.123263 -0.21996 -0.13865 -0.146735 0.179256 -0.0646158 0.218501 -0.170501 0.160734 0.207178 0.222595 -0.0917088 0.0888934 0.234608 -0.200069 0.365564 -0.0892616 -0.174465 

network 1 30
edges0
25 59 22 59 54 69 22 59 82 6 63 59 0 82 69 25 82 0 82 71 71 43 69 33 86 33 71 25 71 16 
edges1
59 22 65 54 69 43 6 82 0 63 38 33 13 71 71 72 2 67 81 46 5 86 10 89 16 27 83 88 29 58 
weights
0.104138 -0.121609 -0.163059 0.242912 0.164435 -0.225157 -0.257174 0.238786 0.263523 -0.177513 0.181895 -0.0872951 -0.17481 -0.21414 0.145642 -0.200196 -0.217286 0.133133 -0.239453 0.034318 -0.229192 -0.175131 0.180165 0.172489 -0.147618 -0.132979 0.149636 0.175555 0.160027 -0.146141 

network 2 30
edges0
49 42 42 30 51 24 51 30 44 42 30 64 64 42 51 64 30 24 44 44 42 37 36 51 30 64 1 36 42 42 
edges1
42 30 51 24 28 57 44 53 64 55 8 37 31 1 9 47 47 74 85 78 36 18 23 17 80 70 7 15 4 76 
weights
0.0936506 0.232785 0.0980824 0.113049 0.133287 0.192401 0.0591063 0.229175 0.0974646 0.138948 -0.193671 0.118232 0.143322 -0.105313 0.157994 0.151669 -0.21685 -0.208905 0.159419 0.23341 -0.326345 0.301282 -0.177446 -0.327697 -0.177001 0.188832 0.132121 -0.17627 -0.0404579 0.141761 
