Parameters used to generate the architecture:
rdynamics 1
capacity 1
replenish 2375
inflow 400
outflow 100
hsymmetry 1
ecosel 5
dispersal 0.01
birth 1
survival 0.8
sexsel 10
matingcost 0.01
demesizes 100 0 
nvertices 100 100 100 
nedges 100 100 100 
nchrom 3
mutation 0.001
recombination 3
allfreq 0.2
scaleA 1 1 1 
scaleD 0 0 0 
scaleI 0 0 0 
scaleE 0 0 0 
skews 1 1 1 
effectshape 5
effectscale 1
interactionshape 5
interactionscale 1
dominancevar 1
tburnin 1000
tend 3000
tsave 100
tfreeze 20001
talkative 1
record 1
datsave 1
choosewhattosave 1
gensave 0
archsave 1
archload 0
parsave 1
archfile architecture.txt
parfile paramlog.txt
orderfile whattosave.txt
seed 1587989349997436040
ntrials 1000

Architecture:
chromosomes
0.333333 0.666667 1 
traits
1 0 0 1 0 0 0 1 1 0 0 2 1 1 2 0 1 1 2 1 2 1 2 1 0 2 0 2 2 1 1 1 1 1 0 0 0 1 0 1 2 1 2 2 1 2 0 2 2 0 0 2 1 2 1 1 2 0 1 1 2 2 0 0 1 2 2 0 1 0 0 2 2 0 2 1 1 2 2 2 2 2 2 1 2 0 1 0 1 2 1 2 1 0 1 2 0 0 1 0 1 2 1 1 2 2 0 2 0 0 1 2 1 1 0 2 2 1 0 1 1 2 2 0 2 2 2 1 0 2 2 1 2 0 1 0 0 0 0 2 1 0 1 0 0 0 0 0 1 0 2 0 1 0 1 1 1 2 2 0 0 0 2 0 0 0 0 2 1 2 0 0 2 0 1 1 1 2 2 1 1 0 2 1 1 0 0 0 0 2 1 0 1 2 2 2 2 0 0 0 2 0 1 2 1 0 2 1 2 1 2 0 2 1 0 1 2 1 1 2 1 2 0 0 2 0 2 0 0 1 2 2 1 2 0 1 1 2 0 1 2 2 2 0 2 2 1 2 1 1 1 2 0 0 0 2 2 0 0 0 1 1 1 2 1 1 0 1 1 1 0 0 0 2 0 0 1 2 1 0 2 0 0 0 2 2 1 1 2 2 2 2 1 0 1 1 1 0 1 2 
locations
0.0020293 0.00226075 0.00537306 0.00869632 0.0117344 0.0124593 0.020637 0.0224142 0.022953 0.039106 0.0402541 0.0433631 0.0442494 0.0486545 0.0526518 0.0526524 0.0528748 0.0534624 0.0631156 0.0697643 0.0737073 0.078244 0.0790337 0.0843448 0.0894473 0.0959804 0.0984914 0.0990401 0.101003 0.106893 0.111566 0.112749 0.119374 0.120237 0.123867 0.128813 0.134382 0.144254 0.149921 0.150016 0.155361 0.162909 0.170805 0.188918 0.190398 0.192013 0.193197 0.193527 0.194176 0.194741 0.199408 0.201242 0.205399 0.208546 0.219024 0.219609 0.221071 0.221275 0.225533 0.229525 0.23713 0.239385 0.239448 0.239526 0.239902 0.240825 0.247674 0.254525 0.263074 0.265428 0.265579 0.275241 0.277595 0.283153 0.28461 0.292835 0.295133 0.295207 0.305993 0.311474 0.315471 0.316727 0.328905 0.329187 0.329205 0.331369 0.342026 0.344844 0.353886 0.354465 0.356912 0.358725 0.360589 0.364287 0.373923 0.377905 0.381979 0.384432 0.392725 0.393468 0.397562 0.408945 0.42318 0.431595 0.436633 0.437915 0.443711 0.445224 0.445613 0.459008 0.46179 0.463766 0.471432 0.473915 0.474046 0.480062 0.484032 0.501079 0.503296 0.50453 0.504735 0.51585 0.516063 0.520271 0.520315 0.52539 0.527682 0.529151 0.530058 0.530556 0.530601 0.533268 0.534491 0.536495 0.540715 0.544595 0.545519 0.547737 0.549037 0.55412 0.554284 0.554779 0.558608 0.559836 0.567798 0.568193 0.571487 0.571529 0.583024 0.58328 0.584145 0.591701 0.592387 0.592479 0.592669 0.597091 0.598713 0.599914 0.600065 0.602352 0.603071 0.60322 0.604801 0.605779 0.611488 0.615902 0.616235 0.618801 0.619054 0.627567 0.627943 0.628951 0.629298 0.629508 0.629955 0.632613 0.637449 0.644871 0.64542 0.646469 0.647198 0.647395 0.647449 0.655252 0.656856 0.66265 0.664393 0.665297 0.671504 0.674316 0.675572 0.676735 0.680741 0.680866 0.684182 0.685465 0.687182 0.687712 0.698158 0.704252 0.704471 0.705817 0.70761 0.708796 0.709153 0.71217 0.712324 0.718356 0.722508 0.723468 0.729395 0.731407 0.732281 0.733871 0.740893 0.7423 0.742708 0.74962 0.750754 0.753903 0.758605 0.772678 0.801366 0.802151 0.802172 0.806993 0.810162 0.812416 0.814989 0.817645 0.818448 0.820681 0.82287 0.833183 0.835846 0.836235 0.842331 0.845107 0.847269 0.848622 0.849331 0.850632 0.850775 0.853316 0.856792 0.862005 0.862032 0.862035 0.865708 0.865897 0.867614 0.871456 0.872287 0.881876 0.881945 0.883538 0.884384 0.885857 0.886504 0.886821 0.887007 0.89076 0.891291 0.891858 0.893163 0.894654 0.903331 0.906824 0.907043 0.909475 0.911593 0.911829 0.9143 0.917588 0.919331 0.928313 0.928517 0.929821 0.935402 0.937589 0.942429 0.948258 0.954438 0.954766 0.959445 0.96051 0.962662 0.965659 0.974696 0.982601 0.984164 0.984781 0.988173 0.990736 0.991848 0.993711 0.994386 0.996072 0.99725 0.998163 
effects
0.125824 0.0760395 0.105442 -0.0851869 -0.0739934 -0.0366583 0.0961245 -0.110683 -0.109193 -0.0872641 -0.0573165 0.0700526 0.0651496 -0.0777359 0.0689347 -0.095331 -0.087222 0.183483 -0.0611213 0.13664 0.130894 -0.0472031 -0.0923549 -0.0234006 -0.0915016 0.0872583 -0.0761896 -0.123189 -0.217375 0.0841223 0.0756185 0.159665 0.116986 -0.0691498 0.0714646 0.0851034 0.170498 0.0544914 0.0904814 -0.098113 0.184879 -0.0923011 0.0705132 0.0888947 -0.0981586 -0.0718567 0.0708822 -0.0953768 -0.120085 0.114506 0.22739 -0.0521703 0.152988 0.0782231 -0.132207 0.153189 0.0733157 -0.0917752 0.0497591 0.0654242 0.034593 -0.102357 -0.107602 -0.0589553 0.189793 0.223778 -0.0589317 -0.0895885 -0.0729517 0.0767534 0.0529606 -0.154424 -0.163434 -0.126107 -0.0824961 -0.0891099 0.163627 0.0737212 -0.105946 0.0584643 -0.0438661 -0.0753803 -0.106256 -0.0781813 -0.0929696 0.194359 -0.0825428 0.122318 -0.136451 -0.0392655 -0.13849 -0.138498 -0.0903616 -0.0988079 -0.10166 0.079494 0.0570313 0.0481578 0.158565 0.127807 0.0666517 0.0814907 -0.10438 0.0729397 0.11082 -0.0702776 -0.116372 0.0457077 0.0459029 0.1337 -0.179013 -0.0991374 -0.0842613 -0.0884854 -0.0380037 0.119034 0.233262 0.0399642 0.0209801 0.0876561 -0.0517368 -0.062038 -0.0444622 0.108672 -0.0598436 0.105408 0.048076 0.0841464 -0.0990616 0.0691916 0.0620575 0.167668 -0.215115 -0.0472234 0.049404 0.101651 0.0619457 -0.0646012 -0.099394 -0.0648566 0.0529043 0.0573993 -0.0900688 -0.084289 0.102932 0.0689368 0.132424 -0.200135 0.0984231 -0.0949671 -0.0619861 0.0320303 -0.101213 -0.030079 -0.0196824 -0.19025 -0.0785791 -0.0497656 -0.0414896 -0.0700858 0.114917 -0.091365 0.104227 -0.155604 0.041764 -0.0474669 0.054987 0.0606651 0.056371 0.0514297 0.106678 -0.106509 -0.242331 -0.0925454 -0.119341 -0.128781 0.0902698 -0.0692697 -0.0473048 -0.0846552 -0.0436204 -0.133481 -0.0595228 -0.0429337 0.095343 -0.0328705 0.0868572 0.12661 0.113276 -0.0976815 0.10557 -0.0566649 0.0638497 0.0599065 0.0958148 -0.0536826 0.103317 0.0472237 0.0988834 0.0447168 -0.112551 0.0972155 -0.11954 0.0889406 -0.0235968 0.11171 0.0627946 0.0975733 0.0631096 -0.093513 0.0581971 0.0244662 0.167181 0.116426 -0.106817 0.0524713 0.112331 0.0977969 0.0759834 0.0522337 -0.123638 -0.0887307 0.0599527 0.0443521 -0.0987643 0.112789 0.0364296 -0.136431 0.088829 0.0925861 0.162433 -0.0567423 0.12084 -0.0938786 0.160449 0.0406285 -0.0663299 0.0596816 0.120299 -0.0581999 0.0390758 0.0930356 -0.0372366 0.0641496 -0.0902919 0.128381 -0.10839 0.0420505 -0.0473432 -0.149066 -0.152622 -0.0784033 0.0707751 0.0390356 0.130983 -0.0632363 0.119398 -0.0207996 -0.0948344 0.0615467 -0.0388343 0.0451562 0.156111 0.0723734 0.0888137 -0.0479058 0.0544155 -0.0948328 0.0369286 0.0573332 -0.133376 -0.160796 -0.0819742 0.0523061 0.233091 0.122489 -0.0581177 0.0764338 0.0733276 0.0841024 0.0798924 0.113741 0.046157 0.101824 -0.127929 0.0766466 0.0702449 -0.0504296 -0.0892656 -0.0661211 -0.153405 -0.0941488 -0.105946 -0.10646 -0.115578 0.0263483 -0.11626 -0.0563443 0.0596755 0.0364207 
dominances
0.115431 0.0426751 0.0889601 0.139936 0.0193433 0.0888526 0.0666574 0.0685296 0.0179982 0.0283332 0.0160964 0.137639 0.0857789 0.141057 0.0477758 0.146116 0.100418 0.0338844 0.0255155 0.0414025 0.0736507 0.0160137 0.0857302 0.205472 0.167548 0.10472 0.0523857 0.0925171 0.0313738 0.0357921 0.0321206 0.198666 0.122221 0.075755 0.126221 0.0198174 0.0316831 0.116691 0.0235923 0.27869 0.0695633 0.0325051 0.0129064 0.0143102 0.13688 0.220018 0.19379 0.110631 0.000836719 0.23446 0.11608 0.0932932 0.0605299 0.0510402 0.0394916 0.0125325 0.0858829 0.0679122 0.07374 0.0744831 0.0268115 0.08637 0.10126 0.108192 0.175319 0.0337066 0.0863616 0.115743 0.0766209 0.204761 0.0382358 0.0180736 0.0884978 0.0283456 0.0282135 0.0572272 0.0883302 0.123196 0.0324444 0.0128312 0.102178 0.013122 0.0778166 0.201843 0.100431 0.164819 0.0459007 0.0741865 0.14171 0.0175458 0.0124826 0.113227 0.00747919 0.177772 0.0069469 0.12172 0.0501887 0.053199 0.24939 0.013985 0.0549606 0.00545783 0.114353 0.0502441 0.0142485 0.197316 0.030537 0.0439005 0.105265 0.0432579 0.0197667 0.0351024 0.177096 0.11082 0.094549 0.0794427 0.145026 0.0664989 0.161875 0.0651154 0.00365381 0.0921391 0.0410287 0.0427464 0.206222 0.27071 0.048782 0.00695611 0.0534479 0.00624104 0.290175 0.0184027 0.230636 0.102586 0.0764274 0.0640369 0.0216089 0.0151514 0.118522 0.0770037 0.0729995 0.143588 0.16748 0.0851853 0.0572353 0.209219 0.203582 0.108828 0.0736211 0.0277331 0.0742451 0.134599 0.0810028 0.0403189 0.0471274 0.0543556 0.037563 0.124066 0.158948 0.0159273 0.0532436 0.0904013 0.0343222 0.107743 0.00449277 0.023834 0.0111769 0.0582193 0.0233287 0.0455076 0.152778 0.0223999 0.12965 0.0881553 0.0148226 0.0987766 0.00311215 0.0782026 0.0343195 0.124803 0.0558547 0.0499547 0.11742 0.0523961 0.0906935 0.0776554 0.0486865 0.0478118 0.0619278 0.0582861 0.00561471 0.196648 0.00360564 0.0640432 0.174056 0.0298045 0.0135412 0.118266 0.0691783 0.0269295 0.0141323 0.0748156 0.064598 0.0334496 0.0176053 0.182001 0.0631511 0.270933 0.102147 0.0289616 0.0503128 0.0204579 0.0935579 0.0201967 0.0769334 0.0680466 0.00329325 0.129567 0.094352 0.106607 0.132042 0.0443838 0.0170882 0.0488689 0.0292613 0.097901 0.100021 0.04939 0.0223254 0.0389911 0.289625 0.101765 0.0513706 0.199024 0.0833624 0.10636 0.0314334 0.0386906 0.0586965 0.0597153 0.043882 0.0167498 0.0108706 0.0285681 0.0814398 0.0838765 0.150547 0.144281 0.00407782 0.0522831 0.0605618 0.0321343 0.0966893 0.0120529 0.0231342 0.0832674 0.0642288 0.0201783 0.176982 0.11331 0.000313361 0.117062 0.0629275 0.0278716 0.0480288 0.130088 0.0141976 0.0618161 0.130595 0.152712 0.0934414 0.216052 0.0718043 0.0145918 0.0792925 0.0905443 0.101228 0.129596 0.130296 0.0816434 0.0192578 0.0682729 0.190061 0.1627 0.0507648 0.00479919 0.165286 0.0454795 0.0271804 0.170455 0.013037 0.0793595 0.0235584 0.072928 0.158875 0.0561585 0.00396433 0.0609381 0.0633523 0.00441614 

network 0 100
edges0
223 223 223 99 223 109 223 99 223 253 99 109 145 181 109 223 223 118 73 73 223 253 99 145 99 223 99 253 223 99 181 99 109 136 135 136 163 253 99 109 223 145 266 253 99 223 73 26 99 270 99 99 99 145 223 138 70 99 145 181 223 163 223 199 223 145 145 223 266 253 253 171 223 99 253 165 165 145 171 188 223 114 135 253 114 253 135 109 293 99 73 163 166 99 266 87 49 109 188 73 
edges1
24 181 99 118 109 253 253 253 145 145 187 275 73 144 270 270 5 258 26 49 135 135 135 135 197 163 163 163 214 63 136 136 141 171 138 138 149 1 1 266 266 96 96 165 165 191 191 35 147 10 222 228 70 283 199 199 199 137 198 257 146 146 297 133 106 293 238 114 114 282 87 97 57 164 188 188 85 166 166 166 201 201 201 67 67 225 225 225 4 4 153 34 34 34 9 211 211 46 159 159 
weights
-0.045473 0.0726746 -0.111402 -0.100957 0.0812365 -0.0650593 -0.131799 0.0432976 -0.104551 0.056458 0.137831 -0.0994146 0.137949 0.0498793 0.0665952 0.0883971 0.0766584 -0.136418 0.0692934 0.0169094 0.103689 -0.099784 -0.0425834 0.200288 -0.0913115 -0.118914 -0.0994231 0.0574814 0.0938212 0.0886716 -0.084453 -0.0661246 0.0377443 0.225375 -0.0535404 0.0326533 0.0207042 0.0702257 -0.0813518 -0.240184 -0.0350432 0.100766 0.0684154 -0.111657 0.131249 -0.0754891 -0.0622167 -0.138068 0.0901901 -0.115151 -0.098857 0.200911 0.0422219 -0.176815 -0.0719594 0.0268308 0.0991573 -0.063069 0.128186 -0.0658254 0.0455768 -0.103968 -0.103167 -0.0770158 -0.0724544 -0.0854187 0.0849301 0.0704287 -0.0934297 0.0312968 0.156755 0.0527615 0.0575807 -0.0831294 0.0670958 0.0796909 0.0807178 0.102639 0.148146 -0.0842831 -0.132118 0.0745218 0.0547193 0.126316 0.0895619 -0.115292 -0.0450038 -0.096949 -0.0655782 -0.0501347 0.0430891 0.0848583 -0.167338 -0.0884432 0.132432 0.0303289 0.0248561 -0.0619245 -0.162301 0.166821 

network 1 100
edges0
220 30 220 220 30 236 30 140 140 30 16 220 30 100 30 220 248 52 31 30 16 16 29 37 100 37 235 236 37 30 52 30 103 246 236 294 140 220 100 100 30 19 37 294 37 220 30 286 31 86 268 250 294 220 21 68 31 31 268 250 8 220 140 32 209 220 220 37 236 31 16 209 110 140 248 58 37 236 7 269 100 220 262 37 16 17 30 220 278 52 30 250 236 37 248 100 86 16 17 110 
edges1
30 236 236 16 37 7 140 52 100 100 31 31 31 31 248 268 268 29 246 286 103 218 235 235 250 156 292 217 294 32 32 21 68 239 19 19 92 86 83 209 213 110 110 110 58 58 232 232 232 265 119 119 8 8 44 176 261 207 207 64 23 23 276 269 131 131 54 152 152 127 134 3 117 17 17 76 260 175 175 174 262 155 287 278 33 180 180 180 142 142 13 13 41 41 41 295 295 295 204 55 
weights
0.109942 0.0774424 0.102009 0.0911938 0.144423 -0.0553271 0.136199 0.0668089 -0.0824384 0.109533 0.0519267 -0.0397077 0.121381 -0.0470941 0.0611161 0.0955505 -0.116982 -0.0846554 0.0800664 -0.0742994 -0.084047 -0.0690144 0.0496224 0.0534938 0.122062 -0.0930758 -0.05832 -0.0975197 0.105515 0.101229 -0.0439902 -0.0853955 -0.179166 0.115689 0.0881183 -0.080585 -0.153194 0.0803735 -0.164228 0.0583269 -0.120645 0.0899429 -0.0711661 0.0466494 -0.0322928 -0.0603607 0.160024 0.131845 -0.184656 0.0627616 -0.0322753 0.123485 0.0865488 0.0980788 0.147978 0.0705365 -0.109568 0.117828 0.1539 0.0253587 -0.0399483 0.156326 0.109189 -0.117838 -0.101346 -0.0417107 0.0755072 0.0767735 -0.123104 -0.0666524 -0.0904528 -0.114952 0.0387747 -0.127972 0.0675896 0.0675513 0.0333984 0.138968 0.077759 -0.0511774 -0.0533636 0.0808411 0.107011 0.0483276 -0.11298 0.125193 -0.0893111 -0.0433017 -0.160558 0.086077 0.125898 0.10419 0.0809389 0.18101 0.173328 -0.085959 -0.0438283 -0.0631224 -0.0805498 -0.131105 

network 2 100
edges0
95 95 196 196 82 95 95 81 43 196 81 200 95 81 130 196 200 95 200 233 130 89 196 230 43 43 43 82 130 130 60 196 200 129 60 130 130 242 45 89 200 101 60 81 95 40 82 78 247 81 130 45 95 61 178 196 43 195 130 101 247 101 251 14 60 251 43 130 78 240 178 122 212 242 240 78 247 78 40 247 124 51 43 78 78 47 240 196 40 80 233 82 251 178 43 247 251 130 104 104 
edges1
196 82 82 81 81 81 43 107 167 167 200 130 130 60 40 40 89 233 101 101 129 230 255 51 182 178 291 61 61 66 251 124 124 242 242 219 45 45 247 247 247 14 14 20 20 78 285 22 22 22 195 289 256 80 193 193 122 122 210 240 240 47 212 237 237 126 74 27 27 53 206 206 189 189 105 25 79 77 77 11 273 172 157 157 71 169 203 203 203 203 208 104 104 48 48 72 91 91 91 245 
weights
0.12452 -0.0936406 -0.0721501 -0.0620869 0.100545 0.0590553 0.0957821 0.0871722 -0.136087 -0.0913595 0.0424051 -0.0775525 0.0398601 0.181964 0.0618449 -0.125101 -0.0477267 0.180612 -0.0628306 0.115575 0.0996347 -0.0233144 -0.140985 0.128249 -0.100591 0.122976 -0.0988567 -0.0430158 -0.0833069 -0.0620189 -0.124715 -0.0671614 0.0856503 -0.0720025 -0.110044 -0.0553716 -0.105354 -0.0503672 0.0773137 -0.0356558 -0.0912962 -0.0883397 -0.035087 -0.12804 -0.0776763 -0.0564056 0.0727666 -0.0718476 -0.130666 -0.167225 -0.0311507 -0.100523 0.116269 -0.145237 0.0364284 0.101384 0.147836 0.129725 -0.0648621 0.163991 0.0860732 -0.0738808 0.0629482 -0.0744162 -0.0765077 0.0551553 0.131129 -0.0402247 -0.118632 -0.0754014 -0.0622566 0.116865 -0.0925514 -0.138717 0.129037 0.0406887 0.0929235 0.052943 0.0672232 -0.0634613 -0.132191 -0.134392 0.166911 0.0337965 -0.206053 0.114651 -0.100267 0.0894294 -0.0565698 -0.0948283 -0.0608109 -0.195189 -0.0360011 0.174186 0.0871946 -0.0548447 -0.0570904 -0.0744944 0.0650604 -0.0752291 
