Parameters used to generate the architecture:
rdynamics 1
capacity 1
replenish 2375
inflow 400
outflow 100
hsymmetry 0
ecosel 1
dispersal 0.01
birth 1
survival 0.8
sexsel 10
matingcost 0.01
demesizes 100 0 
nvertices 100 100 100 
nedges 1000 1000 1000 
nchrom 3
mutation 0.0001
recombination 3
allfreq 0.2
scaleA 0.5 0.5 0.5 
scaleD 0 0 0 
scaleI 0.5 0.5 0.5 
scaleE 0 0 0 
skews 1 1 1 
effectshape 5
effectscale 1
interactionshape 1
interactionscale 1
dominancevar 1
tburnin 1000
tend 2000
tsave 100
tfreeze 20001
talkative 1
record 1
datsave 1
choosewhattosave 1
gensave 0
archsave 1
archload 0
parsave 1
archfile architecture.txt
parfile paramlog.txt
orderfile whattosave.txt
logfile log.txt
seed 1591705012886325844
ntrials 1000

Architecture:
chromosomes
0.333333 0.666667 1 
traits
2 2 0 1 2 2 1 0 2 1 1 1 0 2 2 1 1 1 0 0 2 2 2 2 1 1 2 1 2 0 2 2 0 1 2 2 0 2 2 0 0 2 2 0 0 1 0 0 1 0 0 0 0 2 0 2 1 1 1 1 0 1 2 1 0 2 2 2 2 1 1 2 1 1 0 0 2 0 0 0 2 2 1 1 1 0 0 2 1 1 0 1 0 0 2 2 0 0 1 0 0 2 2 0 1 0 0 2 1 0 1 0 0 1 0 1 1 1 1 2 2 2 2 1 0 2 0 0 0 1 0 1 1 1 0 0 1 2 1 1 0 1 2 0 0 1 0 1 2 0 2 0 1 0 0 1 2 1 1 1 1 2 0 2 2 1 0 2 2 1 1 1 0 1 2 1 1 0 1 1 1 2 0 1 0 2 1 2 1 0 0 1 1 0 1 0 2 2 0 1 0 0 1 2 1 2 0 2 2 1 1 2 0 2 1 1 0 2 0 2 1 2 1 0 2 1 1 1 0 0 1 2 2 1 0 2 2 2 1 0 1 1 2 0 0 1 0 2 0 2 2 0 2 0 0 0 2 2 2 2 2 2 1 2 0 1 1 2 1 1 0 2 0 2 0 2 2 2 0 0 0 1 1 2 0 0 2 2 2 0 1 1 2 2 0 1 2 0 0 2 
locations
0.00142334 0.00354116 0.00521733 0.00634202 0.0125185 0.0199392 0.0242243 0.0259685 0.0262798 0.0276634 0.0280993 0.0309206 0.0336393 0.0367123 0.0425494 0.0513255 0.0557845 0.0603674 0.0630475 0.0662648 0.0668836 0.0676639 0.0689709 0.0776909 0.0933936 0.0950959 0.106313 0.108868 0.111405 0.119068 0.122657 0.126049 0.126343 0.126635 0.128046 0.128351 0.134754 0.137333 0.139072 0.140669 0.142708 0.143477 0.147623 0.148664 0.149897 0.160808 0.168211 0.17277 0.179181 0.180832 0.193498 0.195823 0.196221 0.199093 0.20543 0.208592 0.209726 0.211994 0.214068 0.215032 0.216797 0.220908 0.223118 0.225154 0.227969 0.232198 0.236666 0.245753 0.246008 0.246163 0.252969 0.256772 0.258219 0.259171 0.271565 0.273468 0.274074 0.282873 0.286374 0.287365 0.2889 0.292292 0.293553 0.294422 0.298891 0.301653 0.311089 0.313631 0.314695 0.316439 0.317487 0.318217 0.32066 0.32201 0.322531 0.32333 0.327469 0.32761 0.32821 0.331602 0.33681 0.337451 0.34219 0.348951 0.355573 0.356722 0.359723 0.360217 0.364281 0.377071 0.378576 0.379386 0.384104 0.391563 0.393545 0.399577 0.400361 0.402222 0.404065 0.406346 0.414213 0.416859 0.417999 0.418177 0.420444 0.424054 0.426367 0.427144 0.429133 0.431595 0.433411 0.434402 0.434474 0.434699 0.439722 0.44019 0.4413 0.445384 0.446446 0.455399 0.455786 0.459844 0.46191 0.468342 0.471698 0.480443 0.483319 0.490098 0.491363 0.4959 0.497553 0.498305 0.513225 0.51359 0.515938 0.516361 0.524426 0.528809 0.530742 0.533693 0.538361 0.539167 0.540587 0.541053 0.544415 0.55341 0.554874 0.556785 0.562588 0.566141 0.571115 0.58859 0.594036 0.594263 0.599137 0.604323 0.605143 0.605374 0.60885 0.612856 0.61683 0.618598 0.620221 0.62439 0.626914 0.629473 0.631522 0.633724 0.638759 0.639898 0.641524 0.642981 0.650165 0.656328 0.656355 0.657187 0.669067 0.673068 0.673757 0.681514 0.682162 0.68394 0.684248 0.684411 0.68499 0.686489 0.689498 0.698236 0.699166 0.704092 0.705364 0.706416 0.708388 0.708967 0.711198 0.712523 0.712604 0.713402 0.718007 0.721135 0.732961 0.733718 0.735671 0.743307 0.746765 0.74812 0.762243 0.762322 0.766773 0.771932 0.771968 0.777959 0.785024 0.786649 0.792294 0.793201 0.797291 0.797861 0.79841 0.799609 0.802596 0.806236 0.807888 0.808112 0.808248 0.808434 0.813003 0.816801 0.817849 0.820832 0.833439 0.841777 0.844085 0.845648 0.851879 0.853085 0.853265 0.858841 0.861751 0.863865 0.873046 0.875003 0.875339 0.880696 0.883281 0.883934 0.900869 0.905036 0.907669 0.922061 0.926886 0.93158 0.931947 0.933599 0.934577 0.935388 0.936846 0.942879 0.953706 0.960226 0.960329 0.962361 0.969269 0.970223 0.974417 0.975118 0.976801 0.977517 0.977948 0.978106 0.978427 0.981276 0.981662 0.983027 0.9883 0.989757 0.990686 0.994931 0.998384 0.99961 
effects
-0.109332 -0.0372871 -0.0516985 -0.126434 -0.0872545 -0.0914483 -0.0625812 0.106041 -0.0692904 0.0256816 0.0872289 -0.139675 0.0953071 -0.116807 0.0962822 0.0789011 -0.12169 0.0898544 0.0748009 -0.0795851 0.0648387 -0.0790831 -0.180815 -0.0289213 -0.171122 -0.0344037 -0.0754276 -0.118096 0.0748485 -0.0673329 -0.101517 0.144338 0.200942 -0.0245049 -0.0693573 -0.0941313 0.0543431 0.0385492 -0.113765 0.0657235 -0.0591847 0.150785 -0.142684 0.0753831 -0.0898936 -0.0760246 0.0526007 0.0352981 0.0655102 -0.0871343 0.0729454 0.0749064 -0.0362274 -0.0698139 0.0410774 0.0650673 0.0521089 0.113153 -0.080072 0.0439575 0.0726973 0.0906792 0.062761 0.145633 -0.0618632 0.0898916 0.142862 -0.115181 -0.0303318 -0.198361 0.291644 0.140159 0.0487878 0.183979 0.0626779 -0.0544235 0.0422181 -0.121091 -0.0854883 -0.149527 -0.0942951 -0.234668 -0.103708 -0.0767023 -0.112729 -0.0695869 0.161418 0.0686821 0.0542091 -0.120398 0.0708214 -0.0378288 -0.0872312 0.221709 0.156146 0.0938376 0.0565908 -0.13009 0.178199 0.0957503 0.0665031 0.109131 0.0318152 0.106856 0.150291 -0.112465 0.113773 -0.091301 0.097574 -0.15776 -0.0548787 -0.0607193 0.0893418 0.100921 0.148075 0.0451148 -0.0770703 -0.0652331 0.140155 0.0802067 -0.112321 -0.0864771 -0.110639 0.0432071 0.0981704 -0.0785945 0.0492159 0.0515515 -0.0660385 0.0901811 -0.127877 0.0911142 -0.0530587 0.0621056 -0.107771 0.04612 -0.0514322 -0.0364706 -0.0353386 0.0736767 -0.0330245 0.0740881 0.0778183 0.116641 0.146043 -0.0641034 0.143737 -0.065075 -0.16191 0.0498279 -0.0471215 0.113794 -0.130873 -0.0640779 -0.0572981 0.0787837 0.0616777 0.111551 0.134812 -0.0503468 -0.151799 0.0780715 -0.0439486 -0.054574 -0.13389 -0.115669 -0.0975139 0.0462217 -0.0993336 -0.0887724 0.0338087 -0.0822561 -0.0969765 -0.0979121 0.146552 0.0445777 0.0783997 0.0457106 -0.0750478 -0.0484338 -0.0403237 0.0860378 -0.0441425 -0.0814879 -0.0566252 0.062882 0.094309 -0.0588138 -0.0339199 -0.118085 -0.0413258 -0.0965018 -0.0926137 -0.124739 0.0740042 0.0475509 -0.169366 -0.0906022 0.0966128 -0.132017 0.0410965 -0.147089 -0.0659521 0.0608763 0.11284 0.0363665 0.0933204 0.0948492 -0.13754 -0.148117 0.0769891 0.111084 0.181609 0.0787796 0.0475982 0.118527 0.0376756 0.0987159 -0.106866 0.211422 0.0556525 0.140923 0.0802542 -0.120768 0.0582144 0.152038 0.11714 -0.13554 0.091634 0.176674 -0.100513 0.0611628 0.0518059 -0.0448809 0.0752428 0.0962436 0.108936 0.0870118 -0.105703 -0.119443 0.165208 -0.101249 -0.0329248 -0.0577252 0.111632 0.0494059 0.222156 -0.0762062 0.0594779 0.194238 -0.0612904 -0.0992463 0.0877109 -0.0398508 -0.165477 0.0587682 0.124114 -0.0494416 -0.0568721 0.0371544 0.0991628 -0.0953254 -0.0455099 -0.163371 0.112411 0.0527429 -0.0652003 -0.059711 -0.0958882 -0.0671856 0.114378 0.0820386 0.123421 0.0866541 -0.0863351 0.154318 -0.0516069 -0.0583442 -0.148979 0.0557371 -0.103408 -0.109074 -0.0835511 0.0548384 0.136249 0.0753382 -0.0562447 -0.141132 -0.0212125 -0.0659565 -0.0970073 -0.0796557 -0.121652 0.0464627 0.0881254 0.0932341 -0.0589566 0.053907 -0.0411014 0.0721641 
dominances
0.0900355 0.113634 0.0272825 0.112142 0.054848 0.0599539 0.00693437 0.0337521 0.155916 0.0290843 0.0189632 0.124627 0.034223 0.0419167 0.0747676 0.0386425 0.0105538 0.220283 0.100372 0.166874 0.121757 0.0814724 0.228386 0.17606 0.00683293 0.23294 0.0767255 0.0385431 0.0360485 0.0544689 0.073894 0.22621 0.0768954 0.138205 0.0430911 0.135814 0.176052 0.0843229 0.227432 0.0252327 0.118621 0.0331041 0.0463304 0.015028 0.0684787 0.0718437 0.213762 0.00161701 0.0566029 0.0445939 0.040902 0.0664425 0.183647 0.0159334 0.141619 0.0587821 0.0516854 0.117525 0.0942053 0.0306714 0.0601423 0.0391656 0.0262871 0.129398 0.0873781 0.158414 0.0162048 0.0821037 0.00399566 0.134134 0.0154319 0.00396518 0.0382593 0.0894129 0.0618561 0.0708638 0.0230727 0.0194137 0.0647918 0.0502851 0.0229417 0.0536772 0.0588626 0.0896245 0.0697713 0.059583 0.031929 0.143453 0.112342 0.132866 0.16581 0.0357717 0.0395949 0.00903323 0.0378969 0.0318386 0.0969641 0.0590648 0.067148 0.148584 0.0414883 0.0786288 0.0821187 0.191294 0.0394645 0.31041 0.03212 0.100467 0.0744254 0.0836763 0.0955051 0.00889813 0.0785638 0.0696225 0.0466254 0.00984673 0.06946 0.0881323 0.049063 0.0118659 0.198047 0.0202338 0.0850276 0.175926 0.21235 0.0402445 0.159882 0.0333164 0.133797 0.0395562 0.0648612 0.151109 0.103426 0.085986 0.110276 0.0674751 0.144892 0.106706 0.0692756 0.0402963 0.0443695 0.020742 0.0557469 0.126773 0.042552 0.157468 0.140237 0.144965 0.0971851 0.151625 0.103716 0.0672374 0.0769619 0.165537 0.0732645 0.0312787 0.0487608 0.0110227 0.0895936 0.0932653 0.0559735 0.0694473 0.0283735 0.161326 0.0593178 0.0581262 0.0614727 0.0581782 0.0431097 0.139277 0.186696 0.0815511 0.000821759 0.215881 0.0623316 0.0916301 0.123973 0.114042 0.216563 0.0179519 0.00697996 0.134093 0.0141338 0.0458723 0.01615 0.0412095 0.0985715 0.0216331 0.149128 0.100986 0.165843 0.0896493 0.0469724 0.124854 0.0503998 0.0817814 0.226273 0.157492 0.0272389 0.111549 0.072012 0.11302 0.0737252 0.0367055 0.0707381 0.0769039 0.115026 0.0600305 0.0709237 0.00607474 0.0965084 0.109313 0.00701415 0.0438726 0.111925 0.158349 0.0153146 0.134929 0.0498987 0.0908371 0.0413884 0.000518091 0.0700176 0.000630858 0.0424479 0.0591001 0.144847 0.0454843 0.117602 0.0236739 0.248724 0.0566083 0.0369176 0.000542757 0.0483781 0.0199727 0.111497 0.0417279 0.158501 0.0498013 0.03191 0.016334 0.135541 0.0555614 0.219923 0.169806 0.12054 0.233499 0.0582459 0.120557 0.0682544 0.0152476 0.00132173 0.0573088 0.0456482 0.0175164 0.0607488 0.0384601 0.0562172 0.141274 0.181129 0.226451 0.060014 0.086146 0.0599881 0.0215109 0.124201 0.00711768 0.0466843 0.0490775 0.201855 0.0534228 0.131323 0.0289417 0.0205579 0.0331435 0.0407276 0.0483187 0.045273 0.0201322 0.0913047 0.0322779 0.0768608 0.0295825 0.0443268 0.0665733 0.150918 0.0962558 0.0345602 0.125778 0.0772321 0.00531653 0.0911345 0.0117313 0.112291 0.128576 0.186174 0.0296425 0.137246 0.0542337 

network 0 1000
edges0
166 47 166 166 40 47 212 40 47 166 40 166 162 212 47 40 47 212 146 162 166 166 146 47 40 212 162 109 146 162 40 47 109 166 78 212 47 162 40 146 166 78 212 109 255 109 255 40 166 78 162 146 212 47 49 146 166 212 109 78 251 162 47 40 49 255 109 255 40 162 212 78 251 146 49 78 40 146 43 166 162 49 109 251 212 47 255 134 146 166 255 47 40 134 162 109 78 49 212 251 280 162 109 43 212 40 134 251 280 47 146 103 212 43 78 47 166 280 40 280 40 146 255 166 78 251 47 162 43 40 298 103 251 109 146 97 212 49 78 47 255 280 78 105 103 280 251 47 255 298 146 40 49 162 251 212 78 49 40 134 77 166 32 97 162 255 103 146 109 280 47 298 97 177 77 40 32 49 298 78 146 103 177 77 212 40 280 97 162 109 255 78 166 109 77 47 177 40 146 212 134 162 105 255 97 49 280 43 298 49 255 32 43 251 78 97 47 49 212 109 255 146 234 177 40 251 103 47 255 97 51 49 166 134 177 234 130 105 162 280 112 146 97 255 43 12 103 49 177 134 212 105 130 109 40 177 77 128 146 166 130 47 32 251 112 212 162 298 128 234 105 146 166 97 40 32 162 109 149 44 32 43 49 78 177 105 114 12 234 162 298 177 134 112 251 128 162 32 77 44 298 114 166 243 49 40 212 105 97 280 149 49 177 78 212 255 86 149 280 272 162 251 97 109 78 200 86 40 32 177 251 43 234 255 149 298 243 162 103 128 78 49 134 212 166 109 77 78 243 130 162 280 49 40 47 212 97 166 255 128 234 43 77 44 64 146 298 130 47 32 177 234 49 166 103 43 78 49 280 105 47 243 43 272 255 78 251 234 86 162 134 97 177 114 77 272 200 228 212 177 49 234 243 103 274 200 109 228 78 177 212 12 130 32 49 40 234 112 130 49 284 109 103 162 97 43 284 40 49 212 77 114 109 79 177 105 228 243 96 97 149 255 128 177 255 114 285 12 284 127 109 32 51 280 112 47 149 7 109 284 44 212 285 200 78 255 77 44 149 99 97 177 200 212 134 140 112 272 114 251 112 162 234 146 255 177 212 47 200 251 40 177 49 114 12 149 130 99 78 105 166 274 78 112 43 212 47 243 149 109 251 285 97 127 79 99 44 64 12 128 212 177 166 234 280 112 105 228 251 149 212 162 177 134 78 7 234 40 103 255 18 114 47 109 298 177 78 77 43 162 284 289 77 134 251 51 285 47 109 43 103 280 298 177 112 146 244 79 78 284 77 96 274 64 7 128 40 49 251 130 149 254 40 18 78 86 105 200 12 92 298 153 254 166 130 12 78 49 146 18 64 47 77 43 243 96 7 49 79 251 105 298 86 251 39 255 112 86 43 274 134 144 184 32 162 140 279 212 149 77 96 97 49 200 184 51 105 47 274 162 146 49 109 253 18 44 39 40 234 78 18 146 166 60 99 130 251 77 243 29 253 130 47 127 243 103 49 251 78 40 18 162 153 272 79 177 280 162 49 39 32 184 284 212 177 44 78 289 49 97 255 12 251 229 200 78 39 294 86 7 251 12 32 234 280 251 177 49 146 77 29 130 255 7 127 103 218 112 246 92 218 105 39 274 234 253 49 114 254 251 200 166 254 86 99 128 294 40 7 162 212 51 234 49 97 64 228 274 200 149 251 32 294 47 86 182 200 149 44 18 182 79 212 255 97 50 60 7 251 134 130 77 78 272 60 285 274 253 280 52 79 43 134 51 223 146 47 50 223 134 127 128 39 86 79 285 78 279 223 96 39 51 40 128 134 223 264 47 166 272 162 279 177 127 77 49 79 99 40 172 272 105 255 114 49 97 19 109 248 234 79 264 280 255 146 177 18 47 50 251 146 228 243 44 166 206 162 195 177 149 32 251 96 140 154 166 47 134 298 162 177 153 251 92 279 18 19 109 243 127 47 251 54 149 79 44 255 64 105 40 64 184 134 234 177 96 49 143 29 114 162 212 177 182 78 298 162 279 99 109 78 19 280 77 251 103 43 190 285 294 97 234 78 182 103 92 144 251 109 140 255 218 90 251 134 49 18 12 200 7 43 90 251 154 51 128 64 189 47 280 43 86 149 114 298 200 50 244 7 127 264 77 253 49 200 172 149 18 43 280 64 298 251 78 166 51 172 105 243 198 279 162 289 32 49 19 193 44 298 49 195 78 51 146 223 212 218 198 134 18 284 200 112 18 77 75 284 184 201 99 
edges1
47 40 40 212 212 212 162 162 162 162 146 146 146 146 146 109 109 109 109 109 109 78 78 78 78 78 78 78 255 255 255 255 255 255 255 255 49 49 49 49 49 49 49 49 49 251 251 251 251 251 251 251 251 251 251 43 43 43 43 43 43 43 43 43 43 43 134 134 134 134 134 134 134 134 134 280 280 280 280 280 280 280 280 280 280 280 280 280 103 103 103 103 103 103 103 103 103 103 103 103 103 105 105 105 105 105 105 105 105 105 105 97 97 97 97 97 97 97 97 298 298 298 298 298 298 298 298 298 77 77 77 77 77 77 77 77 77 77 77 77 77 77 32 32 32 32 32 32 32 32 32 32 32 32 177 177 177 177 177 177 177 177 177 177 177 177 177 177 177 177 177 177 12 12 12 12 12 12 12 12 12 12 44 44 44 44 44 44 44 44 44 44 234 234 234 234 234 234 234 234 234 234 234 234 234 234 51 51 51 51 51 130 130 130 130 130 130 130 130 130 130 112 112 112 112 112 112 112 112 112 112 112 112 112 128 128 128 128 128 128 128 128 128 128 128 128 272 272 272 272 272 272 272 149 149 149 149 149 149 149 149 149 149 149 149 114 114 114 114 114 114 114 114 114 114 114 243 243 243 243 243 243 243 243 243 243 243 243 243 289 289 289 289 289 289 289 86 86 86 86 86 86 86 86 86 86 86 86 86 86 86 200 200 200 200 200 200 200 200 200 200 200 200 127 127 127 127 127 127 127 127 127 229 229 229 229 96 96 96 96 96 96 96 96 96 96 96 64 64 64 64 64 64 64 64 64 64 64 64 64 64 64 64 274 274 274 274 274 274 274 274 274 274 274 274 274 274 228 228 228 228 228 228 228 228 284 284 284 284 284 284 284 284 284 284 284 52 52 52 52 52 52 52 7 7 7 7 7 7 7 7 7 7 7 7 79 79 79 79 79 79 79 79 79 99 99 99 99 99 99 99 99 99 99 99 285 285 285 285 285 285 285 60 60 60 60 60 60 60 60 60 60 60 60 140 140 140 140 140 140 140 140 140 140 140 140 153 153 153 153 153 153 153 153 153 153 153 244 244 244 244 244 244 244 244 244 244 244 254 254 254 254 254 254 254 254 254 254 254 254 254 254 75 75 75 75 75 75 75 75 75 75 75 75 75 39 39 39 39 39 39 39 39 39 39 18 18 18 18 18 18 18 18 18 18 18 18 18 18 18 29 29 29 29 29 29 29 29 29 29 29 29 92 92 92 92 92 92 92 92 92 92 92 92 92 92 144 144 144 144 144 144 144 144 144 144 144 253 253 253 253 253 253 253 253 253 253 253 253 279 279 279 279 279 279 279 279 279 279 184 184 184 184 184 184 184 184 184 184 184 184 184 184 46 46 46 46 46 46 46 46 46 46 46 294 294 294 294 294 294 294 294 294 294 294 294 172 172 172 172 172 172 172 172 172 172 172 172 172 264 264 264 264 264 264 264 264 264 264 264 239 239 239 239 239 239 239 239 239 246 246 246 246 246 246 246 246 193 193 193 193 182 182 182 182 182 182 182 182 182 182 182 182 218 218 218 218 218 218 218 218 218 50 50 50 50 50 50 50 50 50 50 50 50 50 50 50 50 143 143 143 106 106 106 106 106 106 106 106 106 106 106 223 223 223 223 223 223 223 223 223 223 223 223 126 126 126 126 126 126 248 248 248 248 248 248 248 248 19 19 19 19 19 19 19 19 19 19 19 190 190 190 190 190 190 190 190 190 190 190 206 206 206 206 206 206 206 195 195 195 195 195 195 195 195 195 74 74 74 74 74 74 74 74 74 54 54 54 54 54 54 54 54 54 54 54 54 54 201 201 201 201 201 201 90 90 90 90 90 90 90 90 90 90 90 90 154 154 154 154 154 154 154 154 154 278 278 278 278 278 278 278 278 278 278 297 297 297 297 297 297 297 297 297 151 151 151 151 151 151 151 151 151 151 151 151 151 151 216 216 216 216 216 216 216 216 216 216 216 216 216 93 93 93 93 93 93 93 93 93 124 124 124 124 124 124 198 198 198 198 198 198 198 198 198 198 198 198 198 198 198 189 189 189 189 189 189 189 189 189 2 2 2 2 2 2 2 2 111 111 111 111 111 111 111 111 111 111 270 270 270 270 270 270 270 270 270 270 270 270 36 36 36 36 36 36 36 36 36 36 36 36 36 36 36 36 36 135 135 135 135 135 135 135 135 135 135 100 100 100 100 100 85 85 85 85 85 85 85 85 
weights
-0.0215316 -0.0261406 0.00512498 -0.0310847 -0.0154567 -0.0124382 0.0211123 -0.00580859 -0.0381641 0.0309023 0.0166233 -0.0210929 0.0128951 -0.010858 0.0140865 0.0156019 -0.00451693 0.0449072 -0.0164234 0.0113318 -0.0146694 -0.00776306 0.00798141 0.0544251 0.0480524 -0.0427818 -0.00325232 -0.032737 0.000776276 -0.0113364 0.00355352 0.0516917 0.038148 -0.0608653 -0.0414159 0.0251822 -0.0408986 0.0010183 -0.0043758 -0.00243483 -0.00075601 0.0645715 -0.0175666 0.032965 0.0131392 -0.0370094 -0.0298495 -0.0418621 0.0162001 0.067494 0.0267797 -0.00977475 0.0327204 -0.00384044 0.0413593 0.0174504 -0.0183341 0.0178128 -0.011569 0.001486 0.032991 -0.00370674 -0.0194793 0.00543026 -0.0449112 -0.00455248 0.054862 0.0541585 -0.0346142 0.0221527 0.0110679 -0.00973199 0.0278512 0.0131425 0.0120421 0.00616906 -0.0198242 0.0188978 0.00589092 0.0137211 -0.00343903 0.0258695 -0.0310866 0.0347734 0.0787671 -0.00164868 -0.00971147 0.0168701 0.00746416 0.00825912 0.0621493 -0.0172188 -7.05385e-05 -0.0092301 -0.0241801 -0.00480235 0.0124061 0.0593425 -0.00238737 -0.0269638 0.0288545 -0.0123353 -0.00343449 0.0204932 0.0245705 0.0628428 0.0081005 0.019262 -0.025587 0.0202318 0.0926163 0.00879526 -0.0105995 -0.00918258 -0.0088012 0.0278925 -0.0419948 0.0376753 -0.0355964 -0.00353302 -0.0274413 -0.0398794 -0.0310805 -0.0037866 -0.0121913 0.0473554 0.0125146 0.0410737 0.011323 0.0138138 -0.00287551 -0.00129263 -0.0135744 -0.0215289 0.00674947 0.0332108 -0.000258892 -0.00781908 0.00363492 0.00258622 0.0127652 0.0118958 -0.0221129 0.0310322 0.00812069 -0.0476082 0.00751855 -0.0251415 -0.0339382 -0.0286066 -0.00942882 0.000161004 0.0351118 0.0113087 0.0743167 0.0197155 0.0148951 0.0115365 -0.00663832 -0.00344367 -0.00158875 -0.00301182 -0.0160908 0.036909 0.00888977 -0.0308192 0.119462 0.0292776 0.00106056 0.0225418 -0.0541536 -0.0209346 -0.0232901 0.0377862 -0.0369974 -0.00821756 -0.00709395 -0.000487639 -0.0397645 -0.00760745 0.00605257 0.030535 -0.00122231 0.0253662 0.0453204 0.00352474 0.0181529 -0.0425588 0.0147198 0.0171414 -0.0351655 -0.038789 0.017173 0.0371292 -0.00243788 -0.00194907 -0.016657 0.0216337 0.00145689 -0.0130092 0.0213963 0.0121908 -0.00383303 0.0105871 -0.0298124 0.0182764 -0.0234031 0.0157678 -0.0167111 -0.0268792 0.0593059 -0.000200408 0.0126109 0.0133868 0.00335589 -0.0553104 0.0246916 0.0532389 0.00247984 0.0498555 0.0142601 0.00196645 0.000199903 0.032104 0.00668001 0.000347016 0.0554583 -0.00368706 0.00768232 -0.00475982 -0.0194932 0.0202668 -0.0799972 0.0213787 0.0051275 -0.00096938 0.00525603 0.0241397 0.00283271 0.0387491 -0.0220048 -0.00553718 -0.0111517 -0.00547321 -0.029725 -0.0501231 0.00505042 0.0119735 0.0259019 0.0185704 -0.0200856 -0.0184841 -0.00749254 -0.00125442 0.000204533 -0.0147792 -0.0108379 -0.0101388 0.00347754 0.00364347 -0.00160003 -0.0128146 -0.0908354 0.00712576 0.00678254 0.0108427 -0.00894801 0.0304226 -0.0114803 0.0382605 -0.00644741 0.012302 -0.0394955 0.0261389 -0.00615484 8.1886e-05 0.0582938 -0.0326676 -0.103888 0.00198361 -0.0112143 0.0237901 0.0215976 0.00993413 0.0601665 0.012052 0.0124405 -0.00566657 0.0409441 -0.0895911 0.0204218 0.0201945 0.00450231 0.0114752 0.0188414 0.0133215 -0.0385534 0.0121236 -0.0493405 -0.0096148 -0.0605014 0.0260748 0.0362095 -0.0619819 -0.0252062 -0.0134788 0.00603953 -0.0623559 -0.0116868 -0.00101561 -0.0911459 0.00875612 -0.00870942 0.00572018 -0.0137251 -0.0175125 -0.00674793 -0.00796716 0.0195222 -0.0682161 0.0824975 -0.0271042 0.00818701 0.000594217 -0.00359938 -0.034559 -0.031111 -0.0152174 -0.00940905 -0.0192384 0.00821877 -0.0359996 -0.0110456 0.00931526 -0.0368056 -0.00814912 -0.00470036 0.0187099 -0.0156168 0.00610323 -0.00443607 -0.0211232 -0.00413196 0.0144205 0.014724 -0.00424228 0.00402477 0.0818137 -0.0189663 0.0388114 -0.0135639 0.0357639 0.000757096 -0.0102398 0.00639391 0.0372941 0.00521332 0.0340256 0.0174938 0.025487 0.0176639 -0.00235231 -0.0220478 -0.00237359 0.0347726 0.00615307 0.00390015 0.0794807 -0.00652874 -0.0019354 -0.00666368 -0.0622285 -0.00907268 -0.0103259 -0.070783 -0.00588377 -0.0146395 -0.0111738 -0.00500864 0.0138449 0.0420935 0.0330101 -0.0140009 -0.0162074 0.0288506 0.0244901 0.0256606 -0.00284411 0.00621853 -0.0633765 0.0313267 0.056456 0.000697247 0.000609255 0.0380257 0.00562583 -0.0281753 -0.0468128 -0.00187599 -0.00195045 -0.00641065 0.00623465 0.0125687 -0.0416647 0.00206002 0.0621569 0.0525883 -0.0779531 0.0364452 0.00903682 0.0132685 -0.00527851 0.00190962 0.00690945 -0.00970378 -0.0338163 -0.0238916 0.0114292 0.0232014 7.51552e-05 0.0495133 -0.061823 0.0201272 0.0156 -0.0117208 0.00663975 -0.00813798 -0.0168889 -0.0153028 0.00929344 -0.0667508 0.00246577 0.0119056 0.00353577 -0.0158018 0.0653159 0.0851685 -0.0130622 0.0196144 -0.00755772 -0.0258699 -0.0300603 0.035602 -0.0444988 -0.00465147 0.00908598 -0.00124823 0.00113533 -0.0145802 0.0681256 0.00413134 0.0170546 -0.0332293 0.0144865 0.00656552 -0.0366377 0.0275037 -0.0159697 -0.022367 -0.0738118 0.00443431 -0.0193155 0.0703699 -0.011351 -0.103012 -0.00899899 0.0603639 0.0133109 -0.0338566 0.00209639 -0.00934139 -0.018264 -0.00912162 0.00962015 -0.015497 -0.0519432 -0.017899 -0.0953849 0.002382 0.0246464 0.0213562 -0.0086991 0.0190982 0.00329936 -0.0143701 0.00529179 -0.0213107 -0.0193051 -0.0170218 -0.0209681 -0.0140644 -0.0497194 0.00975672 -0.00458082 0.111741 -0.061761 0.00278918 -0.0250144 -0.00448424 0.00770874 -0.00963685 -0.0633275 0.0495773 -0.0484115 0.0405078 -0.00993869 -0.00401147 -0.084875 0.0725688 0.00142579 0.073192 -0.00198469 -0.00119256 0.0430863 -0.0047974 0.0377489 -0.000272847 -0.000804718 -0.0341061 -0.0110612 0.00194485 0.0459782 0.00238755 0.0427146 -0.00544155 0.00886382 0.0283186 -0.0109637 -0.0101186 -0.0211463 -9.37928e-05 0.0256539 -0.0529653 0.0289448 0.0278618 0.0133939 0.0127881 -0.00112847 0.0149821 0.00113655 0.010157 0.0635726 -0.00954627 0.0300918 -0.00466699 -0.00342866 0.00713341 0.018214 -0.00840855 -0.0104235 -0.0436976 0.010725 -0.00268461 0.000921394 0.0903539 -0.0300218 0.00183122 -0.0159504 0.0297299 -0.00539084 -0.00488489 -0.0596243 0.00983368 -0.0701509 0.0226783 -0.0064599 0.0280467 0.0348989 0.0192779 -0.0124676 0.00461992 0.0732275 -0.0187495 0.010842 -0.00454002 0.0069924 0.079496 -0.00227521 -0.00398942 -0.0234441 0.0427084 0.0115271 -0.00888737 0.00730415 -0.016775 0.0211662 0.000111171 -0.0964792 0.029183 0.0103041 0.0164215 -0.0291244 -0.0605661 0.0342321 -0.073311 0.0620662 -0.0487111 0.0129129 0.0483209 0.0328276 -0.00491237 -0.0216768 0.0328155 -0.0362693 -0.0176692 -0.000186229 0.0218816 0.0145055 0.0174029 -0.0336941 -0.00567402 -0.0950712 -0.0584418 0.00141581 -0.0603917 0.00326046 -0.0620294 -0.0100171 -0.0306701 -0.00321447 0.0251764 0.00173519 -0.0284675 -0.00406945 -0.00843198 0.0590744 -0.00422742 -0.0570518 0.0230308 -0.0175225 -0.0277891 -0.00587566 0.00293358 -0.0191543 -0.0260401 -0.0255882 0.0675039 0.0309649 -0.00380486 0.00592249 -0.023853 0.0023054 0.0332428 -0.0373385 0.0206079 -0.00326145 -0.092753 0.0181047 0.017462 0.0217581 0.0453438 -0.0216217 -0.00920695 -0.00545867 -0.00581865 -0.00758041 -0.0454451 0.0920183 0.0308449 0.0121041 -0.00408467 0.012327 -0.00225625 -0.0255914 -0.0134578 -0.0220341 -0.0309702 -0.0827863 0.0836722 -0.00943529 -0.00675608 -0.0943137 -0.0135683 0.001444 -0.0346633 -0.0301965 -0.00611335 0.00539215 0.00265463 -0.00881266 0.0172397 0.00695619 -0.00272489 -0.0743946 0.021179 0.00238282 -0.0105218 -0.00403973 0.0270375 -0.0620337 -0.0464629 0.0241693 0.00945461 -0.00284804 -0.0215742 0.0334402 -0.00658693 -0.00923687 -0.00161061 0.0389584 0.0116913 0.010793 0.0917894 0.00223414 -0.00268666 -0.0142629 0.00299521 0.0337587 -0.00446654 0.00307481 0.00196596 -0.00133168 0.041289 -0.0334832 -0.017684 -0.00595045 0.0725963 0.0694998 -0.00960659 0.0196442 -0.0629731 -0.0198795 -0.049289 0.0093342 -0.0930311 -0.0121321 0.0122935 0.000837646 0.0146886 0.0566557 0.0307853 -0.00110455 0.00865694 0.00935482 0.049285 0.0644906 -0.00972809 0.0042493 0.0086537 -0.00575499 0.0182496 0.0057799 -0.00186607 0.00438514 0.0034556 0.0599746 -0.0296455 0.020515 0.00656438 -0.0285617 0.0254239 0.0304522 0.0810531 0.0599013 0.0190337 0.00757715 0.00669815 0.112862 -0.0695129 -0.0284545 -0.00669716 -0.0419279 -0.0254832 -0.00216368 -0.0306054 -0.00924416 0.0113272 0.0694688 -0.0537369 0.00453102 -0.00722591 0.00266395 -0.0176147 -0.0376598 -0.0127151 -0.0639567 0.0838779 0.00835928 0.0308449 -0.0062504 0.0922003 0.0232444 0.0316999 -0.00315554 2.93712e-05 -0.00511981 -0.0717325 0.00389761 -0.0173046 0.00957156 -0.0239724 0.00595465 -0.0481225 0.0253014 -0.0406492 0.00734885 -0.0239752 -0.00490151 -0.0214326 0.0401158 -0.0209537 0.0196779 0.00720125 -0.113293 0.0154145 0.015904 -0.0196582 -0.0061352 -0.0371593 0.00406864 -0.0649937 -0.0345622 0.021222 -0.00563337 -0.00212577 0.039563 0.0118126 -0.0334521 -0.0265502 0.017832 0.000603438 -0.0251749 -0.0123328 0.00496527 -0.0142297 -0.0153815 0.0206717 -0.0645103 0.0218233 0.00463646 0.00485614 -0.020277 -0.00355624 -0.0700817 0.0202739 -0.0604379 -0.0250874 0.0169136 -0.0331263 -0.00434447 0.00653497 0.0187865 0.064313 -0.0100234 0.00710805 -0.0346843 0.0203296 -0.00948484 -0.022013 -0.00316499 0.00348625 0.0555028 0.00385443 -0.0262206 0.00735989 -0.0574679 -0.00753089 -0.0143505 -0.000315481 0.0212838 0.00608829 0.014603 -0.00273459 0.0294455 0.0144899 0.00592552 0.000396369 -0.0875751 -0.0227471 -0.0283348 0.00520495 -0.0280583 0.00128089 0.00456918 0.03245 -0.00665106 -0.0175129 0.0642646 -0.0222595 0.0049763 0.0433337 0.035104 -0.0214757 0.026634 0.0176225 0.0225732 -0.0203366 0.0285127 0.00726635 -0.0256162 0.0139741 0.0046221 -0.0129576 -0.057518 0.00165177 -0.0249296 -0.00885751 -0.0214337 -0.0177722 -0.0176042 -0.00240879 0.0458213 0.0109428 -0.00987995 -0.0315747 0.00924679 -0.0417005 0.0143425 0.00343422 0.013443 0.0144397 -0.0228841 -0.0270908 0.00595468 0.0375032 -0.00591561 -0.00710406 0.00653164 -0.040238 -0.00112536 -0.0178316 -0.0183546 0.0194663 -0.00151279 -0.013897 0.0014812 -0.00297623 -0.0831349 -0.0126082 -0.0245273 0.0167298 0.0180403 -5.40367e-05 0.00854523 -0.057978 0.00766552 -0.0273888 0.0053662 0.00974172 0.00975218 -0.00243464 -0.0073039 0.0513692 0.00876685 -0.00267966 -0.062089 0.0185369 0.0826524 0.00146639 -0.0116974 -0.0373725 -0.0247587 -0.0216494 -0.0129947 0.0276837 -0.00861009 0.0125759 0.044873 0.0390899 -0.00288025 0.00504475 -0.0460912 0.0597045 -0.0666649 -0.0167598 -0.0100194 -0.00315942 0.00636476 -0.0109831 0.025531 0.00592301 0.0454152 0.00783899 0.0192036 0.000460585 0.0059359 0.0187146 -0.00843733 -0.00163344 -0.0463893 -0.0145909 -0.0026987 -0.0119139 0.00825683 -0.0422578 -0.0198183 -0.0127365 -0.00833883 -0.0141214 -0.0380591 -0.00987108 -0.00735765 0.0104681 0.0136283 0.0135733 -0.0435685 -0.0238247 -0.0354412 -0.023802 -0.00267858 

network 1 1000
edges0
61 61 69 45 69 61 69 61 175 45 175 69 45 17 61 45 136 69 61 17 175 175 45 132 17 61 69 136 17 69 61 45 175 132 136 225 225 159 17 132 69 175 45 136 61 136 69 225 183 61 132 45 175 183 89 17 132 159 45 175 61 69 3 69 61 132 225 159 175 136 89 183 17 178 136 69 61 291 3 69 159 225 178 89 45 132 136 175 17 183 132 291 175 69 178 3 89 136 61 69 159 61 136 227 45 108 132 17 159 132 61 225 178 45 108 227 183 175 133 61 132 159 178 183 225 17 89 136 108 171 132 89 45 291 178 159 3 136 175 183 108 133 175 178 61 45 225 159 133 171 183 89 69 15 132 3 159 175 61 89 133 108 171 136 69 227 178 183 291 222 225 45 17 225 61 175 3 15 159 171 69 191 191 183 225 291 136 133 175 45 108 6 45 191 175 178 159 171 15 226 132 69 226 3 178 15 136 89 175 61 159 6 136 89 159 136 61 69 45 3 171 175 17 226 15 132 226 178 108 159 191 17 238 183 171 6 45 69 89 227 61 132 69 171 183 45 17 108 226 227 45 175 183 136 225 61 6 69 159 17 136 225 61 191 133 183 136 171 268 222 178 191 117 61 160 108 17 133 69 175 159 45 89 61 175 115 108 136 132 222 3 108 183 69 171 45 136 160 269 132 17 136 171 178 225 169 226 3 70 115 222 17 69 238 136 175 178 133 225 15 45 227 186 191 108 61 69 222 6 3 108 141 136 115 89 171 183 117 136 238 69 108 160 3 226 268 175 70 108 45 227 159 159 226 186 171 141 110 132 61 15 191 17 70 45 222 290 6 175 69 183 191 108 117 110 290 268 160 175 175 160 70 269 176 268 136 110 70 45 141 222 290 6 226 159 291 160 15 191 169 115 268 176 188 61 117 17 3 238 191 132 115 175 72 136 16 226 176 6 45 89 110 160 117 188 133 69 222 84 84 171 115 159 199 160 132 191 225 17 141 136 69 183 183 72 186 171 290 133 175 136 160 183 222 136 45 89 132 110 175 72 188 290 108 132 84 160 171 226 69 6 10 241 70 61 132 15 69 45 98 108 225 222 178 227 290 225 69 136 17 178 61 199 191 241 89 117 59 183 89 176 183 110 186 25 199 132 159 16 108 226 191 45 169 61 227 222 180 89 160 136 45 98 230 61 6 178 69 89 171 129 59 132 108 16 84 131 45 183 225 226 108 222 191 175 70 25 3 180 132 45 290 171 115 160 210 199 98 56 84 222 199 152 56 61 175 171 226 89 45 225 132 175 84 268 291 199 186 152 176 56 238 171 84 183 210 268 132 72 226 89 17 45 145 136 176 84 72 25 183 10 17 3 226 131 180 178 69 91 160 17 61 175 133 136 108 16 180 159 56 245 98 290 183 72 204 69 117 84 10 269 171 136 110 3 188 171 178 136 183 45 133 204 70 176 108 141 268 290 268 98 69 16 3 91 56 61 226 73 136 84 98 25 136 199 45 176 240 290 6 245 291 171 56 17 132 194 3 222 70 291 204 117 191 159 84 225 183 132 160 70 180 171 176 199 89 91 222 25 91 16 241 176 290 158 291 132 222 98 61 133 186 227 3 160 183 180 10 199 136 84 98 160 61 268 10 16 6 136 131 108 69 27 204 226 233 158 17 178 188 98 245 129 180 136 98 158 180 45 59 6 245 25 141 159 222 136 45 61 176 291 194 227 57 175 290 89 17 69 210 16 226 61 45 69 123 16 225 183 11 61 110 159 115 136 84 73 178 69 230 45 241 73 133 226 108 98 113 89 159 117 222 48 110 169 133 176 56 227 98 27 25 290 3 170 176 123 160 141 133 136 73 183 222 227 175 176 204 225 136 45 89 245 3 70 110 159 69 131 129 183 89 178 84 132 72 290 147 136 82 108 56 191 180 225 118 136 45 133 6 186 226 61 222 169 241 98 171 291 147 178 160 230 11 233 226 141 104 72 171 183 227 204 152 290 175 132 56 45 175 10 59 191 133 25 131 133 61 194 6 16 70 238 191 69 25 171 180 61 290 226 98 159 171 230 48 202 6 61 176 155 160 178 15 220 10 241 262 269 192 188 245 88 118 61 178 6 73 202 17 179 25 110 160 59 56 222 157 171 104 160 173 132 214 133 123 48 175 6 16 159 225 227 230 186 116 113 25 171 73 241 48 291 59 176 133 230 240 24 199 290 136 160 98 6 15 188 268 9 191 25 183 73 84 11 158 171 136 188 245 
edges1
69 45 45 175 175 175 17 17 17 17 136 136 136 136 136 132 132 132 132 132 132 225 225 225 225 225 225 225 159 159 159 159 159 159 159 159 183 183 183 183 183 183 183 183 183 89 89 89 89 89 89 89 89 3 3 3 3 3 3 3 3 3 178 178 178 178 178 178 178 178 178 291 291 291 291 291 291 108 108 108 108 108 108 108 108 108 108 108 108 227 227 227 227 227 227 227 227 227 227 15 15 15 15 15 15 15 15 15 133 133 133 133 133 133 133 133 133 171 171 171 171 171 171 171 171 171 171 171 171 191 191 191 191 191 191 191 191 191 191 191 191 191 222 222 222 222 222 222 222 222 222 222 222 222 6 6 6 6 6 6 6 6 6 6 6 6 6 6 6 6 6 6 6 226 226 226 226 226 226 226 226 226 72 72 72 72 72 72 72 72 72 115 115 115 115 115 115 115 115 115 115 115 238 238 238 238 238 238 238 238 238 169 169 169 70 70 70 70 70 70 70 70 70 70 70 70 141 141 141 141 141 141 141 141 141 141 141 141 141 268 268 268 268 268 268 268 160 160 160 160 160 160 160 160 160 160 160 160 160 117 117 117 117 117 117 117 290 290 290 290 290 290 290 290 290 290 290 290 290 290 290 290 269 269 269 269 269 269 269 269 269 241 241 241 241 241 241 241 241 241 186 186 186 186 186 186 186 186 186 186 186 110 110 110 110 110 110 110 110 110 110 110 110 110 110 110 16 16 16 16 16 16 16 98 98 98 98 98 98 98 98 98 98 98 240 240 240 240 240 240 240 240 84 84 84 84 84 84 84 84 84 84 84 84 84 84 84 84 84 176 176 176 176 176 176 176 176 176 176 210 210 210 210 210 210 210 210 188 188 188 188 188 188 188 188 188 188 188 188 188 188 188 188 129 129 129 129 129 129 129 129 129 129 129 129 199 199 199 199 199 199 199 199 199 199 199 199 199 199 180 180 180 180 180 180 180 180 180 180 180 180 180 58 10 10 10 10 10 10 10 10 10 59 59 59 59 59 59 59 59 230 230 230 230 230 230 230 230 230 145 145 145 145 145 233 233 233 233 233 233 233 233 233 233 25 25 25 25 25 25 25 25 25 25 25 25 25 25 25 56 56 56 56 56 56 56 56 56 56 56 56 56 56 56 56 131 131 131 131 131 131 131 131 131 131 152 152 152 152 152 152 152 152 152 152 152 152 152 104 104 104 104 104 104 104 104 104 104 57 57 57 57 57 57 57 57 57 57 57 57 204 204 204 204 204 204 204 204 204 204 91 91 91 91 91 91 91 91 91 91 91 91 245 245 245 245 245 245 245 245 245 245 245 245 245 245 194 194 194 194 194 194 194 194 194 194 194 194 194 194 262 262 262 262 262 262 262 262 262 158 158 158 158 158 158 158 158 158 158 158 158 158 158 158 158 73 73 73 73 73 73 73 73 73 73 73 73 73 266 266 266 266 266 266 266 266 266 266 266 266 11 11 11 11 11 11 11 11 11 11 11 11 48 48 48 48 48 48 48 48 48 48 48 48 48 48 9 9 9 9 9 9 9 9 9 9 9 9 215 215 215 215 215 215 215 215 215 215 215 215 215 215 27 27 27 27 27 27 27 27 27 27 123 123 123 123 123 123 123 123 123 123 123 123 123 123 123 123 63 63 63 63 63 63 173 173 173 173 173 173 173 173 173 82 82 82 82 82 82 82 220 220 220 220 220 220 220 220 220 113 113 113 113 113 113 113 147 147 147 147 147 147 147 147 147 147 147 147 147 170 170 170 170 170 170 170 170 88 88 88 88 88 88 155 155 155 155 155 155 155 155 155 155 155 265 265 265 265 265 265 265 265 265 265 157 157 157 157 157 157 157 157 118 118 118 118 118 118 118 118 118 118 118 118 118 118 118 282 282 282 282 282 282 282 282 282 214 214 214 214 214 214 214 214 214 214 214 214 214 214 214 214 214 214 214 179 179 179 179 179 179 179 179 179 179 179 179 179 116 116 116 116 116 116 116 139 139 139 139 139 139 139 139 139 139 139 202 202 202 202 202 202 202 192 192 192 192 192 192 192 192 165 165 165 165 165 165 165 33 33 33 33 33 33 138 138 138 138 138 138 138 138 138 138 138 138 138 138 138 209 209 209 209 209 209 209 209 209 24 24 24 24 24 24 24 24 24 24 24 24 295 295 295 295 295 295 295 83 83 83 83 83 83 83 83 83 83 83 281 281 281 281 281 281 281 281 281 281 281 281 
weights
0.0259781 0.000194471 0.0113605 -0.0200535 -0.00811183 -0.00871456 -0.0126158 0.0136922 0.0355612 -0.0691773 0.0209559 0.0114629 -0.014645 -0.0668294 0.0203054 -0.00477553 0.00458177 0.0661446 -0.116333 -0.0501557 -0.0334278 0.0809842 0.0287179 0.00479055 0.0237982 -0.0113775 -0.00254076 -0.00396356 0.0845286 -0.0677809 0.0467792 0.00161154 -0.0399428 -0.0230542 0.102985 -0.0145807 0.00757532 -0.0350068 0.00834542 -0.0270775 0.0505439 0.00289378 -0.0546861 0.00840288 0.00564134 -0.051025 0.0133495 -0.0395248 0.0460233 -0.0212912 -0.00868469 -0.0025938 0.00148705 -0.010859 -0.0266182 0.042334 0.0471895 -0.0571948 0.0131144 0.0100535 -0.0522097 0.0124318 -0.0264565 0.0417412 0.00587105 0.023062 0.00485663 -0.0243316 0.0393664 0.0351743 0.0212439 0.00915203 0.0243924 0.0319373 0.00139496 -0.00341708 0.0268039 0.0359342 0.00313393 -0.0227187 0.00685593 0.0224018 -0.0360687 -0.00194027 -0.00453527 0.00981093 0.000132055 -0.00584522 0.00739106 -0.00259884 0.0149523 -0.0212171 -0.00393306 -0.00834803 -0.0201616 -0.0138686 -0.0365495 0.0448278 0.0354309 0.00146606 0.00463491 0.0305583 -0.0376812 0.00112536 -0.00104205 0.00947791 0.0121351 0.00429868 0.00864472 -0.00070483 -0.00161203 -0.0733818 -0.00338453 0.0159066 0.0449487 -0.0344297 0.00462538 -0.00924374 0.000218671 -0.0130248 0.0377759 0.0165005 -0.0123112 -0.00338645 -0.0400965 -0.0410639 0.0161423 -0.000902314 0.0795839 -0.00062467 -0.00469634 -0.000981991 0.0589101 -0.0131704 -0.0445009 -0.0144944 0.0383073 0.0550335 0.0136868 0.0254278 0.00236854 -0.00192487 -0.000687183 0.0229691 -0.0258205 0.0101711 -0.0168725 0.00696853 -0.0580316 -0.0205513 0.0171087 0.00184002 -0.0599348 0.00826772 0.061408 -0.013432 -0.00097547 -0.136378 0.00563565 0.00531061 -0.0326428 0.00463099 0.0104825 -0.00359878 0.0127638 0.0750869 0.0122383 -0.0241237 0.0272777 0.0771819 0.000369074 0.0112524 0.0499767 -0.024809 -0.0151966 0.037742 -0.0178966 -0.00696185 0.0920779 0.0102273 -0.00898021 0.11888 0.00464629 -0.0153463 -0.0116684 -0.0193352 -0.00213858 0.00459494 -0.0546747 0.00420924 -0.0145277 0.0664637 0.000213461 0.00283533 -0.0102882 -0.0391575 0.0176311 -0.00652684 -0.00065974 0.0620896 0.0313503 -0.0321804 -0.0556325 -0.0271829 0.0681351 0.0441401 -0.000531566 -0.0358503 0.0105 -0.0252695 -0.00486891 -0.0152624 0.0355116 0.0231608 0.00711936 0.0318244 -0.0251696 -0.0150112 -0.015879 0.016916 -0.0250419 0.0146164 -0.0787787 0.0142828 -0.00520747 0.0197557 0.0206162 0.00915237 -0.0783514 0.0117219 0.0358717 -0.0306139 0.056242 -0.0511615 0.0333662 0.0038312 -0.0413178 -0.00986887 0.0146447 0.011854 0.0455388 0.00526421 0.0133031 -0.0319759 0.000186403 0.0338725 0.0167613 -0.0658565 -0.0433093 -0.0129041 -0.0251835 -0.00723498 -0.0380534 -0.00654569 -0.00403014 -0.0210368 -0.00555872 -0.0131478 -0.00986182 -0.0393765 0.000984078 -0.00622194 0.000275447 -0.00763293 -0.0169304 -0.045865 0.0619627 -0.0134538 0.0605002 0.0624279 0.025258 -0.0396951 0.0129592 -0.0471307 -0.00084397 0.00941675 0.0693947 0.0208455 -0.0140972 0.0552154 -0.00706977 0.0639353 0.00970673 -0.0341366 -0.0421368 0.0624991 0.0297111 0.00962307 -0.00309189 0.0130511 0.0677408 -0.0114696 0.00425787 0.00875775 0.00314682 0.0232005 -0.0193861 0.0579472 -0.0184684 -0.0110943 -0.0193296 0.00465145 0.030062 -0.0564346 -0.0454323 0.0188367 -0.0322219 0.0234818 0.00823661 0.0474613 0.0143158 0.0153743 0.00688335 0.0337388 0.0247326 -0.159894 -0.0496993 0.0537076 -0.0225413 -0.0234057 0.0111301 0.00574314 0.0226019 -0.0293253 -0.0443658 0.000314988 0.0137049 -0.0549242 -0.00481447 0.0410823 0.0389021 -0.124022 -0.00558833 0.0158295 0.0301336 -0.0386787 0.0392787 0.0170756 -0.00871674 0.0462564 0.0181855 0.00888936 -0.0402279 -0.0150702 -0.0435878 -0.000214195 0.0209137 0.00577419 -0.0278132 0.02781 -0.0373963 -0.0310514 0.0107743 -0.00774799 0.0171203 -0.0617976 -0.0121968 -0.0349438 -0.00392982 -0.0224806 0.0249318 -0.00821721 0.0117834 0.0494581 0.0177644 0.00345841 0.0350662 -0.0390021 -0.0237593 0.0165313 0.0292041 -0.0299446 0.0192991 0.0196805 -0.0235017 -0.0453077 -0.0121523 0.0177923 0.00583702 -0.0208747 0.0384709 -0.0262914 -0.00386889 0.0209539 0.0114143 -0.00829256 -0.00760072 0.00892746 0.0208266 0.00901811 0.0051669 -0.00445728 0.00503462 -0.00446327 -0.00309136 0.05524 -0.000886962 0.00983862 0.00164144 -0.0055099 0.0572008 0.00611746 -0.0541806 -0.0149067 -0.0657649 -0.0128622 -0.0180851 -0.0200147 0.0163639 0.0234313 0.000469808 0.00966983 0.000319571 0.0168599 0.0155829 0.0323529 -0.054814 -0.0570698 -0.0555028 0.0169104 -0.00513438 -0.00737141 0.0855291 0.00272341 -0.0079018 0.0119623 -0.0193507 -0.0330606 0.0177892 0.00886581 -0.000652834 0.0335236 -0.00337686 0.0211192 0.0152519 -0.0189278 -0.0513233 0.00513157 0.0350745 0.0264666 -0.037906 -0.0358155 -0.0060709 -0.0151237 -0.00746224 -0.017017 0.00117738 -0.00993739 -0.0929388 -0.0230689 -0.0204539 0.0103065 0.00119875 0.00439013 0.00569609 0.0127951 -0.0019493 0.0207988 -0.0101543 -0.0196504 -0.00764941 -0.000920707 0.0343965 -0.0569941 -0.0488261 0.011457 -0.0270048 -0.00588441 0.00272645 0.011591 -0.025282 -0.000663763 -0.0195638 -0.0331766 0.0350948 -0.0138357 -0.0130179 0.0411212 -0.0203293 -0.0301918 0.00786843 0.00805038 -0.00745713 -0.01218 0.0201516 -0.0492415 -0.00614937 -0.00967424 0.0106728 -0.00820335 -0.00190574 0.00487474 -0.0344035 0.0113594 -0.0237907 -0.0113124 0.0069115 -0.0153369 0.0193123 0.0136603 0.0437 -0.0276027 0.00108152 -0.00843269 0.089895 0.0200407 -0.0389631 0.00576053 -0.0432349 -0.00360138 0.00671952 -0.000346967 0.0785878 -0.0531425 0.000254328 -0.00342952 -0.00439345 0.034989 0.000349839 0.0116732 -0.0137476 -0.0465233 0.00206638 -0.00790694 -0.0461238 0.0228256 0.031413 0.0243921 0.0176523 0.0111087 0.00330697 0.0243987 -0.0136321 -0.0217423 0.0492032 -0.0285416 0.0475456 0.0196411 0.0204958 0.0234231 0.0155853 -0.00850892 0.0205 -0.00299786 -0.0262713 0.000914293 0.0289053 0.0113348 0.0228999 -0.00139022 -0.0332178 -0.00151284 0.0266561 -0.00960841 -0.0577379 -0.0288214 0.00766499 -0.00186525 -0.00331357 0.0162336 0.0443376 -0.0297989 -0.00204827 -0.0131308 -0.00748346 -0.00410659 -0.00140407 -0.013206 0.0105001 0.0298064 0.0280664 0.0461984 0.0441748 0.00226408 0.0245672 -0.126731 -0.0292437 -0.070756 -0.00361087 -0.0043077 -0.0196143 -0.0514044 0.00229794 0.0359994 -0.00891005 0.0256825 -0.0470173 -0.00152727 -0.080429 -0.00241234 -0.00547509 0.0167665 0.0260776 -9.40935e-05 0.0129693 -0.0330764 -0.00695881 -0.0167958 0.0272799 0.0153853 -0.0237504 0.00864475 0.00516832 -0.0130426 0.0606752 0.0211421 -0.0890067 -0.0559103 0.0102605 0.0235024 0.0121678 -0.0248012 -0.0164134 0.00637358 0.0360559 0.014863 0.0155595 -0.0253517 -0.00782582 -0.0230301 0.012487 -0.0267452 -0.00748909 0.00163227 0.0179357 0.0124753 0.00490495 0.00441894 0.00362145 0.0136646 -0.0198079 0.0053723 -0.00807874 0.0107715 0.0003448 0.00741658 0.00952516 0.01701 -0.00701384 -0.153425 -0.0630024 -0.00937552 -0.028717 0.00264843 -0.0256067 0.0289748 0.0102581 -0.0437855 0.0429471 0.00626532 -0.00151047 0.0213786 0.00337126 0.0099633 -0.0194098 0.00826844 -0.00758162 -0.0010162 0.0209597 0.0338407 -0.0386225 0.0963708 -0.0198266 -0.0583359 0.00352085 -0.00301244 -0.00116428 -0.0139449 0.00215151 -0.0555256 -0.00605593 0.0273056 0.0304111 -0.0187762 -0.0219255 0.00514538 -0.00125185 -0.048194 -0.00897498 0.00756299 0.006464 -0.0595176 -0.00998564 -0.0533683 0.00761114 -0.00373863 0.000736309 -0.0353258 -0.0241413 -0.00861193 0.00886829 0.0266513 0.0248733 -0.008666 -0.0101319 0.0252286 -0.0154966 0.00398782 0.00637279 -0.0237439 0.00668248 0.0579633 0.00575269 -0.0423405 -0.0601341 0.00540886 -0.0314903 -0.0286244 -0.0219972 -0.0437414 -0.0190479 0.0278331 0.0103408 -0.00306301 0.00165017 -0.0323718 0.00548331 -0.000552121 0.0172926 -0.0261125 0.0390384 -0.0266562 0.0147068 0.00045656 0.0166733 -0.00643268 0.0174278 0.0641314 -0.0118709 -0.0700467 -0.0130928 -0.0477297 0.0403746 0.0247496 -0.0119492 -0.00779801 0.0167458 -0.00222197 0.0367848 0.0601565 -0.00908576 -0.00322936 -0.00420809 -0.0259432 -0.0103527 0.0241263 -0.059559 0.028928 0.0307673 -0.0449684 -0.0151057 0.0552208 0.00376441 0.00103222 0.00406677 -0.0270957 -0.0252747 0.0140362 -0.0374139 -0.0200328 -0.0171301 0.00754087 -0.00122579 5.15882e-05 -0.0337106 -0.0123787 0.0171727 0.0327764 -0.0218717 -0.0059352 0.0172088 0.0549629 0.0307936 -0.0132892 0.0489622 0.122006 -0.0389839 0.0817747 0.0410456 0.0161696 -0.00906389 0.0266506 0.0163266 0.0158525 -0.00349259 -0.0741844 -0.0108345 -0.0189458 0.0107826 -0.0153658 -0.0096638 0.00544298 0.0420564 -0.0496638 -0.0128772 0.0120139 -0.0361691 -0.0116353 -0.00715617 -0.00560823 0.0599902 0.000313599 -0.0172186 0.00564479 -0.0325533 0.0234483 0.0195869 -0.0223467 0.0413297 0.0340881 -0.0328679 -0.0929633 2.71102e-05 -0.0236204 -0.0436544 0.0101162 -0.00199576 -0.0212732 0.00988736 0.00458388 -0.0220914 -0.0201832 0.000308701 0.0194489 -0.0485876 0.00638114 -1.59858e-06 -0.000738636 -0.0446213 0.00721531 0.0126476 -0.0250086 0.0171622 0.0469018 0.0340757 -0.000355166 -0.046464 -0.00338395 0.0111358 -0.0328797 0.00574761 0.0376895 0.0285428 -0.0282021 0.0103489 -0.0208789 -0.022003 -0.0475611 0.0162317 -0.0162358 0.000652909 -0.00683597 0.00837359 -0.000837036 -0.0220355 -0.0350272 -0.0579975 0.0627023 -0.0766631 -0.00505029 0.0295523 0.00158156 0.0075893 0.0269469 -0.0287501 -0.0021819 -0.00611497 -0.013054 -0.000231374 -0.00283718 -0.0185602 0.00848835 0.0209233 0.00300987 0.0177398 -0.0335749 -0.0280065 -0.0199501 0.0311135 -0.000245992 -0.00345468 -0.0142122 0.00542801 0.00702882 -0.00972444 0.0908781 0.0163574 -0.00103787 -0.0680252 0.0198557 0.00424763 -0.00619104 -0.00622735 0.0125846 -0.0395013 -0.00569184 -0.00323309 0.00218199 0.0182481 0.0266986 -0.032103 -0.00720948 -0.00240994 0.0243065 -0.0290861 0.011863 0.0117996 0.0853079 -0.0150465 -0.0220081 -0.00752914 -0.0531815 0.00214019 -0.0273648 -0.0263003 0.0105431 0.0145309 0.0393477 -0.00649695 0.0148864 -0.0106573 0.0493679 -0.0303986 -0.02822 -0.00607471 0.0578388 -0.0170825 0.0340712 -0.00670043 0.00825813 -0.015156 0.0728014 0.00396163 0.0300086 -0.0367839 -0.0160265 0.0418877 0.0148651 0.017218 0.0101535 0.00155296 0.00825167 -0.000644774 0.00632658 0.0323359 0.0395768 0.00302322 0.0128222 -0.0678528 -0.00203314 0.0725367 -2.95883e-05 -0.00699036 0.000812653 0.00501102 0.0356696 -0.0202575 -0.0230218 -0.0219135 -0.0122752 -0.00612754 -0.024015 0.0200518 0.0637272 0.0234071 0.00491129 0.0317124 0.0070024 -9.4259e-05 0.00564608 -0.0215982 0.0414501 -0.0244438 0.00434298 0.0353374 -0.0014023 0.0196539 -0.020821 -0.0407773 0.00467072 0.0614179 0.00491868 0.0903491 -0.056226 0.00256378 -0.00603529 -0.0144111 0.0392315 -0.0108447 0.00651391 0.0231892 -0.0368481 -0.000165767 0.00324148 -0.0226822 0.00693169 -0.0271143 0.0161965 0.0107065 0.00285999 

network 2 1000
edges0
8 1 8 87 1 8 8 4 87 1 80 1 8 87 4 42 4 8 87 80 1 80 87 1 260 8 42 4 80 4 8 1 260 185 42 87 80 8 185 42 4 87 260 22 185 260 8 87 4 42 120 80 120 42 1 8 207 87 22 4 4 87 120 260 22 207 42 1 185 207 80 42 8 1 22 185 4 260 102 87 120 207 120 22 102 257 8 260 42 185 22 4 260 102 80 1 8 87 242 120 207 0 257 242 8 4 22 185 102 42 257 207 20 80 102 260 20 22 42 80 156 242 8 257 185 87 207 4 185 207 8 120 260 257 80 20 22 87 42 197 80 185 87 22 156 217 1 257 0 207 102 0 1 217 42 260 4 8 197 20 260 197 4 217 120 80 8 242 22 1 258 207 156 0 1 20 207 8 42 197 80 22 42 257 87 8 197 42 0 292 207 217 257 260 87 20 102 22 257 4 80 258 120 0 260 207 42 80 8 20 0 258 217 207 207 156 258 87 1 185 217 120 80 42 217 20 1 207 8 257 260 87 87 197 42 71 260 185 287 0 5 260 185 4 257 207 167 34 156 258 42 87 80 287 22 20 156 260 275 292 87 207 257 287 120 0 252 197 217 80 5 8 260 1 137 258 185 5 287 20 22 242 196 35 80 42 87 185 207 156 101 34 257 0 260 4 120 275 260 258 207 102 257 242 163 185 0 35 80 242 0 287 1 258 259 275 231 167 207 20 292 196 4 42 257 34 71 207 80 217 260 102 197 87 0 102 94 196 197 101 8 1 42 4 5 102 167 258 217 197 185 260 292 80 287 0 275 55 42 207 257 22 156 121 207 0 42 257 292 167 87 257 87 260 22 102 0 231 275 125 71 80 42 287 35 258 293 196 260 0 242 207 287 20 196 256 71 217 119 120 167 185 121 80 87 8 197 187 0 42 252 196 260 185 252 260 196 0 87 8 4 119 120 275 42 242 21 260 22 277 156 163 217 121 196 42 101 258 187 260 4 87 275 5 137 259 167 185 252 101 1 5 8 76 163 125 207 292 121 87 259 35 42 196 4 242 257 231 119 207 1 156 5 8 87 260 252 242 42 231 8 168 20 163 87 207 71 293 42 119 249 156 101 277 22 20 125 87 185 35 259 275 256 55 20 102 258 71 207 293 185 168 252 260 80 258 293 275 42 8 196 23 156 80 257 275 76 249 197 65 0 167 258 259 22 187 20 197 76 23 260 187 80 1 259 20 81 23 207 257 120 102 163 65 258 208 55 35 121 292 1 260 185 148 21 5 168 167 256 242 207 293 187 259 76 287 0 257 21 71 0 296 197 102 242 259 288 71 20 252 0 94 22 207 42 187 156 42 80 260 121 261 102 207 163 208 119 288 296 120 4 185 65 20 156 296 22 260 20 102 259 121 252 257 71 31 148 217 0 167 293 87 261 120 1 23 119 87 156 8 261 168 22 80 76 21 211 257 55 76 35 20 211 94 156 181 231 102 21 257 185 242 76 275 53 120 65 203 0 217 259 8 196 55 258 207 23 231 208 1 249 66 0 287 277 242 1 197 259 187 67 120 81 0 8 277 13 187 87 5 20 87 187 21 23 207 22 161 38 101 4 71 5 102 80 231 21 242 181 258 121 102 4 296 23 122 87 197 4 5 38 35 22 120 231 8 185 66 81 102 260 87 292 22 5 181 121 207 185 38 257 256 197 259 257 208 292 119 87 95 185 293 211 8 125 156 35 37 275 107 1 161 22 217 20 187 87 207 120 4 125 37 187 148 296 22 197 107 67 1 257 102 207 125 293 260 259 207 293 296 0 185 197 196 102 211 71 76 120 197 87 277 257 35 258 0 71 20 42 293 217 53 277 260 80 273 41 196 42 121 257 197 1 256 207 257 168 287 38 42 242 76 260 217 259 125 41 107 156 258 80 119 163 101 38 35 87 22 296 259 80 197 107 252 260 30 21 203 125 167 137 161 174 197 256 242 81 122 286 101 261 203 41 102 252 28 53 208 197 275 122 167 258 273 120 217 1 76 217 81 102 163 42 1 277 174 231 121 277 287 87 197 217 120 80 0 197 208 20 260 257 35 87 76 196 30 0 53 87 8 257 260 252 287 22 87 71 296 80 196 20 287 161 80 55 257 107 163 94 34 231 208 260 156 31 296 137 38 122 156 1 275 277 13 31 211 273 196 258 71 277 224 231 156 119 271 55 22 1 20 242 1 293 197 167 42 101 217 197 288 101 296 277 22 196 1 260 236 185 237 
edges1
1 87 87 4 4 4 80 80 80 80 42 42 42 42 42 260 260 260 260 260 260 185 185 185 185 185 185 185 22 22 22 22 22 22 22 22 120 120 120 120 120 120 120 207 207 207 207 207 207 207 207 102 102 102 102 102 102 102 102 102 0 0 0 0 0 0 0 0 0 257 257 257 257 257 257 257 257 257 257 257 257 242 242 242 242 242 242 242 20 20 20 20 20 20 20 20 20 20 20 20 20 20 20 156 156 156 156 156 156 156 156 156 156 156 197 197 197 197 197 197 197 197 197 197 197 197 197 197 217 217 217 217 217 217 217 217 217 217 258 258 258 258 258 258 258 258 258 258 258 287 287 287 287 287 287 287 287 287 287 287 167 167 167 167 167 167 167 167 167 167 167 167 167 167 34 34 34 34 231 231 231 231 292 292 292 5 5 5 5 5 5 5 5 5 275 275 275 275 275 275 275 275 275 275 275 275 275 163 163 163 163 163 163 163 71 71 71 71 71 71 71 137 137 137 137 137 137 137 137 137 137 137 252 252 252 252 252 252 252 252 35 35 35 35 35 35 35 35 35 35 35 35 35 35 101 101 101 101 101 101 101 101 101 101 101 101 101 196 196 196 196 196 196 196 196 196 196 259 259 259 259 259 259 259 259 259 259 259 259 259 259 259 259 259 259 259 256 256 256 256 256 256 256 256 256 256 256 256 256 293 293 293 293 293 293 293 293 293 293 293 293 293 293 293 293 293 94 94 94 94 94 94 94 94 55 55 55 55 55 121 121 121 121 121 121 121 121 121 121 119 119 119 119 119 119 119 119 119 119 119 119 119 119 119 125 125 125 125 125 125 125 187 187 187 187 187 187 187 187 187 187 187 187 187 187 187 187 187 21 21 21 21 21 21 21 21 21 21 21 21 21 21 21 21 21 249 249 249 249 249 249 249 249 249 277 277 277 277 277 277 277 277 208 208 208 208 208 208 208 208 208 208 208 76 76 76 76 76 76 76 76 76 76 76 76 288 288 288 288 288 288 288 288 288 288 288 23 23 23 23 23 23 23 23 23 23 23 23 168 168 168 168 168 168 168 168 168 168 168 168 53 53 53 53 53 53 53 53 65 65 65 65 65 181 181 181 181 181 181 181 181 181 181 31 31 31 31 31 31 31 31 31 237 237 237 237 237 237 237 237 237 237 296 296 296 296 296 296 296 296 296 296 81 81 81 81 81 81 81 81 261 261 261 261 261 261 261 261 261 261 261 148 148 148 148 148 148 148 148 211 211 211 211 211 211 211 211 211 211 211 211 211 273 273 273 273 273 273 273 273 203 203 203 203 203 203 203 203 203 232 232 232 232 232 232 232 66 66 66 66 66 66 66 66 66 66 66 66 66 13 13 13 13 13 13 13 38 38 38 38 38 38 38 38 38 38 38 38 38 38 38 38 38 38 174 174 174 174 174 174 174 174 174 174 174 174 174 41 41 41 41 41 41 41 41 41 41 41 221 221 221 221 221 221 221 221 221 221 221 221 221 67 67 67 67 67 67 67 67 67 67 95 95 95 95 95 95 95 95 95 95 95 161 161 161 161 161 161 161 161 161 122 122 122 122 122 122 122 122 122 122 122 122 122 122 213 213 213 213 213 213 213 213 213 213 213 286 286 286 286 286 286 286 286 286 286 286 286 286 37 37 37 37 37 37 37 37 37 37 37 37 37 37 37 107 107 107 107 107 107 107 107 107 62 62 62 62 62 62 62 62 62 62 62 224 224 224 224 224 224 224 267 267 267 267 267 267 267 267 267 267 267 267 267 267 267 283 283 283 283 283 283 283 283 283 283 283 283 283 236 236 236 236 236 236 236 236 236 236 236 28 28 28 28 28 28 28 28 28 28 28 28 28 219 219 219 219 219 219 219 219 219 219 219 219 30 30 30 30 30 30 30 30 142 142 142 142 142 142 142 142 142 142 142 299 299 299 299 299 299 299 299 235 235 235 235 235 235 235 235 235 235 247 247 247 247 247 247 247 247 247 247 247 247 247 247 247 263 263 263 263 263 263 263 263 263 250 250 250 250 250 250 250 250 250 250 276 276 276 276 276 276 276 68 68 68 68 68 68 271 271 271 271 271 271 271 271 271 271 271 271 205 205 205 205 205 205 205 205 205 205 205 205 205 205 26 26 26 26 26 26 26 26 26 26 26 26 26 26 26 14 14 14 14 14 14 14 14 14 14 14 164 164 164 164 164 164 164 150 150 150 150 150 150 150 150 150 150 150 150 
weights
0.0122449 0.0567373 0.0007101 0.0605475 0.0195515 -0.00833159 -0.0405972 0.00351838 -0.00523352 0.00450113 0.00337679 -0.0248126 -0.0190965 -0.0108475 0.00659895 -0.000671113 0.0143074 -0.0134445 0.00120324 0.00510049 0.0337512 0.0171412 -0.00600494 0.065448 -0.116257 0.0288784 0.0224735 0.00532621 -0.030702 0.0362635 -0.00849938 0.016711 -0.0062534 -0.0158781 0.0133572 -0.0636449 -0.00782515 -0.0112189 -0.0126094 0.0180559 -0.0382226 -0.0545439 -0.0134461 -0.0482041 -0.00898509 -0.0071476 -0.0227114 -0.027914 -0.0178331 -0.00515333 -0.0232944 0.0129406 -0.0151786 -0.0118597 -0.0691956 -0.00526775 -0.00461089 0.0372838 0.0286517 0.0372398 -0.00332008 -0.055215 -0.0151169 0.0113222 0.00573415 -0.032631 0.00380205 0.00131062 0.0703841 -0.0139208 -0.00432163 -0.0169716 -0.0783241 -0.00691368 -0.0375059 0.019271 -0.111336 -0.0177507 -0.00137692 0.0221041 0.0111728 -0.00583132 0.031331 0.00199036 0.0204563 0.0248998 -0.0246532 -0.0347772 -0.0917228 0.000909479 -7.57027e-05 0.00571223 -0.000865513 0.031655 -0.0110958 0.0460479 -0.0294075 -0.0522351 -0.0215744 -0.00323844 0.0260444 -0.076229 -0.0165223 -0.00846123 0.0115003 -0.0050078 -0.0231221 0.030074 0.00723166 -0.00584076 0.000614863 0.00751325 -0.262089 0.0156729 0.000952224 -0.0370692 -0.00674052 -0.0249251 0.0197378 0.00748997 -0.0888746 -0.00907753 -0.00982256 -0.00294857 -0.0368275 0.0460872 0.0400398 0.014872 0.0124693 -0.0154289 -0.000443534 0.0173221 -0.00319616 0.0130934 -0.0614757 0.0246527 0.0110751 -0.0202985 0.019372 0.00279524 0.0119567 0.00916161 -0.0161401 0.0175969 -0.0144953 -0.0299545 -0.00937993 0.0249333 -0.0225963 0.0316409 -0.0398569 -0.0192454 -0.00270352 0.0343318 -0.0168889 0.00346849 -0.0280343 -0.0607618 0.00191458 -0.0206649 -0.000976718 0.0425087 0.0113083 -0.0545304 0.00470013 0.0143475 0.0746711 -0.0539387 0.00545047 -0.0135844 0.00547757 0.0423316 -0.0113163 -0.0174032 0.0106296 0.0412997 -0.0179491 0.00410715 -0.00875045 0.0514277 -0.0253361 0.00698982 -0.0151196 -0.00509254 0.0637197 -0.011969 0.0247991 -0.00435058 0.0257767 -0.00538455 0.0310871 -0.0118308 -0.00561711 0.0315217 -0.000573531 -0.00143011 0.000874076 0.00226288 0.0010898 0.0131014 0.00842976 0.00325919 -0.0205224 0.0378064 0.0194131 0.0138794 -0.000347092 0.00339598 0.000753402 -0.0140565 0.0147257 0.0223007 0.0136791 0.00170329 -0.00816158 -0.0251704 0.000541863 0.000537538 -0.0151685 0.00500389 -0.0353514 0.0331994 -0.0103131 0.0249822 -0.039237 0.168362 0.0261703 0.0208426 -0.0336082 0.0271631 -0.000215897 -0.00736221 -0.00438556 -0.0232587 0.00716832 -0.025696 0.00267222 -0.0042707 0.00575465 6.68389e-05 -0.0147994 -0.0188728 -0.00778945 0.0225259 -0.00797362 0.0149127 0.0271708 0.00292673 0.00243612 -0.0376362 -0.0070745 0.0151755 0.0418074 0.00270587 -0.00795897 0.0344814 -0.011494 0.0145798 -0.0357155 0.00986586 -0.0180961 0.0116533 0.0114264 -0.0373868 0.0231384 -0.0157142 0.0477758 0.0164542 0.0325735 0.00817273 6.79535e-06 0.0122878 0.0222657 -0.0248137 0.00367856 0.0127863 0.0148905 0.0156782 -0.0100862 0.0213286 0.0196192 -0.00498047 -0.00921925 0.00653122 0.00516032 -0.0249879 0.0304715 0.00357695 0.0109714 -0.0134728 0.0149579 0.0570865 0.0128935 -0.0482976 -0.00491569 -0.0304858 -0.0015291 0.00562423 -0.0229045 -0.00889078 0.00201817 -0.00703784 -0.138883 -0.0040423 -0.0328278 0.0132877 -0.00885963 -0.00472248 0.0103382 -0.00818115 0.0177252 -0.04324 0.00803219 -0.00211522 0.0139375 0.032658 -0.0017503 -0.0126622 -0.0019059 0.0376075 0.0618612 -0.00542662 0.000512026 0.00397389 0.0206191 0.0115104 -0.111642 -0.00886065 0.0289292 0.0107487 -0.00391599 -0.0108928 0.0379288 0.0334336 -0.00795596 -0.057529 0.00444977 -0.00864394 0.0389234 0.0453895 0.00847244 -0.0301884 -0.0374583 0.0300803 -0.0242921 0.022866 -0.0446423 -0.0155001 0.021259 -0.0671424 -0.000444656 0.0160117 -0.00962007 0.0224759 0.00371139 0.0240963 -0.0264834 0.020291 0.0173655 0.0451429 0.0844647 0.00157055 -0.000762088 0.0638294 0.0031289 -0.00723454 -0.030529 0.0525348 0.00505908 -0.0203412 -0.0600351 -0.0229922 -0.0767217 0.00498813 -0.0118375 0.0327716 -0.0150431 -0.00701267 0.00398817 -0.00424453 -0.00463493 -0.0320622 -0.00627941 0.0288141 0.0309114 0.00346458 -0.00562496 -0.0314557 -0.0261644 0.0151018 -0.0597159 0.043321 -0.0185832 -0.0015989 0.0157014 -0.00580585 -0.0334074 -0.0750046 0.0184509 -0.0139723 -0.0437332 0.0194729 -0.00194432 -0.00459481 -0.02171 0.00114368 -0.0144062 0.0802974 -0.0198966 0.00278188 0.01001 -0.0161752 0.0234445 -0.00189657 -0.0330118 0.012569 -0.0554813 0.0370393 -0.00856759 0.00881209 0.00831221 0.0381718 -0.00811834 -0.0606838 0.0366643 0.0114535 0.00831017 -0.00164936 0.021703 0.0561726 -0.0139028 0.0533711 -0.0249691 -0.0353733 0.0381342 0.00391606 -0.0652886 0.0151751 0.00579291 -0.0458032 -0.0238423 -0.00903377 -0.00542334 -0.0231846 -0.00648001 0.0201689 -0.0464006 0.00925901 0.0437885 -0.00475468 -0.0177949 -0.0017539 0.0122019 0.0572586 0.0264211 0.00855619 0.0645088 -0.0286494 0.0655515 0.00321372 -0.0378798 -0.0201984 -0.0068811 -0.0468652 -0.046881 0.0688729 -0.0165868 -0.0573818 -0.0187561 0.0206871 0.00457931 -0.0232082 -0.00526671 -0.11574 0.0746494 0.0153713 -0.0214303 -0.0262614 -0.00366813 0.00999278 -0.00184575 0.0837951 -0.0112676 -0.0406898 -0.0672692 -0.000301898 0.0337485 -0.0423178 -0.0813 -0.010519 0.0495345 0.00629854 0.0083079 0.0493139 -0.0253387 0.0100672 0.00831063 -0.0261071 0.000790342 0.0339234 0.0158722 -0.107445 0.020963 -0.00457453 -0.0304079 0.00706289 -0.00701544 0.0524915 -0.00998598 -0.000934676 0.0179344 0.00250597 0.00294067 0.00671891 -0.00500527 0.00880733 0.00023124 -0.0263134 0.0273518 -0.0375352 -0.0185547 -0.00906525 0.0135584 -0.0281617 -0.00931167 -0.0152811 0.017669 -0.0195744 0.0191399 0.0348235 0.00975821 0.0183201 0.0560051 0.0526156 0.043888 0.00448656 -0.017304 0.0532068 0.0278599 0.0169631 -0.0223325 0.0125499 -0.0294727 0.00289043 0.0584455 -0.0556012 0.0312193 -0.0244165 0.00191935 -0.00721453 0.0199377 -0.00989708 -0.0287158 0.00897181 0.0370646 -0.0727813 0.0154197 -0.00821453 -0.0171014 -0.0390023 -0.0245486 -0.00924943 -0.0699005 0.0278537 -0.0163303 0.00797187 -0.0191313 0.0337467 0.0135282 -0.00177523 -0.0254346 -0.0122017 0.0142812 0.014781 -0.000457029 -0.0207027 0.00790733 0.0203257 -0.00171626 -0.0494787 -0.0271766 0.00567472 0.0385956 -0.026776 0.0196704 -0.00541824 -0.0376924 0.0110072 -0.0292973 -0.066686 -0.00138017 0.0240826 -0.0599216 0.0258238 -0.00504505 0.0131694 -0.0260768 0.0228683 0.0371921 0.00593926 -0.0323004 -0.00911608 0.000837209 -0.0174571 -0.0329001 -0.0214993 -0.0355169 0.000927153 0.0192897 -0.0224932 -0.0591086 -0.00115974 -0.0330479 -0.0265352 -0.0106299 0.00423108 0.00739275 -0.00261273 0.0368513 -0.0528971 0.0196952 0.00327525 -0.0307076 -0.00722852 -0.00357958 0.0109841 0.00423662 -0.0168856 0.0484128 0.00245989 0.0460183 -0.0233669 -0.0276171 -0.031128 -0.0163291 0.0744837 -0.0396443 0.088531 -0.0612924 0.00340164 0.0237574 0.00933565 0.0404853 0.00204633 0.0235933 0.0142609 0.00550942 -0.00340678 0.00676598 -0.0259083 -0.0029311 -0.0506072 0.000125195 -0.017307 -0.0526508 0.0261086 -0.0600366 0.000955452 0.0312471 -0.00787653 -0.010693 0.012406 0.00215869 -0.083979 0.00449371 -0.0271867 -0.00630336 0.0200233 -0.0976946 -0.0613727 0.004702 -0.0578544 -0.014224 -0.0136682 0.0108325 0.0246894 0.0100157 0.021854 -0.013126 0.0109024 -0.0102971 0.00456722 0.0301875 -0.0321806 0.0146867 -0.039718 -0.00634731 0.00800233 0.0193814 -0.0353815 0.00162519 -0.0186455 0.0300134 -0.0299302 0.00243907 0.00186499 -0.0311336 0.0434625 -0.00914175 -0.011289 0.00263916 -0.00262994 0.0252782 0.0510493 -0.000323251 -0.00365736 0.0798892 -0.00491651 0.0549893 -0.00742616 -0.0395925 0.00595638 -0.0263208 -0.00447217 0.0181831 -0.0110856 -0.00679015 -0.00158332 0.00517116 0.0207769 0.018385 -0.01579 -0.040289 0.00227511 -0.0087182 -0.01201 0.0255892 0.0140948 0.00255437 0.00972661 0.0886485 0.037018 -0.00677371 0.00106478 0.0442908 -0.0607861 0.000164946 -0.0595547 0.0125748 -0.0352755 -0.00497725 0.0380401 -0.0316524 -0.000513433 -0.000129745 -0.0464264 -0.00948732 8.08833e-05 0.0165849 -0.0126382 -0.0447355 -0.002762 0.00820603 0.00889465 0.00267689 0.0156784 0.0212301 -0.00543857 -0.0397173 -0.00356981 -0.0222343 0.0452428 0.019444 0.00549195 -0.015212 0.0053724 -0.0212966 0.015147 -0.0360565 0.00963072 0.0051952 0.0269017 -0.026362 0.00593653 0.017615 0.00361076 0.0460479 -0.0262656 -0.0175732 -0.00784487 -0.0138495 0.0160221 -0.00833744 0.00346535 -0.0424304 0.00265538 -0.0356312 0.0294652 0.000439271 0.0403785 -0.0308124 -0.0266788 0.0479322 0.0145858 0.0296199 -0.0171439 -0.00292644 0.0117998 -0.00129305 0.00588041 0.0789122 0.00322798 0.00837397 -0.017018 -0.0524932 -0.0106558 0.0143612 0.0213907 0.00966334 0.0232688 -0.00561723 -0.0075415 -0.00370104 -0.0762113 0.0169558 -0.0177347 0.00664773 0.00727522 -0.00210161 -0.00581763 -0.0284524 0.0254325 0.01625 -0.00630524 0.0111492 0.000916532 0.0234729 -0.0206203 -0.00699742 0.00314918 0.0490609 -0.0515006 0.0050821 0.00988899 0.0752159 0.00150399 -0.00529238 0.021338 0.0287468 -0.0110138 -0.0338763 0.109408 -0.0036121 9.2936e-05 -0.00684653 0.0366724 0.00129419 -0.078315 0.0320862 0.0302006 0.0616584 -0.0221291 0.0250053 0.0142717 0.0251125 0.0187381 -0.000847106 -0.0541958 0.00154868 -0.00821223 0.013546 0.013625 0.0421271 0.0925895 -0.000630501 0.0219725 0.127355 -0.00350232 -0.0284978 -0.070311 0.0625712 0.0185714 0.00923265 0.00833672 -0.00479063 -0.0232466 -0.0205873 0.0227489 -0.0089405 -0.0183672 -0.0194093 0.0151973 -0.0255161 -0.000606274 -0.0146201 0.00251356 0.021003 0.0235962 -0.0213637 -0.0154019 0.0322519 -0.0105132 -0.0116671 0.0209021 -0.0352559 -0.00342663 0.0148893 0.0148222 0.011865 0.0645981 0.0113006 -0.00698283 -0.00186748 -0.032259 -0.0479071 0.00368098 0.0111972 -0.0100351 0.0226328 -0.0212606 0.000492307 0.0081284 0.00567488 0.00427218 0.0102674 0.0266575 0.00315879 -0.0436837 0.00688934 -0.0107795 -0.00985254 -0.00820625 -0.0202602 0.0369625 0.00760666 -0.000383874 -0.0217677 0.0274834 -0.00815278 0.0450193 0.000229569 0.0162605 -0.0074214 -0.00361169 -0.047837 -0.00328308 0.0044216 0.00169004 -0.00576532 0.0270504 0.0117018 -0.0443618 0.0398313 0.00140952 0.0606265 -0.00340987 -0.0392341 0.00646314 0.0259883 -0.0218348 -0.00958766 0.0241573 -0.0243681 -0.00740742 0.0360273 0.0122559 -0.0226046 0.00914337 -0.00790675 0.0485275 -0.00107659 0.030884 0.0488564 0.0275531 -0.0814085 0.0186006 -0.00640931 0.00599092 -0.00630954 0.012121 -0.00417541 0.0150656 0.0242789 0.0599202 -0.0163024 0.02001 0.0440204 0.10691 0.0250899 0.0284679 0.00298953 -0.00312609 0.00562911 -0.000188406 -0.0403989 -0.00221354 -0.00246831 -0.0441349 0.00687856 0.0300916 0.0152125 0.00267409 -0.0168962 -0.00245637 -0.00942798 0.0116268 0.0345721 0.00709262 0.00180135 0.0284497 
