400
200
400
1000
500
3
0.333333	0.666667	
0	1	0.00154629	0.130218	0.0287038
1	2	0.00164786	0.0204902	0.0371953
2	2	0.00169111	0.0827323	0.0132105
3	0	0.00219367	-0.0667496	0.0109
4	0	0.00237734	0.0323314	0.0262933
5	2	0.00239488	-0.0440444	0.0479496
6	0	0.0028504	-0.0189502	0.0293104
7	2	0.00469943	0.061917	0.0797939
8	2	0.00576391	0.0273733	0.0297195
9	2	0.00627473	0.0151509	0.0148532
10	1	0.00703603	0.0894266	0.0753106
11	2	0.00762467	-0.0428083	0.0215217
12	2	0.00770405	0.107808	0.00794168
13	2	0.0087331	0.0669101	0.10568
14	0	0.00926406	-0.0638796	0.0389405
15	2	0.00991571	-0.0418853	0.0234423
16	1	0.0106282	0.0704237	0.0356151
17	0	0.0129644	-0.0506986	0.0457182
18	2	0.0138543	-0.011323	0.0407375
19	0	0.0153218	0.031749	0.0393274
20	2	0.0172447	-0.0307596	0.141295
21	2	0.017683	-0.0529107	0.111779
22	2	0.0178263	-0.0532303	0.0675619
23	2	0.0184356	0.003533	0.00399673
24	2	0.0184749	0.0230535	0.0250696
25	2	0.0185772	0.0045603	0.0132767
26	1	0.0235692	-0.0392196	0.0711225
27	2	0.0242885	0.0689886	0.0388991
28	2	0.0246386	0.141332	0.0381129
29	1	0.0256977	-0.034627	0.132001
30	0	0.027314	0.0474601	0.0786614
31	2	0.0281871	0.0119035	0.0372576
32	2	0.0289661	-0.050824	0.0455957
33	2	0.0290812	0.0272538	0.0182541
34	0	0.0297795	0.100894	0.081298
35	1	0.0306031	0.0922559	0.0309093
36	0	0.0317362	-0.0194635	0.00766451
37	2	0.0333392	-0.0326263	0.0253994
38	2	0.0333804	0.016541	0.0747323
39	0	0.034733	0.0605362	0.00447638
40	0	0.0350908	-0.0255645	0.00305559
41	1	0.0358942	-0.142088	0.0340639
42	2	0.0376379	0.0108538	0.0580641
43	0	0.0382386	-0.0675153	0.0242424
44	1	0.0383127	-0.051881	0.102571
45	0	0.0391538	-0.0554142	0.0650763
46	2	0.0395593	-0.0212623	0.0632394
47	2	0.0397813	-0.0352445	0.0951435
48	2	0.0430398	0.0120288	0.036361
49	0	0.0464297	-0.0287501	0.056863
50	0	0.0464383	0.020281	0.0865676
51	2	0.0466687	0.0137228	0.034723
52	1	0.0474984	0.0239612	0.0212871
53	2	0.0485585	-0.011597	0.0867726
54	2	0.0486223	-0.0219186	0.013682
55	1	0.05014	0.0480864	0.0128956
56	1	0.0503153	0.0220903	0.0222802
57	2	0.0528649	0.0259866	0.0876464
58	0	0.0533767	-0.106248	0.0187339
59	0	0.0546895	0.0152714	0.0245927
60	2	0.0564549	0.0274456	0.0151999
61	0	0.0608679	-0.0337769	0.0357656
62	2	0.0617543	0.0578477	0.00811683
63	2	0.0621533	-0.0612235	0.0456674
64	0	0.062679	0.0316198	0.0499506
65	2	0.0644271	0.0238977	0.0593802
66	0	0.0689646	0.0227524	0.0175105
67	2	0.0695861	-0.139175	0.0278151
68	1	0.0705528	-0.0270318	0.0489248
69	2	0.0716645	-0.04533	0.0208401
70	0	0.0725223	-0.0249478	0.098794
71	0	0.0727459	0.0601683	0.114362
72	0	0.0738851	0.0187149	0.11139
73	2	0.0740299	0.00774907	0.0923287
74	1	0.0773942	-0.0623082	0.113812
75	2	0.0779216	0.0519142	0.0444027
76	2	0.0785401	0.00734873	0.0258306
77	2	0.0791167	-0.0474988	0.000864406
78	0	0.0802389	-0.00763345	0.099307
79	2	0.0802608	0.0476384	0.0517477
80	2	0.0807449	-0.0142473	0.0536503
81	0	0.0813423	-0.0325585	0.0463503
82	2	0.0814229	-0.00415582	0.00655501
83	0	0.0824717	-0.0304949	0.0204681
84	2	0.0844552	0.0230395	0.00519762
85	2	0.0855013	0.0278344	0.0133976
86	2	0.0866084	0.0243791	0.0417203
87	0	0.0868607	0.124715	0.0142296
88	0	0.0892513	0.046432	0.0263392
89	1	0.0897441	-0.0404214	0.0453706
90	2	0.0902511	0.135813	0.0516889
91	1	0.0905757	-0.143967	0.0168446
92	2	0.0920748	0.00643807	0.00359475
93	0	0.092162	-0.0800308	0.034568
94	1	0.0944706	-0.0384035	0.032047
95	2	0.0948226	0.0331885	0.0268303
96	0	0.095131	-0.069379	0.0438217
97	0	0.0979602	-0.0697016	0.0599684
98	1	0.0983356	0.0795013	0.134914
99	0	0.098719	0.0151755	0.113708
100	0	0.0992786	-0.00895485	0.0591761
101	0	0.100241	0.0403299	0.0207481
102	2	0.100724	-0.0274318	0.0131972
103	0	0.1013	-0.0316966	0.0522954
104	0	0.102452	0.0765565	0.0648936
105	2	0.102612	0.0359225	0.0661221
106	0	0.10418	0.0444109	0.0819227
107	2	0.104466	0.0988111	0.0264612
108	2	0.105312	0.0169869	0.0908261
109	2	0.105642	0.0224777	0.0410074
110	2	0.106496	-0.00964893	0.00571042
111	2	0.106659	-0.0698492	0.0401402
112	2	0.112884	-0.0455332	0.109971
113	2	0.113173	0.0221194	0.10182
114	0	0.113687	0.0317969	0.0150452
115	0	0.114834	0.00288268	0.0667052
116	2	0.114972	-0.109443	0.0450925
117	2	0.115072	-0.0899704	0.0234388
118	0	0.115251	0.0195817	0.0528533
119	2	0.115985	0.024525	0.00317057
120	0	0.116003	0.0226018	0.0307963
121	1	0.116787	0.0281894	0.00248731
122	2	0.117938	-0.0147783	0.0451048
123	1	0.119163	0.0367584	0.0638057
124	0	0.119279	0.0445952	0.0119723
125	2	0.121014	-0.0297048	0.0474317
126	1	0.121485	0.15341	0.134575
127	1	0.121549	-0.155834	0.051604
128	0	0.122648	-0.00714344	0.00875284
129	0	0.122986	-0.0257427	0.0699915
130	2	0.123264	0.0298472	0.03539
131	2	0.123646	-0.0235318	0.0144909
132	2	0.126761	0.0160334	0.0510603
133	2	0.126797	0.031765	0.0162748
134	1	0.127351	0.0803707	0.0748297
135	1	0.127466	0.0360257	0.0452347
136	2	0.127559	-0.0838037	0.115199
137	0	0.130989	-0.0428145	0.0524243
138	2	0.131064	-0.0664671	0.00219876
139	2	0.131952	0.0213051	0.00669671
140	0	0.132401	-0.0942994	0.0169425
141	2	0.132474	0.057735	0.0238992
142	0	0.132617	-0.0329994	0.000843332
143	0	0.134926	0.0124259	0.0536166
144	0	0.136024	-0.044077	0.0464207
145	0	0.136046	-0.0238419	0.0100546
146	1	0.136822	-0.0116296	0.0405143
147	0	0.13803	0.0551781	0.0189816
148	1	0.14036	0.0138019	0.0346192
149	2	0.140636	-0.0121863	0.0369678
150	1	0.141125	0.0627724	0.0795935
151	2	0.141387	0.0279991	0.00215168
152	0	0.142538	0.0473809	0.0272196
153	2	0.143419	-0.0240778	0.0548593
154	0	0.14701	-0.102517	0.0141869
155	1	0.14706	-0.0385093	0.119312
156	0	0.15069	-0.0400994	0.0606565
157	1	0.151498	-0.0678866	0.0377649
158	2	0.151781	0.0262623	0.0899748
159	1	0.152854	-0.060629	0.108277
160	0	0.15301	0.00802947	0.0220767
161	2	0.15342	0.0590112	0.0278581
162	2	0.153772	-0.00862118	0.0343657
163	1	0.153941	-0.0364568	0.0749158
164	0	0.154196	-0.0660929	0.00925379
165	2	0.155402	0.0139052	0.00384104
166	0	0.156242	-0.021582	0.0484055
167	2	0.156459	-0.0282656	0.0261501
168	2	0.157535	-0.0377304	0.00320238
169	0	0.159417	-0.0447875	0.0113486
170	1	0.160662	-0.0185349	0.0866729
171	2	0.16104	0.0274017	0.0459501
172	0	0.161625	-0.0285475	0.0157552
173	1	0.162071	0.0771354	0.0687264
174	1	0.164623	0.03261	0.113642
175	1	0.164974	-0.091989	0.0988213
176	2	0.165334	0.0260197	0.0534065
177	0	0.166266	-0.00322272	0.0984725
178	2	0.16692	-0.0516769	0.0159451
179	0	0.168416	-0.0257121	0.0781975
180	1	0.170094	-0.0476733	0.0644971
181	0	0.171663	-0.095237	0.0609696
182	2	0.175017	-0.00580235	0.101631
183	1	0.175776	-0.0637734	0.0204321
184	0	0.176851	-0.128256	0.0340143
185	2	0.1775	-0.0306371	0.0393662
186	2	0.177805	0.0342945	0.015565
187	0	0.177851	-0.0212073	0.0711616
188	0	0.178684	0.0484281	0.0851159
189	0	0.179363	0.0274266	0.0221183
190	0	0.180037	-0.00574844	0.056483
191	2	0.180063	0.0222456	0.0229654
192	0	0.180245	-0.0615293	0.0510126
193	2	0.180574	-0.0331219	0.0499953
194	1	0.18071	-0.054262	0.107427
195	2	0.184287	0.038528	0.0448419
196	1	0.184307	-0.0419662	0.0625803
197	0	0.184549	-0.00872095	0.0302078
198	2	0.184751	0.0232735	0.0282309
199	2	0.186117	0.0234297	0.00225914
200	2	0.187433	-0.0469726	0.0140108
201	1	0.18771	0.032721	0.113226
202	2	0.18818	-0.0552904	0.0566436
203	1	0.189886	0.0368973	0.126584
204	1	0.190227	0.0104159	0.01395
205	2	0.190768	-0.0369482	0.0538396
206	1	0.191822	0.0512749	0.000452296
207	0	0.192473	0.0125299	0.0160873
208	2	0.195253	0.0923935	0.0468073
209	2	0.196114	-0.021696	0.0342746
210	0	0.198562	-0.0485656	0.0161109
211	2	0.199531	-0.0648362	0.000175615
212	1	0.199616	-0.0762434	0.0554491
213	2	0.200261	0.00746484	0.0118045
214	2	0.200501	-0.00996925	0.0385715
215	2	0.201956	0.0415782	0.0253504
216	2	0.202543	-0.0274474	0.0128534
217	2	0.203765	0.0281719	0.0986259
218	2	0.205664	0.00578728	0.10613
219	2	0.207531	-0.0270389	0.0105689
220	0	0.207825	0.0313888	0.0816381
221	0	0.208174	-0.0268651	0.00830872
222	2	0.208422	0.0886455	0.0426932
223	2	0.208817	-0.0257876	0.0117103
224	2	0.21096	0.00725744	0.0955411
225	1	0.211925	-0.0561219	0.0905708
226	2	0.213205	0.0527161	0.0488959
227	1	0.215086	0.0632794	0.0427376
228	2	0.217476	-0.0296241	0.0641213
229	1	0.219138	-0.0886174	0.0238891
230	0	0.219179	-0.0113942	0.011412
231	0	0.220022	-0.0715474	0.0227512
232	2	0.220662	0.0368229	0.0411638
233	0	0.224201	0.0393116	0.0564001
234	0	0.227024	0.0559443	0.0260441
235	0	0.227131	-0.0593597	0.116245
236	2	0.228566	-0.00903675	0.020293
237	2	0.229411	-0.0491684	0.078922
238	2	0.23164	0.0277429	0.0149804
239	2	0.231798	0.0767911	0.0484063
240	2	0.231868	0.0476166	0.0366203
241	0	0.232141	-0.0672035	0.0408124
242	2	0.234123	-0.0972346	0.0122924
243	1	0.234194	0.0146516	0.0387188
244	2	0.234274	0.0710027	0.0364878
245	0	0.235134	-0.00506562	0.0742926
246	2	0.236165	-0.0200692	0.0802095
247	1	0.236885	-0.0657063	0.0599372
248	1	0.23696	-0.0459379	0.00552215
249	2	0.23703	0.133396	0.0233074
250	0	0.237044	0.0365799	0.0417494
251	2	0.237891	-0.0120998	0.0373181
252	1	0.238576	-0.0350882	0.0152942
253	1	0.238868	-0.0795255	0.0933552
254	2	0.240424	0.0325666	0.0442771
255	0	0.24449	0.0594684	0.0438147
256	0	0.245558	-0.0217924	0.0512234
257	2	0.246182	0.0351602	0.0600672
258	0	0.246405	-0.0405985	0.0312336
259	0	0.246555	-0.0349789	0.0851103
260	1	0.250191	-0.0478492	0.00514708
261	2	0.250607	0.0306834	0.0139461
262	0	0.25117	0.0593042	0.151374
263	2	0.253291	0.0174981	0.00979324
264	0	0.254174	0.0620943	0.0281831
265	2	0.258992	0.0341923	0.0468515
266	0	0.260009	-0.00822461	0.00734732
267	1	0.261066	-0.0327596	0.0547678
268	2	0.261124	0.0267615	0.040657
269	2	0.261679	-0.0607292	0.0319509
270	2	0.262781	0.041426	0.0604858
271	2	0.262857	0.00297352	0.132376
272	1	0.263038	0.0541009	0.0512374
273	2	0.264881	-0.0196051	0.0289856
274	1	0.264974	0.0570441	0.0922083
275	1	0.265264	0.0601937	0.122984
276	2	0.266233	-0.0313872	0.0214814
277	1	0.266433	-0.0504257	0.0144102
278	2	0.267182	-0.0204709	0.122593
279	0	0.269233	-0.0169342	0.0298883
280	1	0.270023	0.0778634	0.141782
281	1	0.270372	0.180912	0.0170695
282	1	0.271338	-0.0211599	0.0071754
283	0	0.272049	-0.0410287	0.0581852
284	0	0.27281	0.0406541	0.0122245
285	2	0.27315	-0.00439364	0.00650006
286	2	0.273664	0.0366307	0.0168297
287	0	0.273773	0.116478	0.0625596
288	0	0.27505	0.0548509	0.0294266
289	1	0.275255	0.0534734	0.0665332
290	0	0.277062	0.0618425	0.0214568
291	0	0.277172	-0.0746448	0.0412809
292	1	0.279782	0.00676459	0.0993963
293	2	0.280833	0.0180578	0.0199791
294	0	0.282054	0.02583	0.0596149
295	1	0.285446	-0.0436768	0.0858281
296	2	0.285663	-0.0429733	0.065643
297	0	0.285871	-0.042592	0.00318685
298	2	0.286213	0.0330468	0.0386945
299	2	0.286489	0.0274333	0.0178498
300	2	0.287351	0.050847	0.0394737
301	2	0.288231	-0.0236199	0.0561621
302	0	0.28864	0.0475234	0.042577
303	2	0.288769	-0.0345793	0.052514
304	0	0.292978	-0.0339347	0.0715876
305	0	0.293639	-0.0221344	0.00157798
306	0	0.295726	0.0333935	0.000252916
307	2	0.296099	-0.00865333	0.0642423
308	2	0.299336	0.0446454	0.0583419
309	2	0.299361	-0.0344296	0.0998606
310	2	0.301832	-0.0368014	0.0184436
311	2	0.302228	0.0384619	0.0077353
312	1	0.302237	-0.0341033	0.0407834
313	1	0.302673	-0.0788609	0.182803
314	0	0.302743	-0.0532615	0.027491
315	2	0.302751	0.163432	0.011906
316	0	0.303644	-0.0405778	0.0348634
317	0	0.303879	0.0529564	0.0837255
318	0	0.303923	-0.0377032	0.0447982
319	0	0.305568	-0.00442842	0.0663024
320	2	0.306795	0.0569576	0.046047
321	0	0.308794	-0.0418867	0.0823138
322	0	0.308882	-0.0230456	0.121981
323	2	0.309397	-0.0329649	0.04337
324	0	0.310228	-0.040462	0.00952271
325	1	0.310973	0.0207345	0.0308746
326	0	0.311438	0.0313479	0.0342144
327	0	0.312421	-0.0556318	0.0154212
328	2	0.313034	0.0441705	0.0995484
329	0	0.313727	0.0227831	0.0455016
330	2	0.314763	0.0897629	0.0137678
331	1	0.314822	-0.0126753	0.0589514
332	0	0.315001	-0.0154163	0.0337678
333	2	0.317934	-0.037657	0.0389904
334	0	0.318455	-0.022224	0.0529313
335	0	0.320224	0.0559776	0.0291133
336	2	0.321757	-0.0355927	0.0688091
337	0	0.324179	0.0589902	0.0510874
338	0	0.324802	-0.0392901	0.0433366
339	2	0.324861	0.0532964	0.0372949
340	1	0.327367	-0.0846001	0.0199957
341	1	0.328751	0.0575949	0.0467419
342	2	0.329108	-0.0445265	0.107703
343	1	0.331204	0.120875	0.0357183
344	0	0.33139	0.00784076	0.0455663
345	2	0.3329	-0.052375	0.0140642
346	2	0.333007	-0.0468236	0.0142746
347	0	0.333917	-0.00982105	0.0228827
348	0	0.334608	-0.0352902	0.0816127
349	2	0.334753	0.0440551	0.00989722
350	2	0.334982	-0.0304121	0.0251143
351	0	0.335571	-0.0338991	0.0694289
352	2	0.335775	-0.0418496	0.016951
353	0	0.338689	0.0566499	0.00325277
354	0	0.339667	0.0815022	0.0597457
355	0	0.339941	0.0828658	0.00208199
356	1	0.342063	0.0136712	0.00721794
357	2	0.342762	0.0588228	0.0786756
358	2	0.345381	-0.0451427	0.0054173
359	0	0.345716	0.0980094	0.0257116
360	0	0.347126	0.0482578	0.00393619
361	1	0.350885	0.0880383	0.0256475
362	1	0.35113	0.0339631	0.0382136
363	0	0.351322	-0.117645	0.0118816
364	0	0.351585	0.0260811	0.0897174
365	2	0.352147	0.0231249	0.0727573
366	0	0.353805	0.0460077	0.0202025
367	2	0.356019	-0.0497361	0.0585323
368	0	0.358038	0.0199023	0.0902375
369	1	0.359995	-0.0215938	0.0751871
370	0	0.360595	0.00668509	0.0236853
371	0	0.360597	0.0645451	0.0304775
372	1	0.36124	0.0850362	0.084753
373	2	0.361837	-0.0209883	0.0108169
374	0	0.36207	0.0434762	0.019307
375	1	0.362095	-0.0399153	0.0642923
376	0	0.364454	0.0242981	0.0224625
377	0	0.367648	-0.0334902	0.0962559
378	1	0.368183	-0.00895355	0.00991765
379	1	0.368474	0.0296584	0.0746372
380	0	0.369753	0.0718783	0.0378236
381	2	0.369827	0.0349805	0.00662413
382	2	0.371383	-0.0335677	0.00840644
383	0	0.371676	0.0596869	0.0139978
384	2	0.372132	0.0782006	0.0251049
385	2	0.37491	0.0128737	0.0042466
386	0	0.381172	-0.0259853	0.0631086
387	2	0.381394	-0.0154051	0.0336353
388	2	0.382055	-0.0239407	0.0296018
389	2	0.382357	0.00767904	0.00575864
390	0	0.384291	-0.115715	0.0195458
391	1	0.384784	-0.0434817	0.0282672
392	0	0.384786	-0.160751	0.0440112
393	2	0.386848	-0.0516532	0.0339689
394	2	0.389285	-0.0237643	0.093513
395	2	0.393673	-0.046858	0.0334766
396	0	0.393853	0.0272302	0.0191735
397	0	0.394075	0.0715251	0.0705285
398	2	0.395531	0.0294209	0.0297527
399	2	0.396141	0.0288403	0.0633222
400	2	0.39758	-0.0365289	0.00703499
401	2	0.398427	0.0773694	0.0081792
402	2	0.4013	-0.0398095	0.0451992
403	2	0.403789	-0.0754626	0.0219104
404	0	0.404168	-0.0860538	0.048794
405	0	0.404241	-0.031089	0.0209208
406	2	0.40485	0.0901973	0.0655356
407	0	0.405038	-0.0449115	0.0453105
408	1	0.406504	-0.154217	0.0862336
409	0	0.408291	-0.0329194	0.10054
410	2	0.409952	0.0391792	0.0205898
411	2	0.410083	-0.0466988	0.0636169
412	0	0.41128	-0.0730217	0.0403671
413	2	0.411848	0.0494914	0.0420847
414	0	0.412599	-0.0305896	0.0574559
415	2	0.413425	-0.0743641	0.0492027
416	0	0.413498	-0.0604	0.0485723
417	0	0.413631	-0.0320545	0.0552733
418	2	0.414039	-0.0139197	0.03128
419	2	0.416663	-0.00909442	0.00314038
420	0	0.419815	0.0309573	0.0307315
421	0	0.420399	-0.0341682	0.0966943
422	2	0.424887	-0.046374	0.0486817
423	0	0.425219	-0.0635608	0.00410811
424	2	0.428467	0.0711994	0.0158587
425	0	0.430632	-0.0653489	0.0827817
426	2	0.432304	-0.0311832	0.000899811
427	0	0.432592	-0.0124237	0.043303
428	1	0.433187	-0.0172227	0.121677
429	2	0.43344	-0.0475674	0.0428504
430	2	0.433546	0.0565714	0.024792
431	2	0.433657	-0.0249789	0.0147744
432	0	0.435987	-0.00626432	0.0720815
433	0	0.436141	0.019771	0.00442163
434	0	0.43617	-0.0284144	0.103868
435	2	0.436348	0.017277	0.0646195
436	0	0.437748	-0.0610761	0.127414
437	0	0.437966	0.016587	0.121347
438	0	0.438424	0.00630452	0.0218331
439	1	0.438762	-0.0970117	0.0610971
440	2	0.440905	-0.0356687	0.0709243
441	1	0.441874	0.0306384	0.0166833
442	2	0.441937	0.025407	0.0363839
443	0	0.444991	-0.0364411	0.00546022
444	0	0.446391	-0.062318	0.0749332
445	2	0.446608	0.0312021	0.0102234
446	1	0.446819	0.0352096	0.0256226
447	2	0.447836	-0.114951	0.0332095
448	2	0.450344	-0.00569649	0.0755594
449	2	0.451095	-0.121167	0.0501225
450	1	0.451103	-0.0276206	0.0608281
451	0	0.453334	0.0694301	0.0609451
452	1	0.455362	-0.0221535	0.0736975
453	0	0.45544	0.0276723	0.0122763
454	1	0.456116	-0.043681	0.017548
455	2	0.45625	0.0685863	0.031835
456	1	0.456494	-0.0757876	0.0181369
457	2	0.457135	-0.00781027	0.00285699
458	0	0.457596	-0.0754953	0.0785078
459	2	0.457647	0.0174492	0.0361796
460	2	0.458437	0.0342114	0.0455869
461	0	0.458512	0.0499185	0.00910816
462	2	0.460607	-0.0389041	0.128002
463	2	0.460666	-0.0245034	0.0619917
464	1	0.460968	0.123278	0.00453319
465	2	0.461132	-0.02945	0.100237
466	0	0.461241	-0.0220984	0.0343228
467	2	0.463538	-0.0253681	0.0607127
468	2	0.464168	-0.0233441	0.0547635
469	0	0.464315	-0.0224547	0.0374895
470	2	0.464499	0.053227	0.0980772
471	1	0.467081	0.0364384	0.0715617
472	2	0.468263	0.0134548	0.0202724
473	2	0.470709	-0.0243131	0.00600375
474	0	0.470831	-0.0093776	0.0769591
475	0	0.471375	-0.0276864	0.00532144
476	2	0.473696	-0.0138239	0.000804438
477	0	0.476347	-0.0767261	0.0850006
478	0	0.476785	-0.0464845	0.00272001
479	1	0.477215	0.0491873	0.163536
480	0	0.478359	-0.0510929	0.0336407
481	0	0.478511	-0.0734593	0.0425048
482	1	0.47946	0.0219921	0.0674462
483	0	0.480479	0.0457084	0.0155175
484	2	0.482179	0.0381931	0.0589792
485	1	0.484499	-0.0215815	0.00269784
486	0	0.485676	-0.0152757	0.0202555
487	1	0.485765	0.0814303	0.0157275
488	2	0.487057	-0.0280977	0.0419654
489	2	0.489174	-0.0207781	0.00480148
490	0	0.489609	-0.00601609	0.000979958
491	0	0.492585	-0.0222569	0.0126941
492	2	0.493097	-0.0187642	0.0271683
493	0	0.493261	-0.0182372	0.0589066
494	0	0.495751	-0.0453098	0.0400839
495	2	0.496714	0.0177344	0.0809877
496	2	0.496882	0.146717	0.0469818
497	2	0.500902	-0.0122722	0.0346703
498	2	0.50339	0.053402	0.0554504
499	0	0.504625	-0.0219045	0.0212639
500	0	0.506158	-0.0345876	0.0278934
501	0	0.506855	-0.0671246	0.0553313
502	1	0.507178	0.0399387	0.047512
503	0	0.508474	-0.0804114	0.00441809
504	2	0.508982	0.0164647	0.0655076
505	0	0.50899	-0.02571	0.0141468
506	2	0.510065	-0.0302134	0.0340616
507	0	0.51017	0.0612541	0.0941339
508	0	0.510741	-0.0308237	0.0624338
509	2	0.512213	-0.0296656	0.0326813
510	0	0.512787	0.0332308	0.0299381
511	2	0.513928	0.0122066	0.0191768
512	1	0.514564	0.0459671	0.0133247
513	0	0.515578	0.029408	0.00898875
514	1	0.517	0.0287673	0.00605166
515	2	0.51719	0.0356689	0.0843958
516	0	0.520396	-0.0480464	0.0230982
517	2	0.520919	0.0242404	0.0150567
518	0	0.522358	0.0676297	0.0452462
519	2	0.52316	-0.0237999	0.0484267
520	0	0.524743	-0.0140208	0.0185086
521	0	0.526066	-0.0234833	0.0495075
522	1	0.526875	0.0579791	0.0100608
523	2	0.527156	-0.06992	0.000468824
524	0	0.527637	0.0737292	0.0273682
525	2	0.528538	-0.0256201	0.0410042
526	0	0.529011	-0.0313626	0.062619
527	2	0.529203	-0.0364631	0.0281121
528	0	0.530625	-0.0641535	0.0227897
529	2	0.531716	-0.0242211	0.0563072
530	1	0.532305	-0.0765364	0.0690462
531	2	0.535856	-0.102994	0.0245695
532	1	0.536676	-0.107552	0.13775
533	2	0.537369	0.0108622	0.00111956
534	2	0.537536	0.0452492	0.00757898
535	0	0.538308	-0.0112593	0.00386523
536	0	0.540163	0.129624	0.0589274
537	0	0.540367	-0.0190371	0.0821627
538	1	0.542412	-0.0842265	0.0661109
539	1	0.542418	-0.00657084	0.00622165
540	0	0.54511	0.0392547	0.0465658
541	0	0.545139	-0.0385018	0.0173737
542	0	0.54547	0.0157216	0.0236
543	1	0.547283	0.0767596	0.0539916
544	0	0.54806	0.0204139	0.0456891
545	1	0.548644	-0.026326	0.0649644
546	0	0.549599	-0.0899023	0.00692932
547	1	0.553073	-0.0156764	0.114789
548	1	0.554434	-0.0270411	0.0841117
549	0	0.55472	-0.0509793	0.0440315
550	0	0.556736	0.111268	0.0614444
551	1	0.55803	0.0131166	0.0275149
552	2	0.558419	-0.0618094	0.00261816
553	0	0.558489	-0.0362841	0.076242
554	2	0.560095	-0.0475224	0.0147111
555	0	0.560122	0.0244812	0.0154361
556	0	0.560641	-0.00422043	0.0369279
557	0	0.560646	-0.0133382	0.0176495
558	2	0.560798	-0.0321103	0.00536082
559	0	0.561824	-0.0111625	0.0320499
560	0	0.563094	0.030453	0.00532317
561	1	0.56401	0.0645766	0.056412
562	2	0.568869	0.0526311	0.0391994
563	0	0.569375	0.028569	0.00591103
564	0	0.570524	-0.0396026	0.0228814
565	2	0.570791	0.0342786	0.0123191
566	0	0.571825	0.113383	0.0105798
567	1	0.571986	-0.0207419	0.0252728
568	1	0.572402	0.0307409	0.0664339
569	0	0.573183	0.0204509	0.109835
570	0	0.573218	-0.0109548	0.00124369
571	2	0.573878	0.00516152	0.0768372
572	1	0.574845	0.113295	0.053438
573	1	0.579138	0.082215	0.0791802
574	0	0.580881	-0.0540922	0.0174837
575	0	0.581201	-0.0157137	0.0410913
576	1	0.582316	-0.101768	0.0398977
577	1	0.582384	-0.0889299	0.0899203
578	0	0.582849	-0.0111527	0.0726281
579	2	0.58298	0.0679795	0.0950066
580	2	0.583164	0.0636623	0.00832233
581	0	0.583265	-0.0585063	0.0245965
582	1	0.584179	0.0850349	0.074892
583	0	0.584751	-0.077568	0.00622832
584	0	0.586084	-0.00928883	0.0471598
585	2	0.587086	0.0603286	0.109007
586	0	0.587737	0.0291369	0.0290648
587	1	0.589288	-0.0761591	0.00571938
588	0	0.589405	-0.00466935	0.0368358
589	0	0.590455	0.0476604	0.0654356
590	1	0.590468	0.128228	0.0274364
591	0	0.591361	0.0385544	0.0521733
592	2	0.591982	-0.0534554	0.0166107
593	0	0.59403	0.107947	0.0456442
594	2	0.594673	-0.0119293	0.0729022
595	2	0.596185	-0.0784805	0.0143007
596	1	0.599625	0.0185427	0.10961
597	1	0.600986	-0.0043431	0.12338
598	2	0.602103	-0.0642255	0.00946069
599	0	0.602678	0.0239538	0.0351624
600	0	0.603423	-0.0170267	0.0468597
601	2	0.603859	-0.0385661	0.020674
602	0	0.606068	0.0179076	0.0223769
603	0	0.606911	-0.0113158	0.0316563
604	2	0.607931	-0.0233412	0.0252018
605	1	0.609292	0.0881566	0.0162111
606	2	0.610028	-0.0230549	0.019905
607	0	0.610941	-0.0365161	0.0194831
608	0	0.611212	0.0425219	0.0237854
609	2	0.612422	-0.0922767	0.0678038
610	1	0.612436	-0.0786262	0.000110092
611	2	0.612615	0.01527	0.0466352
612	2	0.613023	-0.0591287	0.173537
613	2	0.617137	-0.0166927	0.0230439
614	1	0.618067	0.0311405	0.00177649
615	0	0.621581	-0.0079124	0.0889728
616	0	0.622804	-0.030822	0.0437926
617	2	0.623777	-0.0264098	0.0206954
618	2	0.623907	0.018533	0.0407226
619	2	0.623923	-0.0373261	0.0832867
620	2	0.625557	-0.0277717	0.0892563
621	2	0.625699	0.0990564	0.0645557
622	2	0.626811	0.0058943	0.0633689
623	2	0.629155	0.00313543	0.0748385
624	1	0.629175	0.0538083	0.0313241
625	0	0.630209	-0.0328956	0.0141009
626	0	0.63221	-0.050921	0.00818883
627	2	0.634189	-0.00922337	0.0666057
628	1	0.634346	-0.0418522	0.137975
629	2	0.634611	0.0346957	0.065775
630	0	0.635024	0.0300844	0.0154071
631	1	0.635953	-0.00859	0.0193992
632	2	0.637167	0.0147778	0.0254783
633	2	0.637471	-0.0514968	0.00271625
634	0	0.638043	0.0460957	0.0529744
635	1	0.641935	0.0784191	0.0276049
636	0	0.644155	-0.0787375	0.0649146
637	2	0.644722	-0.0948702	0.0810754
638	2	0.646948	0.0251809	0.0121396
639	2	0.646969	0.0310464	0.0079714
640	2	0.648055	0.0417744	0.0206931
641	0	0.648096	0.0641911	0.0235477
642	1	0.648156	0.0248059	0.0158116
643	2	0.649649	0.0301917	0.0459984
644	0	0.649776	-0.0293645	0.0147324
645	2	0.650366	0.0705505	0.0214822
646	0	0.651486	-0.0225809	0.0115323
647	2	0.65158	0.0263006	0.0344732
648	2	0.651822	-0.0143831	0.0121031
649	1	0.654119	-0.0495574	0.0267361
650	0	0.654528	0.0642095	0.018768
651	1	0.659496	0.0619899	0.113409
652	0	0.662594	0.03189	0.0801531
653	2	0.662667	-0.04185	0.0225759
654	2	0.664092	-0.121825	0.092073
655	0	0.664359	0.0371176	0.0110992
656	0	0.669582	-0.0286192	0.0940322
657	0	0.670217	0.0468663	0.0179422
658	2	0.671355	-0.0722503	0.101602
659	2	0.672214	0.189337	0.0734451
660	2	0.674067	0.0563937	0.0362408
661	2	0.674153	-0.0364329	0.00779493
662	1	0.674613	-0.0386359	0.0574969
663	2	0.676036	-0.00789666	0.051454
664	2	0.676564	-0.0652809	0.0135867
665	2	0.677216	0.0331408	0.00540888
666	0	0.678691	0.015605	0.0736081
667	2	0.678752	0.00924723	0.0239133
668	2	0.679201	-0.0583639	0.0439871
669	0	0.679471	0.0453117	0.035624
670	1	0.680921	0.0883618	0.0482913
671	0	0.681223	0.0153127	0.0360343
672	0	0.682316	0.0636619	0.0284531
673	1	0.684546	-0.239837	0.0629862
674	1	0.685919	-0.113193	0.00943552
675	2	0.68776	0.0199468	0.0380154
676	0	0.687967	-0.0168812	0.0427115
677	0	0.689797	0.0686695	0.0100208
678	0	0.693359	0.0609528	0.0244178
679	2	0.69359	-0.0343739	0.0682046
680	2	0.693684	0.0251303	0.0239102
681	2	0.694167	0.0765607	0.0471554
682	2	0.695398	0.0322474	0.0392386
683	2	0.695606	-0.0270981	0.0474713
684	0	0.696448	-0.032512	0.0525545
685	0	0.696629	0.0405105	0.0144315
686	0	0.697096	-0.0359404	0.0211954
687	0	0.697646	-0.0445326	0.0283514
688	0	0.700908	-0.0109109	0.00709965
689	2	0.701884	-0.0931484	0.0184312
690	0	0.702495	-0.0259242	0.072029
691	1	0.702607	0.0820866	0.0813478
692	1	0.706555	0.153321	0.0817508
693	2	0.706961	-0.0131543	0.130979
694	0	0.707748	0.0267622	0.00432503
695	0	0.710313	-0.0569133	0.0453157
696	2	0.710721	0.0220986	0.00117582
697	0	0.711169	0.041975	0.00198654
698	0	0.712892	0.00920088	0.0408667
699	0	0.713442	-0.0317875	0.0238943
700	0	0.713872	-0.0222084	0.0315049
701	1	0.714882	0.0645332	0.0893085
702	0	0.715528	-0.03094	0.0066311
703	0	0.716602	0.046002	0.0551749
704	2	0.717266	-0.114731	0.0204781
705	0	0.717653	0.0831388	0.0224572
706	0	0.718335	-0.0301653	0.0444255
707	2	0.71842	-0.081954	0.00823937
708	1	0.719472	0.0396242	0.0470497
709	1	0.720162	0.0203111	0.0422716
710	2	0.720289	0.0396429	0.0102494
711	2	0.72093	0.0171367	0.0184258
712	2	0.721429	-0.0330986	0.0530794
713	0	0.722477	0.0963651	0.0251495
714	0	0.723726	0.00483285	0.0432802
715	0	0.724106	0.0700211	0.0182477
716	1	0.724426	0.144482	0.118575
717	0	0.725144	0.0378218	0.0204968
718	0	0.726063	0.0285805	0.0210838
719	0	0.728731	-0.00307005	0.00090263
720	2	0.729089	0.0782106	0.0614965
721	1	0.730422	0.0856394	0.0165524
722	0	0.730756	0.0194303	0.00375951
723	0	0.731012	0.013422	0.0457742
724	1	0.731708	0.0357309	0.0638246
725	2	0.732327	0.035939	0.0647571
726	0	0.732531	0.0684994	0.0237177
727	0	0.733445	-0.0118483	0.000126502
728	2	0.733562	0.0455316	0.0649693
729	0	0.736187	-0.00996019	0.000968963
730	0	0.738901	-0.00408935	0.0063999
731	1	0.742656	0.0118272	0.0195042
732	2	0.743134	-0.00806244	0.018692
733	0	0.744033	0.0868602	0.0726831
734	2	0.745988	0.0997223	0.0344916
735	2	0.748708	0.00806637	0.0753627
736	2	0.749793	0.0189686	0.00886382
737	1	0.750841	-0.0273399	0.0277406
738	2	0.75497	-0.0182178	0.046847
739	0	0.755343	-0.0166367	0.0776641
740	0	0.755436	0.0236826	0.0433851
741	0	0.756448	-0.00825054	0.0967316
742	0	0.756532	0.0269515	0.0388985
743	2	0.75776	-0.0822592	0.0202314
744	2	0.760194	0.0435767	0.0868265
745	1	0.760206	-0.0250155	0.0914211
746	0	0.760369	-0.0248955	0.0163919
747	1	0.76215	0.0110313	0.0434724
748	2	0.762701	-0.0136576	0.0194251
749	2	0.763766	-0.00159039	0.0198975
750	2	0.764119	0.0809382	0.0199714
751	0	0.767075	0.0514459	0.102329
752	2	0.768435	-0.0273108	0.0189692
753	0	0.768539	-0.0531788	0.0127158
754	0	0.769413	-0.0654089	0.0233464
755	0	0.769704	0.101655	0.0404746
756	1	0.769872	-0.0323814	0.0225237
757	0	0.770926	0.0421314	0.090534
758	0	0.771039	-0.0374872	0.033462
759	2	0.77273	-0.0130905	0.00718858
760	0	0.773137	0.0603132	0.0433088
761	0	0.773408	0.0466485	0.0246037
762	1	0.774364	-0.0681507	0.0230981
763	1	0.774385	0.0812275	0.0320085
764	1	0.774563	0.0553969	0.119894
765	0	0.776877	0.0113812	0.00864396
766	2	0.778352	0.0608801	0.0790092
767	0	0.778657	0.0170305	0.0304533
768	1	0.778787	0.176584	0.129187
769	0	0.779871	0.0393552	0.00540258
770	0	0.779885	0.0236625	0.0301438
771	0	0.780949	0.0467408	0.112826
772	1	0.786013	0.125837	0.0545906
773	1	0.786493	-0.0552569	0.0127185
774	0	0.789292	0.0552943	0.0184445
775	0	0.790105	0.00985263	0.0354285
776	2	0.790352	0.0312383	0.00537953
777	1	0.796044	-0.0235641	0.0774886
778	2	0.796726	0.0363346	0.0149874
779	0	0.800196	0.0874261	0.0541414
780	0	0.800204	-0.0218081	0.0193245
781	0	0.800697	-0.0354645	0.0637876
782	0	0.801891	0.0218318	0.0624903
783	0	0.803632	0.0337811	0.016886
784	0	0.805167	-0.0491425	0.0328988
785	1	0.805431	-0.0602312	0.0371667
786	2	0.80607	0.0180601	0.0268069
787	0	0.80699	-0.0622455	0.0296562
788	2	0.807885	0.0630895	0.112576
789	0	0.809319	0.0060398	0.0309684
790	0	0.809727	-0.0841685	0.0255462
791	0	0.810087	-0.051563	0.0637228
792	1	0.811657	-0.0830557	0.106618
793	0	0.813477	0.0208966	0.0146856
794	0	0.813825	-0.0766526	0.0676375
795	0	0.813916	0.0270598	0.0236231
796	0	0.814087	0.0403297	0.00993566
797	1	0.814926	-0.0625519	0.0522183
798	1	0.816141	-0.0282915	0.149101
799	0	0.817646	0.0461359	0.021459
800	2	0.817648	-0.0316256	0.0208415
801	0	0.818469	-0.0241764	0.0203819
802	0	0.819329	-0.0140498	0.00274839
803	0	0.819605	-0.0769694	0.052472
804	0	0.820839	-0.0723704	0.0688349
805	0	0.821461	0.0577861	0.00279553
806	0	0.82252	-0.019078	0.040271
807	2	0.824223	0.0592785	0.0120678
808	1	0.826671	-0.0926151	0.0155599
809	2	0.826811	-0.039343	0.00287698
810	2	0.827182	0.0341773	0.0338238
811	2	0.827652	-0.100253	0.144291
812	2	0.828577	0.0159957	0.0409115
813	2	0.828745	0.0614367	0.0567006
814	2	0.829888	0.0233197	0.0538792
815	1	0.830245	0.0383664	0.0967919
816	2	0.83097	-0.0422805	0.0800061
817	1	0.83281	-0.0178379	0.0552011
818	2	0.833375	-0.104611	0.042233
819	0	0.833607	0.0538909	0.00780329
820	1	0.834791	-0.0491058	0.0938451
821	0	0.835213	0.013174	0.0395275
822	1	0.835884	-0.062488	0.0450845
823	2	0.837573	-0.0311793	0.0455189
824	0	0.838405	0.0280469	0.100296
825	2	0.841007	0.0102512	0.0709325
826	2	0.841794	-0.0169535	0.0280148
827	0	0.842181	-0.0565643	0.00135914
828	0	0.843005	-0.0577889	0.023323
829	0	0.843695	-0.0814494	0.0133385
830	2	0.84589	-0.0398699	0.0491794
831	2	0.847027	0.0198951	0.00714648
832	0	0.848117	-0.146456	0.0224233
833	1	0.849237	0.0744331	0.0118763
834	2	0.849742	0.0559167	0.00662855
835	0	0.852461	-0.0546448	0.0555241
836	2	0.854156	-0.0153952	0.0144261
837	0	0.854271	0.0306513	0.0160264
838	2	0.855019	0.0122762	0.02745
839	0	0.856134	0.0558497	0.0722912
840	2	0.857012	0.035132	0.0582562
841	2	0.857805	-0.0808049	0.00287415
842	0	0.861117	0.00699025	0.144037
843	1	0.86242	-0.0103353	0.0135624
844	1	0.86365	0.0173236	0.0135388
845	2	0.864319	0.0121683	0.0323125
846	0	0.865618	0.0383354	0.04326
847	0	0.865785	0.0102211	0.00204494
848	0	0.866704	-0.0746876	0.12125
849	0	0.867606	-0.0694435	0.0405537
850	1	0.867942	-0.0816576	0.00485713
851	1	0.868497	-0.137086	0.0460913
852	2	0.870851	-0.0181072	0.0230717
853	2	0.871464	0.0150234	0.00559764
854	1	0.871591	0.0492581	0.103755
855	1	0.871784	-0.075556	0.0685828
856	2	0.871817	-0.0304088	0.0645086
857	1	0.872071	-0.00388008	0.0386123
858	2	0.872285	-0.0329311	0.0503136
859	2	0.872858	0.0105902	0.0303461
860	1	0.873274	-0.0568944	0.0203889
861	2	0.873831	-0.0248976	0.0183715
862	0	0.875597	0.0919503	0.0316671
863	0	0.87592	-0.032684	0.0690914
864	0	0.876765	0.00862153	0.0204876
865	2	0.876778	0.0472694	0.0543209
866	0	0.877166	-0.0610504	0.0413473
867	2	0.87775	-0.0189478	0.0506372
868	2	0.878723	0.0524897	0.062702
869	2	0.879078	-0.0249943	0.0534948
870	2	0.879288	-0.0761072	0.0636883
871	2	0.879979	-0.0610314	0.0432256
872	2	0.880696	-0.0277211	0.0054166
873	2	0.88388	0.0205027	0.0249816
874	0	0.886547	-0.0503535	0.0144733
875	0	0.888098	0.0198155	0.0778259
876	0	0.888404	-0.0291824	0.0137465
877	2	0.888695	-0.0159857	0.0605375
878	2	0.889378	-0.0176138	0.0467335
879	2	0.889617	0.0490875	0.0401267
880	0	0.892235	0.0295237	0.0413669
881	0	0.893174	0.0324308	0.0239223
882	2	0.897248	0.0364865	0.00177576
883	2	0.897606	0.00551555	0.0816624
884	1	0.899644	0.11181	0.0439641
885	2	0.901905	-0.0534871	0.0120172
886	2	0.902083	-0.0366141	0.0182249
887	1	0.90276	-0.0407624	0.0599927
888	2	0.904406	0.0453904	0.0287605
889	0	0.904628	-0.149072	0.0282459
890	2	0.90495	0.0534685	0.000239851
891	0	0.905107	-0.0127599	0.0760786
892	0	0.906256	0.057662	0.0468325
893	1	0.906753	-0.00976844	0.20418
894	1	0.907573	0.0342358	0.0154835
895	1	0.910044	0.0398241	0.084226
896	0	0.91014	-0.0282012	0.00360985
897	2	0.910239	0.0182676	0.0833059
898	2	0.912171	0.0219571	0.0191146
899	1	0.912337	0.0232146	0.040731
900	1	0.912782	0.0295097	0.0425373
901	0	0.914836	0.0297122	0.0837621
902	2	0.916618	-0.0599558	0.0137789
903	2	0.916982	0.0190113	0.0565232
904	0	0.917317	0.0620576	0.0298977
905	0	0.917677	-0.0441998	0.04743
906	0	0.918981	0.0427693	0.0133554
907	0	0.919197	0.0302663	0.0634263
908	0	0.919226	0.0476504	0.0525343
909	0	0.920306	0.0979115	0.106578
910	0	0.921778	-0.031896	0.00122266
911	2	0.922556	0.0582104	0.0057916
912	0	0.922787	0.0454161	0.0568253
913	1	0.923057	-0.00416436	0.135052
914	0	0.923479	-0.0319293	0.0780523
915	0	0.924133	-0.0364408	0.0558772
916	0	0.924396	-0.0401654	0.0534984
917	0	0.924443	0.111251	0.00297694
918	2	0.924495	-0.0938278	0.0577224
919	1	0.925365	-0.0180951	0.0696039
920	2	0.926152	0.00400447	0.0177994
921	0	0.926386	0.0183344	0.00865035
922	2	0.927642	0.0301523	0.0632635
923	2	0.928369	0.0223219	0.00301732
924	1	0.930769	0.026425	0.0324781
925	2	0.932497	-0.0615679	0.0619565
926	1	0.935441	-0.0823214	0.0207559
927	0	0.936032	0.0388116	0.0855791
928	2	0.938502	0.0112838	0.00556605
929	0	0.938561	-0.00644786	0.0370714
930	0	0.939786	-0.0571279	0.0550526
931	0	0.939846	0.0138302	0.0715251
932	1	0.94068	-0.0727538	0.0468258
933	2	0.940681	0.0844648	0.00789239
934	0	0.941509	0.0267838	0.0236969
935	1	0.941829	0.0112597	0.134146
936	2	0.9421	0.0158251	0.00782191
937	2	0.944087	0.0418792	0.000309795
938	2	0.944856	-0.00860463	0.0815278
939	1	0.944859	0.0780658	0.0603744
940	0	0.944867	-0.069991	0.00856183
941	2	0.945029	0.0504844	0.0164125
942	2	0.945677	0.0491597	0.0737014
943	0	0.946204	-0.0465222	0.0268357
944	2	0.946286	0.0233364	0.0198494
945	0	0.94673	0.0683129	0.032432
946	2	0.948411	-0.0172239	0.0270064
947	0	0.948523	-0.0139764	0.0064258
948	1	0.95059	0.0151964	0.0485744
949	1	0.950625	0.180268	0.0352306
950	2	0.950831	0.21257	0.00295836
951	1	0.95396	0.0828566	0.0262056
952	0	0.955826	0.0503089	0.0374474
953	0	0.956282	-0.0339146	0.014932
954	1	0.957851	0.0742988	0.0284092
955	0	0.958403	-0.0392232	0.0372164
956	2	0.96009	0.0195297	0.0287293
957	1	0.960882	-0.0511674	0.0458037
958	1	0.962438	-0.032661	0.0567209
959	2	0.963147	-0.0164193	0.00715681
960	0	0.963734	-0.0665021	0.0185709
961	0	0.964411	-0.0862514	0.0417517
962	2	0.964742	0.0756869	0.0136906
963	2	0.965033	-0.0127522	0.0088479
964	2	0.96696	0.0388383	0.0511355
965	2	0.969232	-0.0138289	0.00522416
966	2	0.969281	0.0361126	0.0704092
967	0	0.969525	0.0207843	0.0900984
968	2	0.969696	-0.0202411	0.0694115
969	0	0.969757	-0.00774859	0.00967003
970	0	0.970076	-0.0406842	0.0785493
971	0	0.970216	-0.0618245	0.0728205
972	0	0.97027	-0.0388674	0.0740659
973	1	0.971009	-0.0925498	0.108177
974	0	0.971121	-0.0435358	0.0689617
975	1	0.972107	-0.00288167	0.0618988
976	1	0.972135	0.0195438	0.108394
977	0	0.972421	0.0422307	0.0254302
978	0	0.972789	-0.0335401	0.0123681
979	1	0.973042	-0.017042	0.0155332
980	1	0.974602	0.082987	0.0215831
981	0	0.976203	0.00769596	0.0197395
982	2	0.978186	0.0498502	0.0137918
983	2	0.983407	0.0480625	0.0249105
984	0	0.985403	0.0110079	0.0148903
985	0	0.985654	-0.0592379	0.0117787
986	0	0.987398	0.0178682	0.00454059
987	2	0.987475	0.0365543	0.0188477
988	1	0.990616	-0.0666569	0.00407437
989	0	0.991174	0.0101376	0.030537
990	2	0.993031	0.0532509	0.0374477
991	1	0.993628	0.0627321	0.126882
992	0	0.99455	-0.0242399	0.0170089
993	0	0.995147	-0.04855	0.0231254
994	2	0.995588	-0.0645315	0.0992281
995	0	0.997062	0.0162462	0.0113948
996	0	0.998121	-0.0243399	0.102817
997	2	0.99822	0.105615	0.00354231
998	1	0.99907	0.00602302	0.0908218
999	1	0.999736	-0.165605	0.080422
10	253	-0.0568186
10	590	0.0585891
10	988	0.0471009
10	148	0.0248291
10	340	-0.0358501
10	884	0.0349106
10	768	-0.0322436
10	545	0.0261679
10	935	0.0413691
10	35	-0.0318196
10	649	-0.0262475
10	502	-0.0412365
10	29	-0.0672615
17	279	-0.0219642
19	972	0.0254307
19	974	-0.0618091
19	40	0.0310393
19	284	-0.0166238
19	404	-0.0148615
19	726	-0.0224503
19	103	0.0268436
19	351	-0.0301173
19	436	-0.0394812
19	510	-0.0365454
19	101	-0.0306534
19	72	0.028966
19	376	-0.0292036
19	672	0.0325571
19	955	0.0266732
19	984	-0.0281525
19	630	0.0293471
19	657	0.0259159
19	729	-0.0358915
19	546	-0.00976603
19	727	-0.0378722
19	366	0.0145845
19	819	0.0155696
19	434	0.0337176
19	722	-0.0283326
19	332	0.0147922
19	337	-0.022349
19	147	0.0528661
19	192	-0.0239706
19	981	-0.0221089
19	557	0.0290797
19	794	0.0182418
19	416	-0.0253767
19	4	-0.0320466
19	184	0.0223351
19	574	-0.0162175
19	443	0.0317918
19	864	0.0165766
19	179	-0.0561164
19	177	0.0421767
19	427	-0.0302356
19	88	-0.0125882
26	94	0.0369585
26	229	-0.0185666
30	250	-0.0190849
30	169	0.019802
30	718	0.019685
30	516	0.0562571
30	796	0.0180468
30	409	-0.0166588
40	284	-0.0152787
40	726	-0.0246533
40	287	0.018884
40	477	-0.0206993
40	189	0.0155355
40	901	0.0429641
40	570	-0.0234869
40	124	0.0337809
40	351	-0.0287141
40	354	-0.0276674
40	106	0.0297403
40	802	-0.04172
40	513	0.00975304
40	210	-0.0373786
40	783	-0.024206
40	588	0.0124755
40	34	0.0140345
40	832	-0.0634718
40	370	0.0250688
40	469	0.0317531
40	578	-0.0197553
40	842	-0.0264529
40	234	-0.0389483
40	245	-0.014136
40	564	-0.0166998
40	765	0.0371495
40	969	-0.0217953
40	100	-0.0509987
40	507	0.0268551
40	6	0.0155823
40	921	0.0247165
40	835	0.0270408
43	992	0.027191
49	600	-0.0281896
52	292	-0.0377232
55	747	-0.0365972
56	204	-0.0367215
56	932	-0.0362702
56	26	0.0114634
56	450	-0.0640966
64	837	-0.0748205
64	729	0.041885
64	104	0.0221758
64	909	-0.0345998
64	805	-0.0469732
66	985	-0.0260052
68	280	-0.0365233
68	247	0.0551241
68	267	-0.0401265
68	439	-0.0546707
68	248	0.0212763
68	980	-0.0396422
68	356	0.0360375
68	379	0.0473531
68	860	0.0484386
68	10	0.0233298
68	792	0.0476273
68	721	-0.0453581
68	817	0.0706765
68	123	0.0401824
68	988	-0.0303757
68	820	-0.0314175
68	538	-0.0132438
68	651	-0.0401339
68	55	0.0767165
68	747	0.0362121
68	277	0.0190537
68	464	0.0208705
68	282	-0.0454115
68	624	-0.0305886
68	756	-0.0349315
68	471	-0.0700773
68	274	-0.0286645
68	227	-0.0280616
68	808	0.0494518
68	532	0.0409028
68	568	0.0315463
68	851	0.0713171
68	724	-0.0539091
68	482	0.0206333
68	35	-0.0367752
68	854	-0.0206003
68	975	0.0199011
68	745	-0.0157606
71	880	0.0832699
71	702	0.0308312
71	172	-0.0221183
71	761	-0.0538707
71	641	-0.0332739
72	779	-0.0296032
72	143	0.0271038
72	952	0.0169187
72	791	-0.0342744
72	444	-0.0286051
72	615	-0.0218196
74	52	-0.0596516
74	893	0.0237497
81	996	0.0427393
81	765	0.032869
81	705	-0.0325112
83	40	-0.0205203
83	284	0.0274044
83	726	-0.0311706
83	287	0.0369518
83	477	0.0356133
83	351	0.0511704
83	569	0.0190517
83	690	0.0184956
83	306	0.0701602
83	908	-0.055624
83	586	-0.0265956
83	256	0.01146
83	154	0.0200474
83	458	-0.0334212
83	687	-0.0397956
83	374	-0.0393455
83	714	0.0374228
83	733	0.0265123
83	875	0.0331141
83	779	0.0211555
83	588	0.0143291
83	34	-0.034626
83	169	0.055146
83	234	0.034616
83	789	0.0319673
83	192	0.0184435
83	909	0.0211001
83	866	0.0394289
83	947	0.0176296
83	417	-0.0430228
83	507	-0.0173474
83	602	-0.0105496
83	172	-0.0164676
83	87	0.0164881
83	145	-0.0346241
83	806	0.0274062
89	785	0.015828
89	378	-0.0495261
93	839	-0.0131088
96	977	-0.038068
96	600	-0.0478355
97	847	0.0148501
99	17	0.0211807
99	144	-0.0275234
99	59	0.021771
99	804	-0.0180746
101	630	0.0216875
101	505	-0.0422962
101	58	0.0259023
101	694	-0.0305845
101	353	0.041411
101	634	-0.0227812
103	351	-0.0328708
103	486	0.028179
103	436	0.0282042
103	432	-0.0289192
103	513	-0.0262859
103	71	0.0179592
103	771	-0.0247978
103	555	-0.0202022
103	914	0.0234052
103	397	0.0079098
103	828	0.037009
103	297	-0.0312423
103	160	-0.0445026
103	438	0.0495683
103	221	0.0409336
103	494	0.0680006
104	602	-0.0100497
106	101	0.0199385
106	769	-0.0288834
106	66	0.0409423
106	644	0.0257311
106	607	-0.0478532
106	931	-0.0204477
106	294	-0.0333175
106	97	-0.0235035
106	688	-0.0278015
106	355	0.0149822
114	771	-0.0347405
114	746	-0.0204682
114	626	0.0636633
114	863	0.0424475
114	540	-0.0146068
114	945	0.0274307
114	698	0.0109706
114	688	0.0158926
114	207	-0.0208051
114	741	-0.0210981
118	505	0.0277386
118	347	0.0302689
123	844	-0.0434619
123	89	-0.0472424
123	331	-0.0809937
123	16	-0.0267047
123	482	-0.0558501
124	188	0.0215328
124	827	-0.0213718
124	436	-0.0111354
124	64	0.0279967
124	510	-0.0389452
124	771	-0.0437316
124	760	-0.0286044
124	905	-0.009041
124	553	0.0258119
124	727	0.0194366
124	258	0.0381459
124	904	0.0376208
124	129	0.0187497
124	425	-0.0319863
124	397	-0.0273476
124	931	0.0299238
124	794	0.0285215
127	701	0.0159415
129	396	-0.0346384
135	973	-0.0473219
135	203	-0.0491904
135	35	0.0620167
135	949	-0.0445518
148	624	-0.0459411
148	762	0.0225083
148	41	-0.042696
148	948	0.0327939
150	253	-0.0439786
150	820	0.0333636
150	924	-0.0305582
150	991	0.0479099
150	999	-0.0441188
150	576	-0.053439
150	768	-0.070091
150	709	0.0295882
150	745	-0.0365494
150	597	0.0387368
150	456	0.0862153
152	255	-0.024654
154	687	0.0509123
154	751	-0.0368164
154	437	0.0342792
154	380	-0.0109165
154	500	0.0404363
154	405	0.0375085
156	518	-0.055308
156	433	0.0230636
156	469	-0.0191352
156	115	0.0312327
163	212	0.0292423
163	576	0.0534048
163	951	0.081629
163	822	-0.0172891
163	573	-0.025847
164	360	-0.0205177
164	929	0.0276838
169	390	-0.0392696
175	98	-0.0337425
175	957	0.0336935
188	114	-0.0307574
188	774	-0.0227041
188	486	0.0201773
188	458	0.0158225
188	984	0.0374168
188	164	0.0491997
188	684	0.0222552
188	790	0.0194146
188	129	-0.0194012
188	370	-0.0504706
188	740	-0.0306026
188	231	-0.0431952
188	866	-0.0280591
188	646	0.0323621
189	739	-0.0295762
189	908	-0.0353161
189	774	0.0395837
189	106	-0.0322984
189	458	0.0332947
189	30	0.0296227
189	101	-0.0212538
189	989	0.0238897
189	376	0.0410716
189	535	0.0124655
189	905	-0.038563
189	630	0.0450935
189	746	-0.0118981
189	302	0.0100354
189	231	-0.0192278
189	995	-0.029594
189	364	-0.0380105
189	992	-0.0331867
189	371	-0.0171709
189	478	-0.0412863
194	808	0.0664015
196	624	-0.0323172
196	998	0.069376
196	343	-0.0403516
201	471	0.050702
201	369	0.0201846
203	674	0.0481907
203	913	0.0505935
204	55	0.0432797
204	662	-0.0457716
204	487	0.0652706
204	692	-0.0518115
204	543	-0.0293995
210	366	-0.00714059
210	784	0.00812903
210	866	-0.0337807
212	201	0.035604
212	408	0.0515047
212	173	0.0832049
233	774	0.0514506
233	72	0.0200678
233	368	-0.0186806
233	420	0.0574244
233	434	0.0286457
233	118	0.0362635
233	49	0.0119451
233	250	0.0373737
233	66	-0.0257464
233	889	0.043926
233	444	0.0113895
233	6	0.0459614
233	142	0.0404665
235	781	0.0250312
235	288	-0.0250188
243	614	-0.0323905
243	196	0.0421789
243	89	-0.0399295
243	998	-0.0215522
243	227	-0.0158278
243	482	-0.0524236
243	325	-0.0149319
247	439	0.0292805
247	980	-0.0497621
247	860	-0.0547569
247	10	0.0521924
247	610	0.0479133
247	792	0.0481648
247	721	-0.073649
247	817	0.0418658
247	123	0.039359
247	988	-0.064384
247	148	0.0720801
247	820	-0.0355198
247	56	0.0161611
247	514	0.0391102
247	815	-0.0499532
247	282	0.0549502
247	44	0.0548934
247	289	-0.0398956
247	797	-0.0186827
247	16	-0.0390837
247	568	-0.0570539
247	857	0.0481398
247	899	-0.0347506
247	979	0.0503351
247	850	0.055025
247	281	0.11596
247	577	0.0299792
247	628	0.0638354
248	356	-0.0603206
248	379	-0.0618085
248	860	-0.032535
248	792	0.0421067
248	548	-0.0502686
248	150	0.0813164
248	820	0.062146
248	55	-0.0746006
248	272	0.0574978
248	44	0.0201289
248	471	0.0297168
248	691	0.0384787
248	797	0.0375026
248	331	-0.057091
248	843	-0.0450125
248	572	-0.0356425
248	450	-0.0507221
248	773	-0.070518
248	822	-0.0181789
248	670	-0.0238914
250	863	-0.0300283
250	100	-0.0282982
253	538	0.0509828
253	991	-0.0230585
253	999	-0.0674752
253	998	-0.0365346
253	768	-0.0517693
253	785	-0.0346241
253	737	-0.0456408
256	733	-0.0256008
256	880	0.00711051
256	790	-0.0234292
256	832	-0.0252526
256	578	0.0462635
256	909	0.0292721
256	396	0.0509234
258	685	-0.0130853
258	507	0.0117824
262	694	-0.0251664
264	544	0.00842849
264	355	-0.0133352
266	916	-0.0523922
267	439	0.0322635
267	248	-0.0491928
267	980	0.0581059
267	379	0.0203732
267	792	0.018987
267	123	-0.0345187
267	547	-0.0576146
267	148	0.0568739
267	538	0.0243253
267	924	-0.027616
267	815	-0.0235227
267	844	-0.0669239
267	55	-0.0378222
267	973	0.0273189
267	691	-0.0230606
267	954	0.0164801
267	919	0.0467507
267	94	0.0439545
267	52	-0.0354242
267	935	0.0231046
267	894	-0.06238
267	854	0.0331338
267	155	0.0245653
267	597	0.0575607
267	539	0.0303493
267	479	0.00853764
272	756	-0.0495245
272	973	-0.0555116
272	954	-0.0341267
274	843	-0.0173814
274	229	-0.0612018
275	174	-0.0364793
277	932	0.0435727
277	212	0.0324556
277	26	-0.0274989
280	247	0.0487643
280	267	0.0203672
280	248	0.0549949
280	356	0.0429421
280	379	-0.0548043
280	860	0.0700804
280	253	0.0545815
280	817	-0.0451094
280	123	0.0377197
280	243	0.0522414
280	590	0.0390915
280	547	0.0296429
280	988	-0.0303811
280	924	-0.0176601
280	56	0.0178928
280	204	0.0671676
280	614	-0.0317001
280	163	0.0194221
280	135	0.0283665
280	561	0.0150747
280	272	0.0799955
280	624	0.0328638
280	194	0.040032
280	274	0.0748244
280	954	-0.0224743
280	227	-0.107949
280	692	-0.0376044
280	94	-0.0299188
280	532	0.0365208
280	851	0.0369943
280	173	-0.02935
280	899	-0.0141181
280	763	-0.0277858
280	183	-0.0264204
280	833	0.0385961
282	194	-0.0133373
282	674	-0.0461004
282	551	-0.0338749
284	726	0.0261402
284	287	-0.0491399
284	103	-0.0112123
284	338	-0.0138928
284	586	-0.0244651
284	354	-0.0576448
284	486	0.0255812
284	436	0.0180781
284	154	0.0134758
284	458	0.028446
284	746	0.0357197
284	575	-0.0400592
284	783	0.0152597
284	334	0.0256984
284	819	0.0236296
284	904	0.0352424
284	118	-0.0352628
284	370	-0.0527036
284	556	-0.0152017
284	863	0.0276928
284	3	-0.012715
284	557	-0.0229376
284	255	0.0158694
284	115	0.0117828
284	78	-0.0259701
284	967	0.0500808
284	409	-0.0325724
284	241	-0.0428534
284	666	0.0283593
287	570	-0.0443276
287	306	0.0264237
287	586	-0.011169
287	508	0.0543697
287	432	0.0354719
287	687	-0.0376631
287	955	0.0155858
287	880	-0.0367982
287	575	0.0206335
287	368	0.0197458
287	896	0.0538278
287	96	-0.0412937
287	143	0.0361469
287	414	0.0412644
287	563	0.0197317
287	996	-0.0224952
287	397	-0.0387625
287	703	-0.0193136
287	390	0.0140265
287	294	-0.0427004
287	207	0.0288497
287	475	-0.0458808
287	304	0.0378576
287	787	0.0158341
287	912	0.0103651
289	572	-0.02187
289	887	0.0490311
297	166	-0.0228465
306	508	0.0314156
306	256	0.0208189
306	154	0.0523898
306	64	-0.0281027
306	510	-0.0133361
306	769	-0.0664326
306	672	0.0260153
306	317	0.051168
306	17	-0.0126244
306	625	-0.0308965
306	499	0.0197006
313	514	-0.0364724
313	747	-0.0238738
313	662	-0.0392884
313	212	0.0242046
313	973	-0.0633654
313	954	-0.0626315
313	850	-0.0249734
316	930	0.0453378
316	685	-0.0166902
317	302	0.0262264
317	466	0.0529924
317	676	-0.020203
317	603	0.022998
326	377	-0.0187213
326	978	0.0550684
326	564	-0.0252702
327	164	-0.0781038
327	264	0.041433
327	671	0.0348116
327	646	0.0177047
327	78	-0.0125684
327	824	-0.0127268
331	764	0.029284
332	319	0.0365001
332	717	-0.0213878
334	360	-0.021526
334	417	-0.0106212
337	915	0.0239516
338	376	-0.0548026
338	630	0.0166042
338	264	0.0559586
338	727	0.0408482
338	104	0.0512324
338	671	0.028402
338	722	-0.0275452
338	500	-0.034036
338	416	0.0288153
338	846	0.0217653
338	321	0.017579
338	549	0.0415094
340	709	-0.0331416
340	174	-0.0190987
340	605	0.00829351
341	408	-0.0370255
343	450	-0.0279169
344	801	-0.0318789
347	3	0.0130407
348	802	0.0474712
348	771	-0.0242232
348	210	-0.0424329
348	96	0.0377231
348	143	0.0315659
348	730	0.0225725
348	145	0.0737632
348	583	-0.0208207
348	221	0.0240548
351	569	-0.0294917
351	327	-0.0169447
351	560	0.0193135
351	837	-0.0368217
351	672	0.0484731
351	733	-0.0343461
351	368	-0.0216519
351	740	-0.0308231
351	795	-0.0205589
351	521	0.0511905
351	14	-0.0427564
354	905	-0.0417793
354	421	-0.0296958
354	909	-0.0302016
354	589	-0.033246
354	929	-0.0205226
354	730	-0.0531805
356	988	0.0425361
356	820	0.0478227
356	514	0.0541386
356	614	-0.0447882
356	55	0.0264896
356	135	0.0650597
356	277	-0.0450918
356	201	0.0521114
356	89	-0.0491949
356	487	0.0284778
356	26	-0.016854
356	44	0.0399055
356	545	0.0482614
356	16	-0.0295229
356	926	0.0267589
360	505	-0.0448845
366	564	-0.0259104
366	321	0.0315676
366	917	-0.00632643
368	420	0.0215853
368	540	-0.0126956
369	763	0.0679424
370	981	-0.0212445
374	234	0.027245
374	550	-0.0282057
374	70	-0.011478
375	530	-0.0820864
376	392	-0.0232913
376	34	0.0226665
376	943	0.0300957
376	544	-0.0192012
376	723	0.0208485
377	695	-0.0168256
377	804	0.0232273
377	329	-0.0143747
379	817	-0.0275368
379	243	-0.0393809
379	148	-0.0192869
379	991	0.0359004
379	204	-0.0329828
379	196	-0.0231661
379	340	0.0342943
379	471	0.0212388
379	227	-0.061625
379	568	0.0564957
379	572	-0.0251998
379	894	0.0407319
379	975	-0.0236309
379	512	-0.0431212
379	530	-0.0345734
380	616	-0.0340326
386	970	-0.0139139
392	995	-0.0360952
404	287	0.0358972
404	189	-0.026645
404	351	-0.0124239
404	739	0.015016
404	114	0.0306968
404	354	0.0284069
404	697	-0.0356856
404	154	0.0287272
404	560	-0.0129069
404	907	0.0261762
404	769	0.0175447
404	317	-0.0264219
404	714	-0.039502
404	630	-0.0346487
404	657	0.0780479
404	891	-0.0168339
404	302	-0.0315789
404	143	-0.0345145
404	588	-0.0166536
404	66	0.0350425
404	722	0.0241969
404	842	-0.0224949
404	753	-0.0332779
404	767	-0.0158598
404	876	-0.0427458
404	4	-0.0131653
404	574	-0.0208162
404	355	-0.0338207
404	87	-0.0369847
404	412	0.0260089
404	474	-0.0337722
414	789	-0.0350409
414	266	-0.0340843
420	104	-0.0273624
420	930	-0.0271898
421	796	0.018539
425	755	-0.0244331
425	862	-0.0367208
432	555	-0.0340746
432	575	0.0296612
432	790	0.057202
432	118	-0.0102006
432	396	0.0152566
433	392	-0.0234819
434	516	-0.0440249
436	210	0.0432664
436	164	-0.0184237
436	751	0.0154181
436	58	-0.0714612
436	881	-0.00950758
436	137	0.0255882
437	542	0.0402794
439	248	-0.016145
439	980	-0.0421952
439	356	0.015413
439	379	0.0392062
439	860	0.0255238
439	792	0.0305645
439	150	-0.0617031
439	721	0.0539291
439	590	-0.0188423
439	56	0.0610202
439	514	-0.0333482
439	651	0.00835763
439	844	0.0401493
439	55	0.044936
439	932	-0.0391487
439	89	0.0312531
439	340	-0.0300233
439	343	-0.0393607
439	635	0.0500367
439	94	-0.0425685
439	16	0.0118291
439	724	-0.0188013
439	857	0.0497028
439	91	0.0270122
450	155	0.0318751
453	528	0.03189
453	985	-0.0289718
458	771	0.0363191
458	727	-0.0393639
458	34	-0.0240479
458	453	0.0249019
458	589	0.0256278
458	93	-0.0293763
464	576	0.0275692
464	951	0.0474944
464	343	-0.0186788
464	785	0.0345785
464	737	-0.122961
464	887	-0.0232297
469	475	-0.0343502
477	742	-0.0385313
477	188	0.028807
477	114	-0.0263902
477	256	0.0177556
477	501	-0.0278891
477	510	-0.0348456
477	989	0.0189873
477	953	-0.0202475
477	537	0.0148645
477	875	0.0108829
477	555	-0.0535399
477	156	0.0313454
477	518	0.0348456
477	258	0.0639324
477	910	0.0138385
477	231	-0.0399394
477	192	0.017821
477	993	0.00915921
477	557	0.0350412
477	625	0.0218671
477	93	0.026674
477	483	0.0207034
477	353	0.0427605
477	970	-0.0173703
486	904	-0.0387246
486	889	-0.0263343
486	977	0.00937842
486	765	-0.0287457
486	324	-0.0294093
486	781	-0.0166936
486	288	-0.0511336
486	699	0.0418163
487	808	0.0513972
487	777	0.0314387
487	716	-0.0417509
487	512	0.0549415
493	943	0.0191445
493	713	-0.0192836
493	230	-0.0321724
493	184	0.0560932
501	953	-0.0138009
501	264	0.0457301
501	518	-0.0246468
501	81	-0.0321892
501	713	-0.0390943
501	784	-0.0184175
501	978	-0.0209962
501	144	-0.0250341
501	847	-0.0221876
501	128	0.0325144
505	137	0.0214726
508	256	0.0220947
508	560	-0.0274928
508	891	-0.00875139
508	466	-0.082893
508	526	0.0168646
508	591	0.00680887
508	803	0.0200806
508	849	0.0340645
510	374	0.0207132
510	729	-0.0294187
510	943	0.0210575
510	421	0.0277702
513	760	0.0256597
513	714	-0.0302353
513	493	-0.0106376
513	392	0.0286328
513	758	0.0332894
514	201	-0.0573554
514	773	0.0744232
514	126	-0.0367376
518	703	0.0409308
518	550	0.0332632
524	291	-0.0147553
532	762	0.0502669
535	437	-0.0127096
535	503	-0.0283391
535	521	0.03658
535	695	0.0327832
535	559	0.0396058
537	779	-0.0317672
537	143	-0.0346528
537	556	-0.0176914
537	754	-0.0249438
537	526	0.0262223
537	181	0.0265311
538	998	-0.0197214
538	797	-0.0485452
538	773	-0.0703646
538	378	-0.0249742
538	670	0.0182711
541	414	-0.0373997
541	250	0.0123428
541	344	0.0273396
541	916	0.0185625
545	98	0.0270983
546	727	-0.0351512
546	433	0.0085328
546	49	0.0172639
547	747	-0.036334
547	212	-0.0703264
547	624	-0.0332504
547	954	0.0705696
547	855	0.0622023
547	378	0.0212155
548	253	-0.0372325
548	590	-0.0359648
548	547	-0.0458361
548	820	-0.0352206
548	924	0.0155114
548	56	0.0359365
548	844	0.0600291
548	282	-0.0532139
548	471	-0.017343
548	343	-0.0314487
548	777	-0.0547097
548	446	-0.0812484
553	541	-0.0229541
553	589	-0.0125428
553	540	0.017323
555	147	0.0224733
555	197	0.0307269
556	347	-0.0220854
560	714	0.0266881
560	3	0.0244604
560	528	-0.0176804
560	245	0.0358228
560	524	-0.024021
560	641	-0.0248885
561	26	0.040674
561	194	-0.0222167
561	979	-0.0422036
561	295	-0.0488019
563	528	0.036494
563	184	-0.0176913
563	559	0.0185074
569	348	-0.0183821
569	327	0.0189468
569	535	-0.0364024
569	99	-0.0145041
569	34	0.036505
569	397	-0.0370156
569	876	-0.026096
569	97	-0.0169807
569	655	0.0398176
569	197	-0.0345287
569	491	-0.0383342
569	678	-0.0292369
570	697	0.0259677
570	510	-0.0197028
570	751	-0.0124401
570	896	0.0307002
570	420	0.053387
570	96	0.0331196
570	104	0.0411005
570	17	0.0273227
570	795	-0.0695958
570	152	-0.042662
570	995	-0.047539
570	36	-0.0143096
570	828	0.0311029
570	688	-0.0121751
570	371	0.0352709
575	414	0.0181481
575	390	0.0205723
576	74	0.0267557
576	452	-0.0267287
578	516	0.0100872
578	207	-0.0215341
581	190	-0.0233605
581	359	-0.0347405
581	874	-0.0137444
586	354	0.0471727
586	802	-0.0222997
586	374	-0.0156952
586	553	0.025438
586	783	0.0381038
586	334	-0.0243008
586	718	-0.0249876
586	147	0.0241474
586	705	0.0211087
588	364	-0.0360726
590	514	0.0719744
590	691	0.0705568
590	709	-0.0363516
590	958	-0.0412617
590	91	0.0150008
590	206	0.027604
610	123	-0.030016
610	924	-0.0489128
610	55	0.0478544
610	561	0.0100335
610	272	0.0550223
610	201	0.0387581
610	951	0.0511601
610	797	0.0191921
610	935	0.069725
610	731	-0.0187981
610	408	-0.0718408
610	855	-0.0733665
610	29	-0.0550587
614	274	-0.0293805
614	227	0.0414344
614	341	-0.0402288
614	855	-0.0797659
614	375	-0.0275502
616	945	-0.0288068
616	483	0.0175695
616	283	-0.0313404
625	986	0.0353505
626	910	-0.0270969
626	722	-0.0344467
626	757	-0.0476778
626	58	0.0207405
626	503	0.0118802
630	190	0.0229545
630	796	-0.024646
635	0	0.067215
644	705	-0.0252521
646	698	-0.0269381
651	815	0.0706493
651	731	-0.0709801
651	843	0.040415
651	773	-0.0136424
651	252	0.021316
656	235	0.0256431
656	977	-0.0111997
656	363	-0.0292485
657	896	0.025063
657	49	-0.0494023
657	466	-0.027766
662	635	0.0683206
662	701	-0.0553386
662	275	-0.0307436
671	147	0.0485652
671	115	-0.029583
672	555	-0.051449
672	751	0.025438
672	337	-0.0427586
672	967	0.0247419
674	939	-0.0436353
684	469	-0.0318002
684	3	-0.0282875
684	699	0.0125389
684	650	-0.019539
686	876	0.0227919
686	794	0.061076
687	989	0.0284451
687	302	0.0209833
687	727	-0.0267039
687	981	0.0288356
687	230	-0.0252822
687	931	-0.0163409
690	30	-0.0224803
690	907	-0.0324068
690	535	-0.0234696
690	326	0.0156513
690	819	-0.0156334
690	380	-0.0754001
690	245	0.034393
690	544	-0.0236186
690	45	0.0135031
690	43	-0.0175272
690	335	-0.00623332
691	127	-0.0533342
697	432	0.00917846
697	955	-0.0217766
697	99	0.0170795
697	889	-0.0405488
697	985	-0.00646532
697	364	0.0035148
697	386	-0.0225701
697	412	0.019111
697	755	0.0422571
702	230	0.0179808
702	892	-0.0187412
713	767	-0.0163805
714	262	-0.0156431
714	644	0.0325368
714	754	0.0125617
716	701	0.0304357
718	542	0.0398244
718	383	0.0362691
721	547	-0.0438581
721	756	-0.0597795
721	919	-0.0356172
721	175	0.0403144
721	126	-0.0246437
721	649	-0.0226169
721	582	-0.022126
721	361	0.0399225
724	180	0.0189017
726	477	0.00534209
726	338	0.0143887
726	233	0.0327368
726	586	0.022719
726	64	0.0265854
726	432	-0.023283
726	802	-0.0314213
726	672	-0.0128239
726	760	-0.0382768
726	317	0.0278376
726	905	0.0349009
726	575	-0.0158865
726	264	0.0206473
726	316	0.0410712
726	152	-0.026686
726	231	0.0121635
726	791	0.0265235
726	993	-0.0184311
726	516	0.0242895
726	945	0.0205282
726	6	0.0272816
726	475	0.0527519
726	304	0.0495269
726	536	-0.0415436
729	546	0.00968938
729	503	-0.049014
731	596	-0.0232697
733	187	0.0157216
733	363	0.0417743
737	173	0.0286803
739	907	-0.0534708
739	71	0.0137855
739	374	0.0111873
739	553	0.0228691
739	210	0.0187775
739	541	0.0240072
739	262	0.0223283
739	713	0.0315013
739	828	0.0597845
739	266	0.0313845
739	971	0.0165644
740	390	-0.0326325
740	995	0.0163522
742	338	-0.0101195
742	233	0.0243935
742	569	0.0194247
742	739	0.0226178
742	827	0.0126539
742	348	-0.0407515
742	64	0.0252483
742	513	-0.0294008
742	771	0.0148845
742	760	-0.0187597
742	164	-0.0305823
742	434	0.0212983
742	360	-0.0310499
742	258	0.014248
742	332	0.0348607
742	767	0.0132341
742	644	-0.0138598
742	876	0.039265
742	59	0.041941
742	166	-0.0464542
742	961	0.0267282
742	179	0.016853
742	761	0.0297432
742	892	0.0441868
742	636	0.0422718
746	326	0.028594
746	302	-0.0233036
746	524	-0.0407951
747	44	0.0819979
747	884	0.0379856
747	229	-0.0219664
747	502	0.0233202
751	421	-0.0327783
753	754	-0.0274676
756	851	-0.0278068
757	791	0.0517532
757	542	0.037821
760	444	0.0268674
760	550	-0.0504842
760	583	0.0191457
762	252	-0.0580989
767	787	0.0229022
769	334	0.00982916
769	302	0.0323902
769	377	-0.0202731
769	703	-0.0410666
769	930	0.0449172
771	729	-0.0253692
771	4	0.0261843
774	354	-0.0343523
774	154	0.050408
774	702	-0.0457787
774	129	0.0175879
774	832	-0.016839
774	784	-0.0310107
774	927	0.0207651
774	806	0.0552174
774	140	0.0392011
774	652	-0.0156903
777	446	-0.0534117
779	433	-0.0464065
779	347	0.03635
779	821	-0.0248307
783	392	0.0223574
783	754	0.0314842
784	805	-0.00952728
785	121	-0.0597321
789	291	0.0360804
789	799	0.0599207
790	656	0.0193177
790	255	-0.0171033
791	259	0.0232967
792	313	-0.0495383
792	932	0.0314484
792	998	-0.0346001
792	692	-0.0692181
792	289	0.0904011
792	919	0.0307126
792	777	0.033835
792	900	-0.0321283
792	522	0.02158
795	961	-0.0168039
798	522	-0.0268203
802	760	-0.0485329
802	729	0.0265577
802	230	0.013596
802	698	0.0591236
802	220	-0.0256837
815	277	0.031907
815	194	0.0203319
815	692	0.0173392
815	331	-0.0303871
817	844	-0.0221534
817	163	0.0207224
817	277	0.0257767
817	624	0.0221866
817	44	0.0570517
817	289	-0.0506982
817	428	-0.0166368
819	996	0.0196136
820	662	-0.0393854
820	522	-0.0573475
820	126	0.0383757
827	436	-0.045814
827	64	-0.0581812
827	30	-0.0279444
827	984	-0.0340997
827	657	-0.0244125
827	334	-0.0371143
827	758	0.0204737
827	461	-0.0141299
832	686	0.0373256
832	821	0.0299752
837	790	-0.0493302
837	751	-0.0235515
837	316	0.0346731
837	607	0.0326047
837	603	0.0331195
839	279	-0.0537365
842	324	-0.028657
842	70	0.0136466
843	709	-0.018326
844	768	0.0290273
844	572	-0.0437838
844	737	0.0113068
860	721	0.0298425
860	123	-0.0615271
860	243	0.0342187
860	313	-0.0635237
860	815	0.0176055
860	662	0.0280503
860	561	-0.0343437
860	884	0.0453734
860	74	0.0465269
860	635	-0.0500156
860	900	0.0632673
875	262	0.0378126
875	360	0.0282274
875	702	0.0347228
875	81	-0.0446549
880	36	0.0110425
880	100	0.0280776
880	319	0.0272619
880	181	0.0249482
884	375	0.0205744
891	337	-0.0122781
891	417	0.0217431
891	39	-0.0528113
896	49	0.0328277
896	129	-0.0222604
896	863	0.0235702
901	570	-0.0360457
901	103	0.00942303
901	351	-0.0340565
901	508	0.0200864
901	687	-0.0213912
901	837	-0.0107641
901	374	-0.0149962
901	905	0.032707
901	914	-0.0304672
901	420	-0.0343854
901	434	-0.0268463
901	380	0.0245032
901	686	-0.0565475
901	607	0.0092374
901	685	0.0148532
901	676	0.0111356
901	359	-0.0449492
901	322	0.0166095
901	677	0.0414539
904	703	-0.0260618
905	541	-0.0371088
905	575	-0.00876337
905	438	0.0674305
907	71	0.0161801
907	955	-0.0285539
907	370	0.035068
907	581	-0.059381
907	839	0.030605
908	486	-0.0289113
908	697	0.0353712
908	984	0.0393817
908	733	0.0120467
908	953	-0.0223135
908	904	-0.0153869
908	294	0.0152631
908	805	-0.0323317
908	927	-0.022137
908	241	0.0857114
910	433	-0.0122973
910	437	0.021693
910	45	-0.0344207
914	819	-0.0204529
914	795	-0.0341852
914	192	-0.0151538
919	716	-0.0976868
921	986	-0.0229319
924	651	-0.0534741
924	545	0.0310713
924	716	-0.0553643
930	491	-0.0290289
931	549	0.0217205
932	900	-0.0560819
932	798	-0.0470319
932	822	0.0272833
935	582	-0.0243757
943	589	0.028798
943	846	-0.026328
947	416	-0.0202632
947	499	-0.0219621
951	851	0.0327784
951	631	-0.0302353
952	36	-0.0358706
952	824	-0.0446817
952	39	-0.0165851
953	891	-0.0193197
953	262	-0.0318846
953	722	-0.0218904
955	555	0.0210725
955	546	-0.0266653
955	952	-0.025294
955	383	0.0142327
972	974	0.0172305
972	40	-0.0240853
972	284	-0.0658511
972	404	0.0247172
972	726	0.0242936
972	742	-0.02977
972	189	-0.0170463
972	233	0.0424435
972	354	0.0439316
972	827	-0.0258432
972	508	-0.0206416
972	327	0.0189072
972	837	-0.00393283
972	907	-0.0246421
972	513	-0.0505508
972	72	0.029505
972	317	0.0225356
972	953	0.0375337
972	657	-0.022678
972	684	0.0472309
972	368	-0.0725167
972	914	-0.0173675
972	169	-0.0366721
972	757	-0.0244407
972	152	-0.025904
972	993	0.0413639
972	607	0.0178135
972	187	0.0340353
972	190	-0.03492
972	500	0.00785092
972	929	0.0433463
972	969	0.046407
972	344	-0.0239039
972	881	-0.044497
972	655	0.0202438
972	723	0.0309769
972	160	-0.0252531
972	329	-0.0234636
974	83	-0.0302236
974	40	0.0299587
974	284	-0.0331143
974	726	-0.0128178
974	570	-0.0559192
974	124	0.0226488
974	338	0.0370115
974	569	0.013869
974	690	-0.0203194
974	908	-0.0306567
974	827	0.0415458
974	327	-0.0600419
974	432	0.0374497
974	714	-0.0391694
974	733	0.0361704
974	553	0.0379499
974	746	-0.04865
974	164	0.0306961
974	326	-0.0200441
974	493	0.0555525
974	437	0.0185774
974	17	0.0154697
974	671	-0.0332195
974	425	0.0256
974	753	0.0369517
974	556	-0.0222209
974	453	0.0228267
974	187	0.0234572
974	969	0.0179242
974	483	-0.015558
974	574	0.0272631
974	443	-0.0333008
974	864	0.022985
974	177	-0.0214126
974	717	0.0165661
974	318	0.017219
978	144	-0.0339043
980	356	-0.0327028
980	860	0.0523216
980	10	0.0387991
980	253	-0.0309021
980	148	0.0330437
980	991	-0.0474679
980	135	0.060859
980	576	-0.0490097
980	194	-0.0386179
980	756	0.0218615
980	884	-0.0512698
980	691	0.0528392
980	692	-0.0464912
980	52	-0.0347592
980	808	0.0144137
980	568	-0.051251
980	127	0.0416842
980	341	0.0531812
980	369	0.0463753
980	670	-0.0399681
981	478	0.0173301
984	783	0.0200145
984	588	0.0124236
984	316	0.0273976
984	480	0.0629543
988	538	-0.0373439
988	196	0.0664858
988	973	0.025998
988	857	-0.102436
989	875	-0.0244725
989	66	-0.0296216
989	469	0.0219555
989	753	-0.0483377
989	319	-0.020359
991	999	0.0312382
991	731	-0.0207662
991	532	-0.0255395
991	958	-0.0428285
993	324	-0.0188773
996	234	-0.0217591
998	894	0.0322277
999	74	0.0113381
999	768	-0.031264
999	798	0.0487417
999	325	-0.069856
