400
200
400
1000
500
3
0.333333	0.666667	
0	1	0.000174298	0.0381299	0.0913593
1	2	0.0013355	-0.0212278	0.00266295
2	1	0.00240034	-0.0396606	0.00844392
3	2	0.00286742	0.0341907	0.0499331
4	2	0.0035817	-0.0657348	0.0796339
5	2	0.0039654	-0.0287095	0.029153
6	2	0.00521627	-0.0159323	0.0353132
7	2	0.00588866	-0.0273507	0.0446525
8	1	0.00730863	-0.0250529	0.027264
9	1	0.00761436	-0.209436	0.0683243
10	0	0.00777316	-0.016937	0.0201092
11	0	0.00829026	-0.0140383	0.00406986
12	1	0.0100263	-0.0837254	0.029314
13	2	0.0106842	0.038549	0.0238938
14	0	0.0115402	0.0726732	0.0241598
15	1	0.0119403	-0.0279183	0.0775239
16	0	0.0121835	0.0168385	0.0518186
17	1	0.0123511	0.0338573	0.04302
18	0	0.0125394	-0.0305689	0.0159965
19	0	0.0130528	0.0408402	0.00858239
20	1	0.0139078	0.02673	0.0307083
21	0	0.0141372	0.0581938	0.0203808
22	2	0.0142658	-0.0438146	0.0363707
23	0	0.0144997	-0.0194905	0.0636798
24	2	0.0145932	-0.0435065	0.0465062
25	2	0.0148253	0.0192976	0.00456913
26	1	0.0159208	0.106898	0.0677104
27	2	0.0173682	-0.0456736	0.0492467
28	2	0.0179336	-0.0927554	0.00279767
29	0	0.0205398	-0.0232073	0.0121319
30	0	0.0208607	0.10281	0.0209125
31	2	0.0223073	-0.0251484	0.0781273
32	0	0.0227772	-0.0762312	0.00426539
33	2	0.0232423	-0.0697576	0.0199936
34	0	0.0241101	-0.0998511	0.019459
35	2	0.0244005	-0.0380328	0.0137704
36	0	0.0262601	0.0226435	0.0642
37	0	0.026588	-0.0151536	0.0381101
38	0	0.028466	-0.0450776	0.0555774
39	0	0.0285949	0.0451124	0.1189
40	0	0.030497	-0.0127699	0.0279602
41	1	0.0307731	-0.0616789	0.00957218
42	0	0.0311948	-0.148804	0.0888575
43	2	0.031343	0.0330111	0.0563639
44	0	0.0316548	0.00447454	0.0843189
45	2	0.0328403	0.000596855	0.0461285
46	2	0.0338105	0.026652	0.0490482
47	1	0.0361006	-0.00715709	0.105954
48	0	0.0363982	0.0172121	0.0344653
49	0	0.038809	-0.035923	0.0278164
50	1	0.0389466	0.0785489	0.00179324
51	0	0.0392598	-0.026502	0.0127771
52	2	0.0393166	-0.0151697	0.0429066
53	0	0.0402816	-0.0674993	0.0789859
54	2	0.0412783	-0.0260433	0.00451463
55	0	0.0413192	0.0425846	0.0328042
56	1	0.0433618	0.0293373	0.11481
57	0	0.0436473	-0.1217	0.0640528
58	2	0.0438688	0.0159549	0.0065889
59	0	0.0438857	-0.00419346	0.0610169
60	1	0.0471942	0.110052	0.068467
61	2	0.0475678	-0.036204	0.0564284
62	1	0.0476268	0.027325	0.0634146
63	1	0.0484286	-0.0773349	0.155363
64	0	0.0495947	0.0472432	0.0361118
65	2	0.0499664	-0.0548564	0.00265283
66	0	0.0506561	0.0271945	0.0909716
67	0	0.0510177	0.032362	0.0175992
68	0	0.0542405	0.0391095	0.0807258
69	0	0.054264	0.0363345	0.0025344
70	2	0.0556246	0.0293085	0.0255631
71	2	0.056175	0.058122	0.0196654
72	2	0.0565526	0.0251888	0.0804207
73	2	0.057902	-0.0357893	0.0328034
74	1	0.0614759	-0.0569406	0.112008
75	0	0.0624884	-0.0658957	0.0626493
76	0	0.0625342	-0.058182	0.00353435
77	2	0.0629257	0.0935085	0.0430289
78	0	0.0630717	-0.023814	0.0520174
79	0	0.0641173	-0.0252063	0.036235
80	1	0.0682547	-0.0442444	0.0459077
81	0	0.0694345	0.0222754	0.080075
82	2	0.070665	-0.00936131	0.0126537
83	2	0.073252	-0.00681923	0.0746165
84	0	0.0735143	0.0536433	0.0538431
85	2	0.0757453	0.107071	0.0325596
86	1	0.0762578	0.0796155	0.0345525
87	2	0.0767461	0.029656	0.00135767
88	0	0.0767472	-0.0124682	0.0409615
89	2	0.0798706	-0.130979	0.0150309
90	1	0.0814016	0.0992149	0.0586718
91	2	0.0816264	0.0244669	0.0166967
92	2	0.082893	-0.0181925	0.0170111
93	1	0.0832555	0.0209046	0.0329076
94	0	0.083409	0.0299023	0.0213464
95	0	0.083504	0.0882697	0.057321
96	2	0.0839098	-0.072182	0.0247773
97	2	0.0870185	-0.0652314	0.0233865
98	0	0.0875568	-0.0432802	0.0590558
99	2	0.0884703	-0.0566612	0.00210071
100	2	0.0893003	0.0499628	0.0730128
101	2	0.0899045	-0.0836387	0.00564322
102	0	0.0912053	0.0536135	0.160226
103	0	0.0925528	0.0242658	0.046183
104	2	0.0927653	-0.0379541	0.0638387
105	1	0.0928873	-0.0266711	0.00656278
106	2	0.0945931	-0.0107152	0.0153619
107	2	0.0955136	-0.0466149	0.139459
108	1	0.0960196	0.0849566	0.106684
109	2	0.0963401	0.0121276	0.0332461
110	2	0.0964161	0.0605443	0.0400456
111	1	0.0983965	-0.0227375	0.0711307
112	2	0.0997209	-0.0671578	0.0215405
113	2	0.10116	0.0406622	0.111467
114	1	0.104248	-0.007162	4.88558e-05
115	2	0.104471	-0.0294892	0.0422564
116	0	0.10717	-0.0170557	0.00867414
117	2	0.108161	0.0398997	0.0386264
118	2	0.113408	-0.0460552	0.0546056
119	1	0.113785	0.0200282	0.0188969
120	2	0.115189	-0.0411724	0.0237879
121	2	0.115452	0.0187562	0.0660289
122	2	0.115514	0.0846266	0.0690717
123	2	0.117651	-0.0465466	0.0758871
124	2	0.120673	0.0244591	0.0238649
125	2	0.121425	-0.0495096	0.0398213
126	1	0.122871	0.0100574	0.0104334
127	1	0.123616	-0.0579151	0.132998
128	1	0.124527	-0.137929	0.101583
129	0	0.125145	0.0294633	0.0127736
130	0	0.125253	0.0121576	0.0633229
131	0	0.128219	0.0732672	0.0631185
132	1	0.12845	-0.0185522	0.1023
133	0	0.129042	0.032274	0.0349627
134	0	0.129726	-0.0416324	0.0260713
135	1	0.13003	0.126206	0.0363076
136	0	0.1318	-0.0588799	0.0193028
137	0	0.132149	-0.0788396	0.0278819
138	1	0.13369	0.0207701	0.149042
139	0	0.134577	-0.0433617	0.037757
140	2	0.136169	0.0401938	0.0428719
141	1	0.136199	0.0784206	0.0157826
142	2	0.137242	-0.0590224	0.0252148
143	1	0.138079	-0.0947925	0.0575609
144	2	0.13923	-0.0442043	0.0424103
145	1	0.141737	-0.0426979	0.0165356
146	0	0.142898	0.0514401	0.0203602
147	0	0.143064	-0.0414706	0.0354209
148	2	0.148079	0.0968416	0.0192526
149	0	0.148281	0.0456991	0.0228082
150	0	0.149098	-0.0961972	0.0153595
151	0	0.149365	-0.0217984	0.0187202
152	1	0.149664	-0.0987476	0.0338674
153	0	0.153981	-0.0395714	0.0231897
154	0	0.156301	0.0237133	0.0699101
155	2	0.15776	0.0348881	0.011887
156	1	0.159133	0.0681431	0.0546037
157	2	0.159628	-0.0163178	0.0567933
158	0	0.165223	-0.0766354	0.0541212
159	2	0.165395	-0.087637	0.00521695
160	0	0.16856	0.0632798	0.0459446
161	1	0.168705	0.0308103	0.0454999
162	0	0.17014	0.0135827	0.0385187
163	2	0.170606	-0.0247495	0.00841138
164	0	0.171476	-0.0874722	0.00926311
165	1	0.172378	-0.0254502	0.0357395
166	0	0.172746	0.0166574	0.0392195
167	1	0.175279	-0.0246205	0.0966052
168	2	0.178264	-0.0090743	0.0617738
169	2	0.179546	0.148598	0.0387216
170	0	0.180083	0.112837	0.0469167
171	0	0.18082	-0.108889	0.0176212
172	2	0.181448	0.0371177	0.0465545
173	0	0.184037	-0.0415824	0.0231935
174	2	0.186732	-0.00873756	0.00446614
175	0	0.186977	0.0348843	0.0230247
176	1	0.188824	-0.0133739	0.0662297
177	0	0.189694	0.0980726	0.0145819
178	2	0.18984	0.0326596	0.0188455
179	2	0.192449	-0.00700559	0.0250858
180	2	0.194027	0.0563068	0.0289685
181	0	0.194272	-0.0669196	0.0336095
182	2	0.194782	-0.0175869	0.0116848
183	2	0.196256	-0.0623427	0.016229
184	2	0.196584	-0.0193606	0.0147893
185	0	0.196674	-0.0373398	0.0199626
186	2	0.197248	0.0591867	0.062387
187	0	0.199447	0.0144251	0.00516731
188	2	0.200706	-0.0302417	0.00964877
189	1	0.202438	0.0834221	0.00147267
190	2	0.202691	0.00633299	0.061373
191	0	0.2047	0.00549323	0.0249355
192	0	0.205073	-0.0263728	0.0286107
193	2	0.205627	0.0144925	0.0175333
194	0	0.205755	-0.0224135	0.0179381
195	1	0.206826	-0.02874	0.0276295
196	2	0.207489	-0.0168826	0.0747252
197	0	0.207837	0.0411547	0.0412244
198	2	0.20798	0.00716291	0.0457416
199	2	0.208917	0.0053925	0.0060197
200	2	0.209519	0.00758025	0.00970046
201	0	0.211072	0.00385785	0.0606786
202	2	0.213332	-0.0206025	0.0128608
203	2	0.214087	0.00964218	0.0672452
204	2	0.214133	0.0305924	0.0438892
205	0	0.217644	-0.0179783	0.00579273
206	0	0.22035	-0.0107215	0.0178546
207	2	0.221353	0.0824448	0.00794792
208	0	0.221654	0.0395005	0.0190249
209	2	0.22366	-0.0824316	0.0657596
210	0	0.224246	0.0739297	0.0523251
211	1	0.224419	-0.044351	0.0854983
212	1	0.226148	-0.00800861	0.00518457
213	1	0.228346	0.0122526	0.0411896
214	2	0.229283	0.0929075	0.015307
215	2	0.229344	-0.054608	0.0253094
216	2	0.230152	-0.0117269	0.0957851
217	1	0.230601	-0.0139978	0.00496719
218	0	0.231464	-0.00437781	0.0505538
219	0	0.235581	-0.00928695	0.0711357
220	2	0.236079	-0.0146855	0.0387097
221	2	0.23664	-0.170803	0.00559444
222	2	0.236673	0.0369777	0.0397665
223	2	0.23668	-0.0067092	0.065447
224	0	0.23757	0.00397414	0.0299255
225	0	0.239137	0.0397664	0.0582037
226	1	0.240578	0.0083198	0.0704239
227	0	0.241444	-0.00550778	0.0388238
228	2	0.244505	-0.0259206	0.0943316
229	0	0.245125	0.0339351	0.0834562
230	2	0.245421	0.00677295	0.0465984
231	0	0.246281	0.0161123	0.011388
232	0	0.246486	-0.0123531	0.0740335
233	2	0.246722	0.0349988	0.106577
234	2	0.247489	0.153413	0.0643452
235	0	0.248072	-0.00812664	0.0353463
236	2	0.249176	0.0646531	0.029679
237	2	0.249586	0.0394849	0.0131342
238	0	0.250579	0.0690333	0.0344067
239	0	0.251736	-0.0204614	0.0160231
240	0	0.252147	0.0102179	0.0116016
241	0	0.252181	0.0281309	0.0269203
242	0	0.252271	-0.0707982	0.0599511
243	2	0.254226	0.0221799	0.00393879
244	1	0.25461	0.0329788	0.0623665
245	1	0.255061	0.0127674	0.0594362
246	0	0.255314	-0.0166701	0.0619656
247	1	0.256065	0.0376404	0.0354102
248	2	0.256877	-0.036343	0.00838661
249	2	0.257342	0.0076728	0.0526005
250	2	0.257408	0.049521	0.102375
251	1	0.257537	0.0887892	0.0383533
252	2	0.257623	0.0443476	0.0328364
253	2	0.257722	-0.0493665	0.00985455
254	0	0.260826	0.00674032	0.00347325
255	2	0.261573	-0.0471738	0.0183855
256	2	0.261799	-0.0536851	0.0775445
257	2	0.263324	0.02801	0.098657
258	0	0.263672	0.0215993	0.00409006
259	0	0.263699	-0.059756	0.00863738
260	0	0.26399	0.0305189	0.0210139
261	2	0.265066	0.035778	0.0433948
262	2	0.265516	0.0199242	0.0212074
263	1	0.26651	-0.0141805	0.0414981
264	2	0.267927	-0.0457339	0.026797
265	1	0.269024	-0.0223266	0.0650584
266	1	0.269329	-0.0481804	0.0231681
267	0	0.26993	-0.0372706	0.0377078
268	2	0.27208	0.00368722	0.00754653
269	2	0.272586	0.0061635	0.07727
270	2	0.273778	-0.00126824	0.0495363
271	2	0.274642	0.00955114	0.0598267
272	0	0.274865	0.0288812	0.083028
273	0	0.275367	0.0270217	0.0619148
274	1	0.277067	0.0510229	0.0218553
275	0	0.280067	0.00888975	0.0837361
276	1	0.28031	0.0423811	0.00397232
277	0	0.281122	-0.0306582	0.0536025
278	2	0.282184	-0.113099	0.0677483
279	1	0.282948	-0.0224125	0.0557465
280	1	0.284162	-0.0601637	0.0249533
281	1	0.284802	-0.0682416	0.0590727
282	0	0.285399	-0.0890142	0.0398118
283	2	0.285629	0.0250413	0.013523
284	2	0.286538	-0.1015	0.00118708
285	0	0.286698	0.0220338	0.00145192
286	0	0.288534	0.0588307	0.0377787
287	0	0.288772	-0.0712109	0.0408795
288	1	0.291775	-0.0365744	0.00785654
289	2	0.293459	0.0452005	0.0318852
290	2	0.293658	-0.0158864	0.0217262
291	2	0.294773	-0.10787	0.0159651
292	0	0.295175	-0.0203689	0.0132779
293	0	0.297626	-0.0403937	0.132897
294	2	0.300464	-0.0441679	0.0212842
295	0	0.300793	-0.0280225	0.0149
296	1	0.301716	0.0475161	0.0228008
297	1	0.302865	0.0395779	0.0263154
298	1	0.303667	0.0351607	0.0706369
299	0	0.303699	-0.0142043	0.00760147
300	2	0.304225	0.0109428	0.0490264
301	2	0.304522	-0.0273233	0.0402942
302	1	0.304549	-0.054008	0.0399209
303	0	0.305196	0.0114872	0.0230039
304	2	0.306765	-0.0204449	0.055215
305	2	0.307796	0.0250308	0.0277171
306	1	0.308429	0.112265	0.0733292
307	2	0.308508	0.0588534	0.0149023
308	0	0.309786	-0.0508653	0.0433574
309	0	0.311393	0.0829862	0.0335217
310	0	0.311669	0.0334467	0.054278
311	2	0.312474	-0.0167239	0.0160556
312	1	0.312761	-0.0512447	0.0976462
313	0	0.312847	-0.0476803	0.0276855
314	1	0.312887	0.0930947	0.0435148
315	1	0.31604	-0.0994275	0.0585392
316	2	0.316737	0.0200676	0.0403324
317	2	0.320972	0.0174234	0.0281179
318	0	0.32115	0.0309693	0.0236835
319	0	0.32163	-0.0374603	0.0340573
320	0	0.325838	0.0261545	0.0379542
321	1	0.32611	0.0856341	0.0915138
322	2	0.326242	-0.0358794	0.0628463
323	0	0.326326	0.0751101	0.00780849
324	2	0.326406	-0.135103	0.0251121
325	0	0.326794	-0.0392132	0.0251049
326	0	0.327085	0.0980282	0.0427329
327	0	0.327133	-0.0492058	0.100298
328	0	0.327675	0.0114213	0.00464894
329	2	0.329503	-0.0141867	0.0715669
330	0	0.330285	0.0846419	0.080011
331	0	0.331699	0.042691	0.0109379
332	2	0.333693	0.0122505	0.00962044
333	0	0.33622	-0.0484344	0.0205714
334	2	0.336791	0.0356831	0.0127638
335	2	0.337717	-0.0673504	0.0888718
336	0	0.338095	-0.0417254	0.0251853
337	2	0.33849	-0.0573574	0.0292476
338	2	0.339494	-0.00893014	0.0013241
339	2	0.340954	-0.0788162	0.0987746
340	0	0.342449	-0.017653	0.0137031
341	2	0.342963	-0.0863496	0.00464203
342	1	0.343592	-0.118419	0.0284909
343	1	0.344183	-0.0159654	0.0634931
344	0	0.346641	-0.127645	0.0475599
345	2	0.351395	-0.153625	0.0128495
346	1	0.354251	-0.0452392	0.00916138
347	2	0.35444	0.0384145	0.00222147
348	0	0.354553	0.0102245	0.00597295
349	0	0.355645	0.0272435	0.0385228
350	0	0.355934	0.00385969	0.0621423
351	0	0.357408	-0.0264062	0.025912
352	2	0.357956	-0.0422516	0.0124768
353	2	0.359962	-0.0524907	0.0325418
354	1	0.362478	0.119835	0.0785128
355	2	0.362595	0.0501828	0.0134379
356	0	0.363243	-0.0593888	0.0605496
357	1	0.364463	-0.0516887	0.0600844
358	1	0.364995	0.0978207	0.131601
359	1	0.366018	-0.150608	0.126027
360	2	0.366797	-0.0542332	0.0247613
361	2	0.367388	0.0234298	0.0735273
362	0	0.370271	-0.0363117	0.000970477
363	2	0.371218	-0.020813	0.0256736
364	2	0.372082	0.0378755	0.0211478
365	1	0.372159	-0.00878282	0.0135867
366	2	0.372779	-0.0207259	0.0795529
367	0	0.37429	0.0398593	0.0177375
368	0	0.376457	-0.047599	0.10856
369	2	0.38055	-0.0427403	0.00306436
370	1	0.381918	0.0282152	0.0711036
371	0	0.382537	-0.0219164	0.0745725
372	0	0.384554	-0.0850238	0.0515415
373	0	0.387329	-0.0829779	0.0304704
374	2	0.388536	0.033747	0.0538983
375	1	0.389318	-0.0184383	0.0578743
376	1	0.389468	-0.0411797	0.000362257
377	2	0.389824	-0.0187434	0.004181
378	2	0.389979	0.0269422	0.0293136
379	0	0.389994	0.00350893	0.0544824
380	1	0.390055	-0.0968836	0.135611
381	0	0.390332	0.0214988	0.0720539
382	2	0.392698	0.011438	0.0818938
383	0	0.394236	0.0113776	0.106521
384	0	0.395904	-0.0264541	0.000518961
385	0	0.395935	-0.0543664	0.00199514
386	1	0.396412	0.18967	0.0467076
387	2	0.399772	0.03343	0.0864197
388	0	0.400185	0.0263522	0.0128138
389	0	0.401463	0.0167076	0.00162585
390	0	0.406293	-0.0145803	0.0451641
391	0	0.408765	0.0374149	0.0310903
392	0	0.40995	-0.038421	0.0215338
393	2	0.410423	0.0713723	0.0147455
394	2	0.412551	0.025216	0.10028
395	2	0.413095	-0.0339909	0.0047874
396	0	0.413706	0.0311526	0.00674901
397	2	0.413774	-0.00743565	0.0115653
398	2	0.41624	0.0430806	0.0145035
399	1	0.417712	-0.0676907	0.0494164
400	2	0.418429	-0.0278305	0.0264965
401	0	0.418547	0.0416204	0.0701983
402	1	0.420427	-0.0377338	0.114764
403	2	0.422502	0.0205936	0.0206288
404	1	0.423174	0.0626474	0.0548666
405	0	0.42336	-0.0378572	0.0460121
406	0	0.424319	-0.0504995	0.068785
407	1	0.425317	0.0373017	0.0219548
408	0	0.426276	0.0452706	0.0261593
409	2	0.427434	0.0597458	0.066403
410	2	0.429279	-0.0217649	0.0511667
411	2	0.432566	-0.0993971	0.0148827
412	2	0.435567	0.0097146	0.0497734
413	2	0.436309	0.011074	0.0662302
414	0	0.43686	0.0170052	0.0440577
415	2	0.438258	0.0591185	0.0350267
416	0	0.438637	0.0178721	0.0833645
417	2	0.439103	0.0263517	0.0144259
418	0	0.439835	0.0420663	0.0392796
419	2	0.441356	0.0127335	0.0375785
420	0	0.444954	-0.0297915	0.0167606
421	2	0.44687	0.115143	0.0106973
422	2	0.448239	0.0165279	0.0588081
423	2	0.448766	0.0433762	0.0453883
424	0	0.449307	-0.020043	0.0091968
425	0	0.450743	0.0344762	0.0207805
426	0	0.451966	-0.0286639	0.0507022
427	0	0.454188	0.0925473	0.0387175
428	0	0.45497	0.0302303	0.0116243
429	0	0.455626	-0.0881118	0.0241169
430	2	0.455652	0.0121215	0.0207736
431	0	0.456092	-0.0243653	0.0590997
432	2	0.456496	-0.0503754	0.0205598
433	0	0.456513	0.0201524	0.0221237
434	1	0.457148	0.0281008	0.0466221
435	1	0.457445	0.0414811	0.0153733
436	0	0.458709	-0.011116	0.0514798
437	0	0.458828	-0.00748656	0.0160496
438	2	0.458836	0.0405633	0.0770353
439	2	0.459013	0.0530691	0.0155318
440	1	0.460079	0.069524	0.0122481
441	1	0.46031	-0.0328439	0.0791313
442	0	0.460888	0.072863	0.0669644
443	0	0.462706	-0.0179099	0.0813279
444	2	0.463208	0.0197622	0.0408968
445	2	0.464183	-0.0335108	0.0846446
446	2	0.465295	0.0461837	0.06245
447	1	0.466845	0.0463293	0.0403894
448	2	0.467493	-0.0416361	0.0151407
449	2	0.467832	-0.031446	0.0340577
450	0	0.469128	-0.0230244	0.0101931
451	0	0.470007	-0.0454905	0.0652086
452	0	0.470276	0.0500625	0.0850209
453	2	0.471962	-0.0555463	0.00950251
454	1	0.474301	-0.160913	0.125099
455	0	0.474828	0.0506947	0.00376261
456	0	0.475771	0.00898764	0.0344864
457	0	0.476543	-0.0257681	0.0597376
458	0	0.478273	0.0155918	0.0385491
459	0	0.478524	-0.0422414	0.00933198
460	1	0.478877	-0.0125599	0.0951433
461	1	0.479711	-0.072903	0.0822154
462	0	0.479903	0.0259664	0.038041
463	1	0.482933	-0.0519929	0.06081
464	2	0.483299	0.0271576	0.0727718
465	2	0.483622	0.0628102	0.0440777
466	0	0.487767	-0.0456224	0.123005
467	1	0.488684	0.107902	0.102679
468	2	0.492887	-0.0621327	0.0440495
469	1	0.493518	-0.0190502	0.00673711
470	2	0.495077	-0.0430859	0.00428782
471	2	0.495542	0.0758978	0.0240476
472	0	0.496302	0.0803293	0.000898209
473	2	0.496388	-0.0725724	0.136219
474	0	0.497763	0.0663057	0.0630825
475	2	0.497901	0.0189674	0.0496755
476	1	0.497955	0.00495544	0.0508758
477	2	0.49806	-0.0451971	0.00593156
478	2	0.498264	-0.0408871	0.0528668
479	2	0.499307	0.0223035	0.0142725
480	0	0.499589	0.0275588	0.0601348
481	0	0.500362	0.0317241	0.00832517
482	2	0.500754	-0.0297867	0.0094649
483	0	0.50082	0.0426134	0.0199628
484	2	0.501325	-0.0351546	0.0861632
485	0	0.502924	0.0358268	0.0271174
486	0	0.504349	0.00936893	0.0357159
487	2	0.505989	-0.029782	0.0123639
488	1	0.507425	0.00269389	0.0087468
489	1	0.507833	-0.0817919	0.00557217
490	1	0.508612	0.0346991	0.100838
491	2	0.509352	-0.0450454	0.00994366
492	2	0.510838	0.0699214	0.0489368
493	1	0.512293	-0.0371248	0.0125556
494	2	0.512723	-0.0448075	0.0315911
495	2	0.516291	-0.0348518	0.0167604
496	2	0.516522	0.0939175	0.0821914
497	1	0.516545	0.019194	0.0663585
498	0	0.519808	0.0522532	0.0434965
499	2	0.520362	-0.0301329	0.0420134
500	0	0.521026	0.087225	0.0412144
501	2	0.521354	0.0518447	0.0166615
502	0	0.522993	0.0340271	0.0340727
503	0	0.523457	-0.0144012	0.0413851
504	1	0.524343	-0.108898	0.033493
505	2	0.526272	0.021259	0.105542
506	2	0.526337	0.0247854	0.0375818
507	2	0.528348	0.0535275	0.0684744
508	0	0.528485	0.0508189	0.0585177
509	2	0.529061	-0.0263602	0.0155537
510	2	0.529935	0.00888893	0.00785499
511	2	0.530129	-0.0396933	0.0731818
512	2	0.533091	-0.0476627	0.0658492
513	2	0.534082	-0.0175074	0.0139053
514	2	0.536041	0.0252321	0.0417712
515	0	0.536457	-0.110793	0.0935459
516	1	0.53719	-0.0647339	0.0143328
517	2	0.537791	0.0108328	0.0460487
518	2	0.538816	-0.0358206	0.0780333
519	2	0.539427	-0.096833	0.0419978
520	2	0.540449	-0.00859793	0.0257342
521	0	0.542724	-0.0642009	0.0255652
522	2	0.542856	-0.034491	0.0230431
523	0	0.545277	-0.0773308	0.0576197
524	2	0.546863	0.019794	0.0146507
525	0	0.547859	0.0755978	0.0642321
526	0	0.549657	0.106309	0.0299302
527	2	0.552959	-0.00641099	0.0814317
528	0	0.553327	-0.0619631	0.0272867
529	0	0.553641	-0.0787233	0.128345
530	0	0.553719	0.0368285	0.0647754
531	0	0.553788	-0.0632663	0.071365
532	0	0.553809	0.0262482	0.0588197
533	0	0.554006	0.0170231	0.0695663
534	0	0.554671	0.0275677	0.0177775
535	2	0.556172	-0.0301353	0.022559
536	0	0.556569	0.036759	0.0190153
537	2	0.559006	-0.0649422	0.090513
538	0	0.559925	-0.0518244	0.0183816
539	0	0.560129	0.0366631	0.095805
540	2	0.560493	0.0519075	0.0243668
541	2	0.560522	0.0177319	0.00361025
542	2	0.56272	0.0156705	0.0121481
543	2	0.563439	0.0553677	0.0203093
544	0	0.564419	-0.0609359	0.0645364
545	2	0.564815	0.0111864	0.0422561
546	0	0.564916	-0.0550524	0.000473266
547	1	0.564992	-0.010203	0.079649
548	2	0.56526	-0.0186104	0.0624319
549	0	0.568341	-0.00943086	0.0347193
550	0	0.569324	0.0471501	0.0761759
551	0	0.570161	-0.0290046	0.0503833
552	1	0.570967	0.0662511	0.00532666
553	0	0.571047	0.044903	0.0312852
554	0	0.571083	-0.123347	0.0853221
555	2	0.571504	0.0667745	0.00997775
556	0	0.571801	0.0307748	0.0882346
557	0	0.572447	0.013759	0.0162145
558	2	0.572774	0.0720924	0.0936577
559	0	0.573757	-0.040532	0.0547879
560	0	0.574574	-0.0153996	0.0462497
561	2	0.575967	-0.0393635	0.101144
562	1	0.576568	-0.147558	0.0241115
563	2	0.577204	-0.0334165	0.0302982
564	0	0.577468	-0.00596181	0.00599732
565	2	0.57801	0.112506	0.086944
566	2	0.578527	0.0144868	0.0113489
567	0	0.578945	0.00767784	0.0294883
568	0	0.58046	0.0705876	0.0617172
569	1	0.581125	0.0554899	0.00635286
570	2	0.581328	-0.0603504	0.0771079
571	2	0.581611	-0.0674944	0.0577499
572	0	0.581782	-0.0587821	0.0481685
573	0	0.582543	-0.0268645	0.0213712
574	2	0.582937	-0.0436068	0.0278137
575	0	0.583505	-0.0172418	0.00775034
576	1	0.584618	-0.0301013	0.0105087
577	0	0.585622	-0.0246584	0.039992
578	0	0.586898	0.0473953	0.0271796
579	0	0.588441	0.0363114	0.0537856
580	0	0.588896	0.0293687	0.00594983
581	1	0.589631	-0.0257311	0.00369275
582	2	0.590019	0.0295555	0.0258165
583	2	0.590599	0.0204262	0.0695309
584	0	0.590842	0.0593016	0.0350921
585	0	0.591813	0.0401399	0.0829939
586	0	0.591959	-0.0326606	0.0989184
587	1	0.597787	-0.0546232	0.0367298
588	2	0.597875	-0.103826	0.0461917
589	1	0.599453	0.0939039	0.113763
590	1	0.601058	0.120712	0.0409809
591	0	0.601411	-0.0275778	0.0050742
592	1	0.601748	-0.0532784	0.0448089
593	0	0.601885	0.054876	0.0235103
594	0	0.603328	-0.0617214	0.0204625
595	1	0.604507	-0.0198727	0.021425
596	0	0.607318	0.00983434	0.0119125
597	2	0.609062	0.0266938	0.015434
598	0	0.609966	-0.0262906	0.0788105
599	1	0.610706	0.0526029	0.245616
600	0	0.611906	-0.015261	0.0431011
601	0	0.61402	0.0510894	0.015193
602	0	0.614305	-0.06483	0.0689319
603	1	0.615209	-0.0241402	0.0951647
604	0	0.616441	-0.0724617	0.00925999
605	2	0.616821	-0.0446461	0.00196564
606	2	0.617472	0.0277498	0.0135933
607	1	0.617613	-0.0399662	0.00268523
608	2	0.618739	-0.043584	0.00439184
609	0	0.620765	0.0163439	0.00341367
610	0	0.621196	-0.00705246	0.0740854
611	1	0.621843	0.142292	0.0672439
612	0	0.623577	0.0658304	0.0103774
613	0	0.624822	0.0122801	0.0320527
614	1	0.625438	-0.125005	0.0704673
615	1	0.627651	-0.0934215	0.120012
616	1	0.628758	-0.0340824	0.0956433
617	2	0.629519	-0.0353184	0.0344389
618	0	0.630539	-0.0346047	0.043652
619	2	0.630583	-0.0245277	0.0566743
620	0	0.631593	0.0213164	0.028082
621	0	0.633099	0.013647	0.0698818
622	1	0.633136	-0.0258646	0.0119012
623	2	0.635109	-0.0250305	0.0115085
624	1	0.638488	-0.0208058	0.0625685
625	0	0.640643	0.0339322	0.120326
626	2	0.641027	0.0288138	0.0449423
627	2	0.64208	0.0143091	0.078859
628	0	0.64259	0.0842931	0.0371185
629	0	0.64327	-0.0623792	0.00338968
630	1	0.647626	-0.0592981	0.00699387
631	0	0.64792	-0.0664953	0.038893
632	1	0.648757	-0.0986502	0.125529
633	0	0.648996	0.0188991	0.0236695
634	1	0.649038	-0.038556	0.00459548
635	0	0.653409	0.0577222	0.0320389
636	0	0.654198	0.0948568	0.0600173
637	1	0.655222	-0.0336206	0.0480194
638	2	0.657296	0.0571862	0.0027004
639	0	0.658445	0.0517338	0.00150395
640	2	0.658539	0.0849571	0.0702845
641	0	0.659445	-0.049146	0.0645978
642	1	0.659495	0.0741574	0.024198
643	0	0.659796	-0.00758229	0.0970592
644	2	0.660052	0.0930986	0.0469747
645	0	0.661251	0.0315262	0.00184761
646	0	0.662227	0.0128219	0.0628275
647	2	0.662332	0.0295183	0.0367295
648	1	0.663004	-0.058936	0.0865307
649	0	0.663872	-0.0153977	0.0191125
650	0	0.665979	0.0068348	0.00904901
651	2	0.666213	-0.0445003	0.0163753
652	1	0.668496	0.0239237	0.185719
653	2	0.668762	0.0175919	0.02606
654	2	0.669056	-0.0568799	0.110012
655	0	0.669883	-0.0259143	0.0507189
656	1	0.669985	-0.198434	0.0430396
657	0	0.67	-0.152576	5.34795e-05
658	2	0.670087	0.0120028	0.0506946
659	2	0.670674	-0.000596498	0.00225114
660	1	0.670981	0.0829883	0.0618648
661	0	0.672167	-0.0195661	0.0829097
662	2	0.675369	0.0172487	0.0293077
663	2	0.676173	0.0950939	0.00714825
664	0	0.676431	-0.0417536	0.0138312
665	1	0.676536	-0.0842035	0.0366269
666	0	0.677138	-0.115349	0.0989599
667	2	0.678088	0.0516388	0.0886817
668	2	0.681483	0.0607892	0.0120277
669	1	0.681575	0.074708	0.0699885
670	2	0.681751	-0.0511967	0.0335983
671	2	0.681987	-0.0172575	0.0685994
672	0	0.682066	0.0734087	0.0794708
673	0	0.682768	-0.0407149	0.00217263
674	0	0.683394	-0.012592	0.0484478
675	0	0.685481	-0.0234334	0.0269653
676	2	0.68651	-0.0382142	0.123329
677	2	0.686741	0.0980647	0.00872565
678	2	0.686911	-0.0608728	0.0209137
679	2	0.687045	0.0493915	0.0163389
680	2	0.688116	-0.0248455	0.085943
681	0	0.688882	0.0313246	0.00428797
682	1	0.689535	-0.0100704	0.0833031
683	0	0.690185	0.0531864	0.0248822
684	0	0.69026	-0.0750144	0.00451291
685	2	0.691435	0.0676373	0.0317082
686	2	0.691809	-0.074576	0.0583318
687	0	0.691859	-0.0438552	0.00950593
688	1	0.692527	-0.0706903	0.0467319
689	2	0.693447	0.0062211	0.0589782
690	1	0.693594	-0.0287318	0.103947
691	0	0.693704	-0.0331891	0.0725707
692	0	0.693935	-0.0662055	0.0181754
693	2	0.694438	0.0450043	0.0645474
694	2	0.694617	0.0218128	0.00222568
695	2	0.695383	-0.0581548	0.0248303
696	2	0.696584	0.0607515	0.084437
697	1	0.69721	-0.0340817	0.070442
698	2	0.697563	-0.021422	0.0144681
699	2	0.69775	-0.0593715	0.103014
700	2	0.700299	-0.172887	0.0346127
701	2	0.700308	0.00691913	0.0535815
702	0	0.702129	0.064045	0.0412198
703	0	0.703984	-0.0181797	0.0889477
704	2	0.704112	0.111818	0.00732357
705	2	0.704501	0.0177368	0.0255232
706	2	0.705665	-0.0258118	0.0444598
707	0	0.706507	-0.0146436	0.025412
708	2	0.707323	-0.0079778	0.00693172
709	0	0.711018	-0.0722117	0.0699011
710	2	0.713153	0.0235637	0.103942
711	2	0.717214	-0.0287298	0.0407469
712	0	0.717396	-0.0878912	0.134913
713	2	0.717532	0.0568507	0.00449782
714	0	0.717594	0.0313411	0.0177719
715	2	0.7176	0.0536452	0.0443181
716	1	0.717655	-0.111875	0.0976552
717	2	0.718808	0.0384269	0.0391619
718	2	0.719575	-0.0222521	0.0777092
719	0	0.720369	0.0300833	0.0632161
720	0	0.720772	0.0442705	0.0277596
721	0	0.72107	-0.0544604	0.058754
722	2	0.72306	-0.0209284	0.0206434
723	0	0.723846	-0.0198219	0.0602955
724	0	0.724278	-0.0291831	0.000838964
725	0	0.725446	0.0580846	0.0260024
726	0	0.725918	0.0425571	0.0242053
727	2	0.726285	0.0618075	0.0264194
728	0	0.726708	0.0687247	0.00512522
729	2	0.726924	-0.0592243	0.0506676
730	0	0.727828	-0.0119435	0.0755738
731	2	0.729037	0.174649	0.0461031
732	2	0.733633	-0.0165264	0.0414128
733	0	0.733792	-0.0226192	0.0203776
734	0	0.733817	0.0858693	0.0639181
735	2	0.733853	-0.0239546	0.0186126
736	0	0.734964	-0.060031	0.0255121
737	1	0.738596	-0.112448	0.0310024
738	0	0.741226	-0.0194167	0.00858334
739	2	0.743438	0.0386093	0.0304806
740	2	0.743969	0.0571435	0.00827082
741	2	0.745715	0.0134612	0.0109695
742	1	0.745827	0.0284123	0.0107676
743	2	0.746447	-0.0221887	0.00285091
744	1	0.746688	0.0500676	0.0280484
745	2	0.746719	0.0144766	0.0320329
746	0	0.74848	-0.0467334	0.0404788
747	2	0.749463	0.0128037	0.0837789
748	0	0.750367	0.0467803	0.0789778
749	0	0.754086	0.0558086	0.0825255
750	1	0.754885	-0.0899156	0.0751478
751	2	0.756832	0.0199771	0.0525254
752	0	0.757244	0.120256	0.00599904
753	2	0.757605	0.00916969	0.000118815
754	0	0.75774	-0.0332672	0.00767129
755	0	0.758203	0.030735	0.063078
756	2	0.758775	0.0346858	0.0226649
757	2	0.759833	0.0299753	0.0847913
758	2	0.75996	-0.0200181	0.0677446
759	2	0.760175	-0.00984636	0.0277955
760	2	0.760258	0.00952494	0.0617058
761	1	0.760587	-0.0474634	0.0606609
762	1	0.761903	0.127473	0.0113987
763	0	0.762619	-0.0406856	0.087816
764	2	0.763045	-0.0313049	0.00229727
765	0	0.76347	0.025903	0.0480693
766	1	0.763753	-0.010593	0.0646381
767	2	0.766032	-0.0140262	0.0806621
768	0	0.766098	0.0172198	0.0585631
769	2	0.766935	0.039182	0.175489
770	1	0.767113	0.0956816	0.0597691
771	1	0.767764	0.0767213	0.0485537
772	0	0.768446	0.0665178	0.0591796
773	0	0.769754	-0.00844502	0.0257437
774	0	0.772719	0.00708922	0.0197591
775	0	0.774453	-0.036703	0.0590664
776	2	0.774522	0.00527713	0.0317937
777	0	0.775002	-0.0328215	0.00857692
778	2	0.778594	0.0403264	0.108616
779	2	0.779924	0.0166546	0.0369619
780	2	0.780111	-0.0105232	0.000336989
781	1	0.781956	-0.0658745	0.120469
782	0	0.782156	-0.00598435	0.0816138
783	1	0.783083	0.0196166	0.0551091
784	2	0.783125	0.0557103	0.0899261
785	2	0.784953	-0.0172441	0.089284
786	2	0.785384	0.0659865	0.0211661
787	2	0.786483	-0.0254251	0.0514254
788	1	0.786501	-0.058329	0.0122307
789	1	0.789653	0.0587998	0.103592
790	0	0.790496	0.0479617	0.0261101
791	0	0.790747	-0.0568128	0.0136812
792	0	0.791173	0.0160757	0.0119113
793	2	0.791349	-0.0247214	0.0382452
794	0	0.792395	0.0306315	0.0122619
795	0	0.794123	0.0505535	0.0316846
796	0	0.794952	-0.021161	0.0893454
797	2	0.796531	0.0135971	0.0193794
798	2	0.796887	0.115081	0.0299959
799	0	0.797811	0.0456506	0.0688339
800	2	0.799341	-0.011887	0.00580808
801	2	0.799502	0.0290175	0.00174353
802	2	0.800185	0.02986	0.142543
803	2	0.800231	-0.0338464	0.125214
804	0	0.801866	0.00982096	0.00853277
805	2	0.802511	0.0253904	0.0614624
806	0	0.804422	0.0359968	0.0630627
807	0	0.805727	-0.0216394	0.0525709
808	0	0.806422	-0.0132994	0.000630669
809	2	0.806462	0.0337671	0.0511739
810	1	0.806678	-0.0526428	0.144747
811	1	0.80699	0.0107435	0.0210969
812	2	0.809819	-0.0287267	0.0134908
813	0	0.810757	-0.00583056	0.000400789
814	0	0.81175	-0.0295105	0.00951188
815	0	0.811972	0.0134834	0.0779147
816	2	0.813001	0.0647761	0.0204075
817	0	0.815254	0.0370078	0.0126354
818	0	0.816661	-0.0390991	0.0131722
819	0	0.816897	-0.0135437	0.0719434
820	0	0.81736	-0.0379242	0.0987881
821	2	0.818181	-0.00689598	0.00938519
822	0	0.818597	-0.0168728	0.0796217
823	2	0.820956	0.034791	0.0108043
824	0	0.822095	-0.00410876	0.142356
825	2	0.823229	0.0830628	0.013906
826	1	0.823457	0.0411592	0.047912
827	0	0.823527	0.0453345	0.076009
828	2	0.824873	-0.0196006	0.0659062
829	1	0.825609	0.047462	0.065061
830	0	0.827603	-0.0627645	0.0428604
831	0	0.827722	0.0786502	0.0161868
832	0	0.829114	0.0244706	0.0213071
833	2	0.830451	0.017965	0.02428
834	2	0.830728	0.047872	0.0515602
835	1	0.831986	0.0361935	0.0396211
836	0	0.832142	-0.0454895	0.0576873
837	0	0.832263	-0.0080713	0.0117868
838	2	0.832956	0.0233396	0.0352318
839	2	0.83333	0.0172235	0.00380138
840	1	0.833658	-0.0674893	0.0171339
841	0	0.837385	0.0452869	0.00519913
842	0	0.840388	0.0116704	0.0192694
843	1	0.840994	0.031631	0.0366052
844	2	0.841746	0.0767329	0.0701397
845	1	0.843925	-0.0210155	0.11854
846	2	0.84414	0.0154984	0.0145424
847	2	0.844266	0.0297672	0.0217457
848	2	0.845756	-0.0473261	0.0410401
849	2	0.845905	-0.0859791	0.0617601
850	2	0.848042	0.0722825	0.0263652
851	0	0.849897	-0.0246458	0.0394367
852	1	0.851394	-0.0628378	0.00125783
853	0	0.851431	0.0247133	0.00427916
854	1	0.851987	-0.024516	0.097636
855	1	0.852428	-0.0160801	0.0185955
856	1	0.852497	0.0334395	0.0307178
857	1	0.854456	0.106769	0.12701
858	1	0.855309	-0.0689402	0.0495893
859	0	0.855449	-0.0304629	0.0186359
860	1	0.857355	0.026235	0.0547948
861	2	0.857996	-0.0126007	0.00682005
862	2	0.858027	-0.0236451	0.0317207
863	2	0.858066	0.011847	0.0195448
864	1	0.859684	0.0974672	0.0231034
865	0	0.863032	-0.0101791	0.0178848
866	0	0.863804	-0.0267701	0.00272509
867	0	0.864599	-0.00713053	0.0744996
868	0	0.865105	0.00945962	0.0422199
869	0	0.865426	-0.0059964	0.0241611
870	2	0.865519	-0.030077	0.000439313
871	0	0.866161	0.022584	0.0365267
872	2	0.866666	-0.0157556	0.106178
873	1	0.867456	-0.0809049	0.082516
874	2	0.869448	0.0720702	0.0494459
875	2	0.870085	-0.0321151	0.0178906
876	0	0.872312	-0.0388154	0.0530934
877	1	0.874904	-0.0713874	0.0580161
878	1	0.875747	0.0697007	0.101
879	0	0.8758	0.046521	0.0447185
880	2	0.875811	0.0548468	0.0596567
881	0	0.876193	0.118009	0.0312489
882	1	0.876574	-0.0735985	0.102303
883	0	0.876587	-0.0742298	0.00406797
884	1	0.876727	-0.0154679	0.00540393
885	0	0.878109	0.0372768	0.0251429
886	2	0.880563	0.0274632	0.0114643
887	0	0.881508	0.0155496	0.0851479
888	2	0.882101	-0.0438978	0.0688747
889	0	0.884037	0.0192267	0.084205
890	0	0.884206	0.0408515	0.109141
891	1	0.884556	-0.104794	0.00296179
892	2	0.885108	-0.0192171	0.0162303
893	1	0.88524	0.0186426	0.0695519
894	0	0.885638	0.00683806	0.0327747
895	2	0.887217	0.00692799	0.00100485
896	0	0.887636	-0.13159	0.00858065
897	2	0.888319	-0.0220831	0.0525447
898	0	0.889258	-0.0574704	0.0513874
899	1	0.889466	-0.0272864	0.0322132
900	2	0.892629	0.0294424	0.0604925
901	2	0.892963	-0.0248616	0.00014154
902	2	0.894649	-0.058791	0.0122587
903	2	0.894853	-0.0143735	0.0250009
904	2	0.89627	0.0477918	0.0545435
905	2	0.896446	-0.0550664	0.00612546
906	2	0.897132	-0.0574224	0.0515283
907	1	0.897299	0.0788418	0.0578019
908	2	0.898077	-0.0429748	0.0389643
909	0	0.901079	0.00812805	0.0559202
910	2	0.901468	0.0192654	0.00811662
911	2	0.901868	0.120602	0.0692434
912	2	0.902024	-0.0478908	0.103828
913	1	0.902131	-0.146313	0.0889393
914	0	0.902258	0.140333	0.0194452
915	2	0.90306	-0.0452463	0.0546884
916	2	0.903386	0.0325874	0.00366552
917	2	0.903592	-0.0354451	0.024358
918	1	0.908798	-0.0930318	0.0609322
919	2	0.910349	-0.0373967	0.0420044
920	1	0.912867	0.0391704	0.00622069
921	1	0.913824	-0.100997	0.033892
922	0	0.914165	0.0105165	0.0494695
923	1	0.918693	-0.15448	0.0791996
924	0	0.918728	-0.154049	0.0215983
925	0	0.919444	-0.0282007	0.0211473
926	0	0.920206	0.0078325	0.0491075
927	0	0.921176	-0.0673977	0.0373638
928	0	0.922842	-0.0564241	0.0371854
929	2	0.923325	0.0129491	0.0414017
930	2	0.924281	0.0335754	0.0635203
931	1	0.925428	0.0161915	0.111093
932	0	0.926958	-0.0333152	0.0573989
933	2	0.929648	-0.052289	0.0225515
934	2	0.929897	0.0179078	0.0493736
935	2	0.930043	-0.0805495	0.0724707
936	2	0.930911	0.013079	0.0350673
937	0	0.93138	-0.0360656	0.0676492
938	0	0.931565	-0.0902757	0.040361
939	0	0.932278	0.0229849	0.0268124
940	1	0.933666	0.0281716	0.01439
941	0	0.934113	0.0393381	0.0242058
942	2	0.934595	-0.0183719	0.0461481
943	1	0.934969	-0.0332589	0.0241097
944	2	0.939413	0.0434785	0.0183929
945	1	0.940582	-0.0564166	0.0184956
946	2	0.942491	-0.0388233	0.0460362
947	0	0.942784	-0.0128571	0.102706
948	2	0.943331	-0.0257568	0.0305951
949	2	0.94421	0.0186488	0.011921
950	0	0.94434	0.0186295	0.0298253
951	2	0.944623	0.0185912	0.0490069
952	1	0.944718	0.0292406	0.0867734
953	1	0.946901	0.064304	0.0193809
954	0	0.948198	0.0461013	0.0588881
955	0	0.948388	0.0607714	0.0774038
956	0	0.951467	-0.00778105	0.00523784
957	0	0.954356	0.180889	0.00300146
958	0	0.954973	0.0336761	0.0702715
959	2	0.955036	0.037815	0.0219718
960	0	0.956888	0.0515933	0.00592924
961	1	0.956899	-0.050365	0.0317117
962	2	0.957274	-0.0161596	0.0838479
963	2	0.957933	-0.0491202	0.0201531
964	0	0.958542	-0.0186945	0.0167135
965	2	0.959916	-0.0617962	0.0948624
966	0	0.960606	-0.0479159	0.0484298
967	1	0.961124	-0.141765	0.115022
968	0	0.962527	0.0129918	0.0231959
969	2	0.963176	0.0700755	0.0676249
970	2	0.96453	-0.0292893	0.0016091
971	2	0.965022	-0.0483689	0.0712275
972	0	0.966167	0.0257646	0.0775075
973	0	0.966633	-0.0194942	0.0888954
974	0	0.966663	-0.0227878	0.009595
975	0	0.967312	-0.0176421	0.0379213
976	0	0.968786	-0.10409	0.00644921
977	0	0.97341	-0.0205741	0.00974785
978	1	0.973641	0.0406769	0.0159507
979	2	0.974104	0.0275119	0.0637639
980	0	0.974532	-0.00724593	0.0390717
981	2	0.976172	0.0225541	0.103849
982	0	0.976833	0.0319014	0.0414253
983	2	0.977823	0.0532813	0.0200022
984	1	0.978505	-0.0586035	0.163628
985	1	0.98076	0.0279317	0.191308
986	0	0.980787	0.0681118	0.0378873
987	1	0.984289	0.0644818	0.0988698
988	2	0.984398	-0.0588553	0.0382728
989	0	0.984704	-0.0420005	0.0164946
990	0	0.985683	-0.00709906	0.0430479
991	1	0.986419	-0.0114267	0.0392018
992	0	0.990521	0.0200392	0.0829933
993	2	0.990734	0.0387962	0.0451058
994	2	0.991332	0.0323608	0.0106724
995	0	0.991922	0.0363171	0.00291618
996	1	0.993728	0.126522	0.0286377
997	0	0.99422	0.00697669	0.0102514
998	1	0.997604	0.0765348	0.0765927
999	2	0.998782	-0.0508543	0.0575861
9	918	0.0410308
9	789	-0.0146876
14	639	0.026731
14	224	-0.0258352
14	149	0.0420759
14	194	-0.0301381
14	980	-0.0358492
14	549	0.0180105
15	953	-0.0402057
15	47	-0.026918
15	611	0.0471726
15	274	0.0285206
15	365	0.0608448
15	737	-0.0651786
15	312	0.0416951
15	783	-0.0289929
15	440	-0.0708225
15	375	-0.019709
15	212	0.0391952
16	609	0.0149438
16	134	-0.0213246
16	646	-0.0184481
16	661	0.0153816
16	808	-0.0259749
16	730	-0.0194425
16	333	-0.0166199
16	894	-0.0214515
16	765	-0.0186887
16	865	0.0188217
16	502	0.0165056
16	424	-0.0260681
17	111	0.0462479
17	156	-0.0294577
17	296	0.0526501
17	370	0.0389143
17	891	0.0311083
19	937	-0.0115967
20	991	0.0230973
20	114	-0.0223114
20	93	-0.0380251
20	359	0.025135
20	41	-0.0195735
20	766	-0.0345403
20	80	-0.0335332
20	742	-0.03005
20	781	-0.0246113
21	485	0.0569605
23	260	0.0150144
23	807	0.0273645
23	313	-0.0455575
23	452	-0.0194133
23	932	0.0242763
23	437	-0.0260116
23	621	0.0211272
23	49	-0.0345611
23	480	-0.030072
23	749	0.0248317
23	231	0.0262817
23	373	0.0200069
23	557	0.0206375
30	282	-0.0200368
32	29	-0.0188905
32	333	-0.00915131
32	455	-0.0230249
32	116	0.0381647
37	950	0.0154203
37	131	0.0234507
37	36	0.0259955
37	84	-0.0330134
39	973	0.038042
40	286	0.020348
40	924	0.0230466
41	923	-0.0370627
42	804	-0.0110659
42	976	-0.0221458
42	746	-0.0283346
42	539	0.0379697
42	260	0.0222384
42	66	-0.0152239
42	657	-0.0215657
42	258	0.0353013
42	876	0.0363854
42	330	-0.0193927
42	837	0.0134036
42	714	0.0223497
42	957	-0.0177784
42	36	0.00979828
42	208	-0.0198462
42	320	-0.0431174
42	177	0.0342379
42	765	-0.00877019
42	641	0.0285098
42	818	0.0327896
42	88	0.0163821
44	79	0.0347179
44	922	0.0256164
44	37	-0.023448
44	481	-0.0381453
44	160	0.0242591
44	968	-0.0346747
44	549	0.00858015
44	208	0.039453
44	500	0.0220389
44	625	0.0465755
47	280	-0.0440059
47	615	-0.0695734
47	279	0.0377618
47	576	0.0230994
47	454	0.0444112
47	587	0.033189
49	206	-0.0187861
50	742	0.0245519
51	749	0.0183641
51	796	-0.0398268
51	824	-0.028083
59	379	0.0407164
60	50	0.0429692
66	418	0.0198506
66	536	0.0297573
66	59	-0.0307699
66	600	-0.0248715
66	303	0.0238238
66	36	-0.0502077
69	730	0.0233694
69	428	-0.0249937
74	770	-0.0599216
74	266	-0.0533286
74	858	0.0217064
74	978	-0.0293201
74	276	-0.0283859
74	622	0.0765906
76	720	-0.0246201
76	372	0.0402386
79	308	-0.0248003
79	330	0.0279441
79	206	0.029836
79	51	0.0110998
86	296	-0.0237263
86	607	-0.0114854
93	858	-0.0427732
93	952	-0.029673
93	138	-0.0568552
93	386	0.0220507
95	272	0.0281393
103	210	0.0300269
111	840	-0.0149574
111	402	0.0296584
114	682	-0.0380633
114	637	-0.0417613
114	460	0.0361819
114	984	0.0228497
114	877	-0.0522285
119	630	0.0635719
127	856	-0.0379857
127	943	-0.0213003
127	762	0.0530598
127	603	0.0330534
127	669	-0.0348527
127	648	0.0245503
127	281	-0.0358212
127	15	-0.0661369
127	467	-0.0616249
127	47	-0.0356296
127	611	-0.0337282
127	280	0.0274058
127	656	-0.0786912
127	114	-0.0309924
127	562	-0.0303842
127	314	-0.0423798
127	987	-0.0388878
127	74	-0.0201403
127	447	0.0275465
127	843	-0.0087444
127	569	0.0861675
127	770	0.0818212
127	435	-0.0252976
127	504	0.0357117
127	630	0.0405527
127	302	0.0257449
127	637	0.0382496
127	840	0.0296861
127	490	-0.0368948
127	50	-0.0518602
127	788	-0.0533152
127	440	-0.0666014
127	614	0.0386305
127	143	-0.0279074
127	8	-0.0490174
127	167	0.0115577
127	461	-0.0890223
130	150	0.0271523
131	53	0.0484198
131	287	-0.00981105
131	384	-0.0273495
132	595	0.0553953
132	460	0.0581947
133	150	-0.0305936
134	814	-0.0486542
134	601	-0.024257
134	258	0.00822581
134	385	-0.0408443
134	526	0.0428605
134	691	-0.0268992
134	293	0.0330603
134	958	0.0276275
134	429	-0.0216944
134	406	0.0162693
141	857	0.0388137
146	362	-0.0213873
146	832	-0.0435245
149	772	0.0191143
149	879	0.0211084
152	447	-0.0284463
152	359	-0.0232686
152	882	0.038279
152	358	0.026233
152	607	-0.05133
152	108	0.0435204
152	463	-0.029004
153	871	0.0244748
156	781	0.0192475
158	730	0.0585799
158	166	-0.0389928
160	612	-0.0131829
162	59	0.0476635
162	719	0.0176778
162	102	-0.0370152
162	675	-0.0211686
162	405	-0.0106348
164	867	0.0255565
164	437	0.0105878
164	775	-0.0185705
164	425	-0.0287365
164	712	0.018619
170	613	0.0353361
170	34	0.0326147
170	508	-0.0343962
170	997	0.0479249
175	76	-0.0223871
175	295	-0.0262455
176	90	0.0372984
176	265	-0.0424874
181	752	0.0214134
185	192	-0.0229249
185	775	-0.0291887
185	55	0.0272258
185	406	-0.0177161
187	977	0.0438264
187	350	-0.0259098
187	822	-0.0520021
189	9	-0.0353006
189	489	-0.0186643
189	637	0.0536383
191	472	0.020677
191	734	-0.0235139
191	968	-0.0297606
191	333	0.00641095
191	238	-0.0273258
192	773	0.0338108
192	427	0.040577
192	129	-0.0519765
195	783	-0.0198164
197	681	0.0176559
197	367	0.0330348
197	567	0.0269912
197	267	0.0266139
205	29	0.030373
208	10	-0.0135714
210	869	-0.0200019
211	811	-0.016232
217	991	0.0746243
217	280	-0.0542635
217	152	-0.0247417
217	562	-0.0263042
217	365	0.0223017
217	342	0.0419763
217	845	-0.0463493
217	128	-0.0621869
217	343	-0.0342005
227	650	0.0218497
227	503	-0.0297566
227	539	-0.0421432
227	23	0.0165811
227	16	-0.0279936
227	323	0.0258121
227	313	0.0278475
227	452	0.0503904
227	925	0.0314409
227	926	0.025027
227	610	0.0262189
227	755	-0.0369765
227	133	-0.048288
227	30	0.0242655
227	39	-0.0148087
227	282	-0.0322392
227	645	0.023904
227	474	-0.0203097
227	146	-0.0217687
227	754	-0.0222276
227	890	0.0315521
227	414	-0.0612307
227	580	-0.0302059
227	327	-0.0261123
227	871	-0.0430118
227	559	0.0449025
227	725	0.0327447
227	675	-0.032905
227	960	0.0330239
227	836	-0.0187265
227	232	0.040497
229	227	0.0673796
229	650	-0.0345975
229	254	-0.0289567
229	664	-0.0261703
229	804	-0.0358105
229	746	-0.0354408
229	703	0.019878
229	23	0.0106088
229	609	0.0219179
229	450	0.0382854
229	323	-0.0409654
229	498	0.0220369
229	14	-0.027766
229	635	0.0238134
229	639	0.0260926
229	325	-0.0306522
229	649	-0.0400908
229	456	0.0393093
229	258	0.044863
229	187	-0.0168843
229	922	-0.0327527
229	308	0.0427912
229	526	-0.0181586
229	859	-0.0227757
229	853	-0.0170781
229	433	-0.0167822
229	613	-0.0334049
229	584	0.0405386
229	40	-0.0174504
229	977	0.0172272
229	158	0.0346248
229	39	-0.0437248
229	130	-0.0253983
229	822	0.0273977
229	235	0.0387311
229	534	-0.0142255
229	726	0.032173
229	733	0.032089
229	166	-0.0195066
229	368	-0.0308804
229	673	0.0213625
229	772	-0.0113362
229	567	0.0403129
229	796	0.0233435
229	309	-0.0140446
229	310	-0.0166049
229	939	-0.0151733
235	11	-0.0336713
235	356	0.0162109
239	133	0.0361549
239	556	-0.0267747
242	734	0.0198145
242	773	-0.0228532
242	396	-0.0126746
242	815	-0.0300501
244	467	0.0223705
244	217	-0.0681873
244	991	0.0472398
244	744	-0.0127506
244	407	-0.0721148
244	961	-0.0173623
244	630	-0.0332064
244	873	-0.0371054
244	296	-0.0599632
244	789	-0.0512398
244	56	-0.0414652
244	978	0.0219945
244	750	-0.0256879
244	697	-0.0317454
246	975	-0.0167109
246	481	-0.0136527
246	529	-0.0141717
246	866	0.035904
246	171	-0.0201505
251	945	-0.034284
251	771	-0.0383277
251	829	-0.0253482
254	976	-0.0298383
254	539	-0.0214718
254	16	-0.0255192
254	44	-0.0389613
254	66	0.0281354
254	246	-0.0383438
254	277	-0.0318551
254	657	0.0440854
254	258	0.0167242
254	385	0.0127232
254	162	-0.0434652
254	853	-0.0354187
254	319	-0.0248085
254	40	0.0507543
254	808	-0.0147282
254	586	-0.0639245
254	525	0.0469851
254	154	-0.0437844
254	531	-0.0136359
254	67	0.0251169
254	598	0.0298686
258	922	-0.0307203
258	748	-0.0247664
258	594	0.0504708
259	736	-0.0132242
260	44	-0.0880287
260	639	0.0213271
260	456	-0.0461689
260	859	-0.0519393
260	876	-0.0177965
260	799	-0.0175103
260	225	-0.0260287
260	868	-0.0463617
260	528	0.0241322
266	665	0.0292677
266	893	-0.0585326
274	132	-0.0293396
274	60	0.0116899
274	56	-0.0730021
275	390	-0.0528189
275	433	-0.0377686
275	560	0.0762511
275	130	-0.017023
275	177	0.00932411
277	932	-0.0277493
277	388	-0.0189578
277	406	-0.0355933
277	754	0.0288394
277	674	-0.0135924
279	882	0.0139545
280	274	-0.0216687
280	920	0.0450717
280	454	-0.0270821
280	354	0.0366833
280	761	-0.0279611
281	611	0.0354373
281	562	0.029656
281	589	-0.0818722
281	985	0.0325586
281	111	-0.0740352
281	226	-0.0101501
281	632	-0.0528529
281	652	0.0677888
281	297	0.0174483
282	546	0.0212318
286	738	-0.0110008
293	224	-0.0232273
293	160	-0.0479727
303	81	-0.0256145
308	131	-0.0320358
308	941	0.0303967
313	639	-0.0260525
313	977	0.0304377
313	822	0.0348589
313	303	-0.0281474
313	420	-0.0265081
313	763	-0.0297223
313	636	-0.0179107
313	362	0.0398145
313	171	-0.0120209
314	74	0.0265117
314	826	-0.0353242
314	497	0.0462062
314	226	0.0521758
314	298	0.0418982
319	59	0.0310825
319	40	-0.0389285
323	956	0.0306599
323	925	0.0183269
323	932	0.00910344
323	691	-0.0186597
323	40	0.0133933
323	55	-0.0238887
323	980	0.0381743
323	326	0.0380806
325	544	0.0194102
325	259	0.0671531
325	890	-0.0483847
325	483	0.0210479
325	486	0.0250079
325	273	-0.0294763
330	719	0.0258498
342	860	-0.0954943
346	165	-0.0444454
346	2	-0.0357338
350	830	0.0499026
351	456	-0.028905
351	192	0.0378129
351	239	-0.0198362
351	681	0.0279453
351	534	-0.0120731
351	554	0.0328933
357	569	0.0162583
357	9	0.0507353
357	41	0.0136652
357	441	-0.0134603
357	141	0.029957
357	195	-0.0257355
357	891	-0.0338836
359	878	0.0340307
359	864	0.0360309
365	302	-0.0619591
365	135	0.0320475
371	972	0.0346166
371	185	-0.0248836
371	59	0.0122073
371	958	0.0262443
371	914	0.0316534
372	171	-0.0286497
379	954	0.033483
379	824	0.0148048
379	851	-0.0315909
381	392	0.0564144
381	503	-0.0214459
381	703	0.0317655
381	260	-0.02326
381	926	-0.0176632
381	649	0.0120138
381	187	-0.00985085
381	544	0.0270822
381	808	-0.0155808
381	286	-0.028642
381	480	0.0222185
381	396	0.038912
381	726	0.0405235
381	11	0.0423478
381	914	0.0187563
381	344	0.0209004
381	414	-0.0610518
381	868	-0.0562366
383	799	0.0549756
383	158	-0.0530266
385	350	0.0276598
385	181	-0.0138164
385	636	-0.0212618
385	67	-0.0178749
385	38	-0.0534146
388	564	0.0430592
388	578	0.0102027
389	621	0.0318379
390	53	-0.0334377
390	572	-0.0162797
390	990	-0.0328635
392	976	-0.0301738
392	436	0.0483392
392	466	-0.0123096
392	956	0.04479
392	351	-0.0232319
392	191	-0.0276469
392	584	-0.0323698
392	103	-0.0384519
392	95	0.0268109
392	173	0.00540031
392	549	-0.03148
392	580	-0.0352993
392	879	0.0144379
392	674	-0.0140162
392	443	0.0318339
399	854	-0.0272967
404	829	0.0419051
404	607	-0.0685184
407	632	-0.0301379
407	297	0.101301
407	245	-0.0205995
416	672	0.0146195
418	308	-0.0297245
418	259	0.036531
418	707	0.0462863
418	102	0.0270174
418	225	0.0283279
420	806	-0.0364917
428	150	0.0367555
428	137	-0.030268
429	982	-0.0211043
433	149	-0.0432359
433	736	0.0208001
434	467	-0.0129559
434	953	-0.0372084
434	17	0.0202066
434	987	-0.0730671
434	682	0.0307424
434	399	0.0338995
434	771	0.0168261
434	358	-0.0267142
434	342	-0.0416638
434	783	-0.034008
434	354	-0.0513913
434	321	0.0389367
435	132	0.0402698
435	41	0.0336238
435	652	-0.0412315
435	454	-0.0141506
435	599	0.0234214
436	462	-0.0196641
436	323	-0.0288695
436	275	0.048314
436	792	-0.0291746
436	954	-0.0261564
436	286	0.0472183
436	49	-0.0282346
436	29	0.0380317
436	64	0.0189076
436	457	0.0210402
436	641	0.0298128
436	553	0.02051
436	643	0.0250931
437	431	-0.0596671
437	869	-0.0174709
441	128	-0.0673837
447	843	0.0171467
447	770	0.0704233
447	497	-0.0203874
447	165	0.0407803
447	0	0.0536675
450	351	0.0254899
450	433	-0.0301628
450	691	0.00693354
450	950	-0.0133679
450	131	-0.0222816
450	534	-0.0362931
450	64	-0.0498887
450	672	0.0349218
450	554	-0.0308166
450	725	-0.0251112
452	325	0.0177083
452	162	0.0400065
452	389	0.0461982
452	621	0.0234894
452	806	-0.022543
452	986	0.00936462
452	78	0.0356721
456	160	0.0311636
456	556	0.0356966
456	683	-0.0432169
459	568	-0.0613208
462	351	0.0282355
462	456	0.0244456
462	719	0.0219184
462	133	0.0325408
462	954	-0.0216819
462	130	-0.0425556
462	957	0.0166583
462	431	-0.0270009
462	388	0.0243867
462	38	-0.0190699
466	371	-0.0282396
466	932	-0.0411895
466	472	0.0373476
466	973	-0.0541121
466	927	0.0272291
466	958	0.0424906
466	754	0.0206184
466	10	-0.0359556
467	47	0.0428802
467	855	0.0643364
467	637	0.028943
467	590	-0.0961742
467	783	-0.0721508
467	60	0.0326996
467	978	0.0456696
472	924	0.0286046
474	763	-0.0270683
480	368	0.063706
481	344	-0.0184745
481	586	-0.0368637
489	93	0.0280336
489	899	-0.104972
489	652	0.0482827
490	996	0.0482766
497	630	-0.0965789
497	370	0.038543
497	624	0.0265303
498	242	0.00970311
498	604	-0.017829
498	730	0.0508602
498	103	0.0270052
498	538	0.0183826
498	666	0.0427226
498	429	-0.00913655
498	866	-0.0203795
498	573	-0.0144288
498	550	0.0374018
503	746	0.0509873
503	609	-0.0314009
503	956	0.0356407
503	246	-0.0187522
503	922	0.0280185
503	239	0.0376121
503	437	-0.0149431
503	206	-0.0232328
503	55	-0.0259544
503	205	-0.0337353
503	980	-0.0231427
503	295	-0.00740757
503	173	0.0218247
503	129	-0.0476226
503	602	-0.0133413
504	882	0.074148
504	312	0.0125033
515	42	-0.0235861
515	976	-0.0445085
515	746	-0.0271121
515	926	-0.0487368
515	601	0.0481541
515	325	-0.0389461
515	649	0.0257013
515	972	0.0253498
515	620	0.022925
515	187	-0.0212135
515	185	-0.0369074
515	613	-0.0302443
515	383	0.0425348
515	69	-0.0222598
515	529	0.0225141
515	927	-0.0392074
515	181	0.0327488
515	841	-0.030121
515	551	-0.0270188
515	881	-0.0260929
515	153	-0.0194569
515	964	0.055091
515	57	0.0388271
516	226	-0.0267604
516	145	0.022332
523	795	-0.0184483
523	384	0.0170263
526	133	0.0462005
526	968	0.0572661
526	830	-0.0226081
536	49	0.022132
536	937	0.0356971
536	137	-0.0122788
536	532	0.0346475
539	23	-0.0488563
539	635	-0.0400652
539	371	-0.0388921
539	275	-0.030625
539	390	0.0115851
539	472	-0.0168672
539	523	-0.0304974
539	273	-0.0395985
544	383	0.0339312
544	736	-0.0461831
544	586	0.0233411
546	154	0.0310925
560	282	-0.0150699
560	666	0.0200224
562	987	-0.0957717
562	589	0.0378876
562	918	-0.0215482
569	770	-0.0245421
569	590	-0.0728482
569	135	-0.0467507
569	996	0.0937028
576	829	-0.10519
581	611	0.0396666
581	642	0.0253899
581	280	-0.0243733
581	152	0.0633775
581	447	-0.0534255
581	744	0.0203444
581	826	0.0457807
581	504	0.0158389
581	873	-0.0519606
581	835	0.083571
581	913	-0.0295138
584	723	-0.0210678
589	616	-0.0192944
589	56	0.0628175
589	245	-0.0318508
589	161	-0.0355901
590	12	0.0208626
595	298	-0.0506071
600	19	-0.00725699
600	53	-0.0274512
600	720	0.0308236
600	218	-0.0239636
601	529	-0.0112102
601	898	0.00909021
601	636	-0.0218184
601	612	0.0356943
601	625	-0.0131862
603	810	0.0180026
603	467	0.0484908
603	20	0.0497379
603	660	-0.0631026
603	280	0.0163483
603	314	0.100453
603	189	-0.0409376
603	843	-0.055509
603	504	0.0261931
603	489	0.0395522
603	251	-0.0409844
603	616	0.0419204
603	86	-0.0323877
603	156	-0.0529599
603	312	0.0261592
603	12	0.0757352
603	845	0.0259763
603	469	0.0163997
603	108	-0.0181408
604	259	0.0586811
604	733	-0.0301505
604	841	-0.00905473
604	373	0.0339733
609	313	0.0202308
609	655	-0.029013
609	975	-0.0420287
609	224	0.0315446
609	459	-0.0308062
609	564	-0.0409708
609	362	0.0131155
609	348	0.029531
609	738	0.0361999
609	579	0.0381057
610	620	-0.0329307
610	867	-0.0375908
610	556	-0.0192159
610	534	-0.0178608
610	629	-0.0219798
610	84	0.0459249
611	357	-0.0623665
611	274	-0.0361152
611	682	0.0303431
611	279	0.0401679
611	771	-0.0403149
611	873	-0.0214512
613	968	-0.00601352
613	19	0.0245659
613	898	0.032256
615	504	-0.0244006
615	918	-0.0333931
615	247	0.0191829
615	315	-0.0410224
615	488	-0.0330713
616	298	-0.0360119
616	592	-0.0347043
620	472	0.0188631
620	39	0.0203294
620	666	0.0190329
620	782	-0.0485812
620	964	0.0213495
630	315	0.0292942
631	521	0.0227167
633	229	-0.0320651
633	227	0.0279246
633	650	0.0310088
633	42	0.030933
633	254	-0.0342184
633	664	-0.0235373
633	381	-0.0158609
633	503	-0.0198214
633	703	0.0274745
633	539	-0.048314
633	16	-0.0218072
633	260	0.0352735
633	462	-0.0421681
633	450	-0.0700537
633	134	-0.0315306
633	466	0.0166608
633	14	0.0331446
633	814	-0.0398224
633	768	-0.0309208
633	452	0.0294726
633	774	-0.0283362
633	925	0.0456784
633	926	-0.0144033
633	646	0.0208019
633	164	-0.018057
633	536	-0.0350068
633	79	0.0351942
633	192	-0.0101875
633	859	0.0279781
633	170	0.0252616
633	330	0.0229988
633	319	-0.0160622
633	239	0.0255106
633	224	0.0523198
633	790	-0.019843
633	813	0.017507
633	416	-0.0578841
633	992	-0.0667486
633	30	0.0290623
633	39	-0.0180821
633	130	0.0374743
633	645	0.0219388
633	775	-0.025691
633	420	-0.0226837
633	631	0.0365953
633	538	-0.0227137
633	173	-0.0361259
633	372	0.0182851
633	102	-0.0250192
633	941	0.0285367
633	550	0.0445239
633	327	-0.031021
633	218	0.0170674
633	68	0.0227397
633	451	-0.0253299
634	660	-0.130944
634	47	0.0183307
634	611	-0.0294946
634	189	0.0561846
634	682	-0.0387083
634	961	0.0319506
634	279	-0.0233132
634	665	0.0520127
634	878	0.0414674
634	587	-0.0583046
634	493	0.0284981
634	984	-0.0542193
635	639	0.0341707
635	853	0.0139914
635	319	-0.0259247
635	817	-0.015792
635	560	0.0315847
635	950	0.0277143
639	556	0.0658671
639	146	0.019644
639	941	-0.0219385
642	17	-0.0313329
642	855	-0.0552751
642	562	0.0565674
642	843	-0.0557254
642	985	-0.0495427
642	920	-0.0550342
642	132	0.0555863
642	967	0.0411529
642	143	0.0373373
642	380	-0.07132
645	763	-0.0281698
645	521	-0.0344821
646	691	-0.0193816
646	808	0.0418223
646	721	0.0145713
646	235	-0.0318452
646	692	0.0291103
646	309	0.0292259
648	562	0.0404963
648	985	-0.0377564
648	569	0.0600619
648	266	0.0549606
648	595	0.026856
648	90	0.0271389
648	460	-0.0308603
648	211	0.0498308
648	552	0.0366493
648	614	-0.0334585
649	604	0.0302695
649	210	-0.0290037
649	349	-0.0226775
650	381	0.0212276
650	896	-0.0250269
650	466	-0.0445554
650	925	0.0353904
650	79	-0.0119226
650	192	-0.0243431
650	734	0.0132358
650	293	0.0470389
650	813	-0.0134094
650	383	0.0414123
650	160	0.0188646
650	707	-0.10503
650	379	-0.0297873
650	924	0.0216733
650	830	-0.00856979
650	914	-0.0257268
650	525	0.0167264
650	326	0.0465405
650	331	-0.010155
650	287	-0.0533759
650	136	0.011144
650	995	-0.0232811
655	560	0.0532346
655	989	-0.0414789
655	194	0.0189336
655	177	-0.0342139
655	928	-0.0421692
655	139	0.0191783
655	530	-0.0606118
656	716	-0.06734
656	9	0.0640659
656	497	0.0477202
656	595	0.0187869
656	90	-0.0428659
656	296	0.031984
657	472	0.0208114
657	531	-0.0340419
660	47	0.0302821
660	987	-0.0593209
660	744	0.0563377
660	407	-0.0215826
660	346	-0.0331731
660	279	0.0452326
660	302	0.0350964
660	858	-0.0383262
660	857	-0.0176405
660	750	-0.0507831
661	977	0.0136872
661	773	0.0209192
661	55	-0.0295579
664	392	0.015318
664	807	-0.0709508
664	44	-0.0253036
664	14	-0.0214885
664	814	0.0185749
664	635	-0.0125965
664	657	0.0295347
664	661	0.03468
664	187	-0.0113582
664	932	0.0259259
664	330	-0.0200849
664	584	0.00554621
664	259	-0.0545936
664	149	0.0188189
664	968	0.030464
664	775	-0.0313401
664	459	0.00926972
664	546	-0.0472715
664	631	-0.0215933
664	819	0.0387124
664	960	-0.0353363
664	457	-0.0260646
665	247	-0.0618916
669	648	-0.0551866
669	581	-0.0755655
669	189	-0.0301131
669	589	-0.0183497
669	359	-0.0396593
669	346	0.0320216
669	119	0.0618353
669	665	-0.0215796
669	12	0.0262286
669	298	0.0571528
669	845	0.0278329
669	213	-0.0449594
669	921	-0.0409647
672	331	0.0163457
682	195	0.096968
682	587	-0.0309467
703	539	-0.0358908
703	639	-0.024286
703	649	0.0296526
703	277	0.0398712
703	308	0.0413989
703	560	-0.0214186
703	197	0.0350394
703	69	0.0471113
703	973	-0.042279
703	428	0.0281469
703	420	0.0175028
703	612	0.0205425
707	721	-0.0146963
707	736	-0.0355411
714	194	0.0251162
716	399	0.0323991
716	516	0.0107834
716	302	-0.0295643
716	312	-0.0686923
716	493	-0.0217379
719	224	0.0398828
719	241	0.0334319
726	869	-0.0173209
730	328	-0.0321896
734	529	-0.0331462
734	890	-0.0684881
734	34	-0.0427816
737	399	0.0886458
737	358	0.0504317
737	306	0.0173599
744	189	-0.0209159
744	826	0.0467757
744	854	0.01653
744	952	-0.0421547
744	811	0.0389395
746	703	0.0235474
746	539	-0.0252545
746	956	0.0165562
746	536	-0.0409561
746	308	0.0312939
746	604	-0.0411832
746	989	-0.0213795
746	790	-0.0275196
746	954	0.0394991
746	733	0.024434
746	240	-0.0115013
746	559	0.0325772
748	241	0.0212019
755	975	0.0443029
755	303	-0.0172532
755	681	0.0209142
762	810	-0.0187627
762	669	0.0320226
762	648	-0.0288916
762	47	0.0503312
762	17	-0.0474044
762	114	-0.0738784
762	987	0.031233
762	189	0.014918
762	737	0.0364972
762	489	-0.0587182
762	346	0.0758169
762	247	-0.053061
762	176	0.0482682
762	771	0.0730238
762	141	0.0432147
762	404	-0.00912583
762	135	0.0422141
762	907	-0.0370667
762	690	0.0561238
762	860	-0.024049
768	657	-0.0215779
768	975	0.0617028
768	389	0.0146079
768	30	-0.0181634
768	295	-0.0426357
768	573	0.0303948
768	602	-0.0197963
768	75	0.0205884
770	918	-0.020065
770	407	0.0330413
770	41	0.034434
774	601	0.0475183
774	456	-0.059908
774	79	0.0206201
774	293	0.0289919
774	792	-0.0369527
774	30	-0.0396583
774	898	-0.0173998
774	425	0.0130317
782	500	-0.0303174
790	350	-0.0378525
790	326	0.0437453
792	714	0.034523
794	618	0.0198506
799	551	0.0114219
799	564	0.0180024
804	601	-0.0375317
804	418	0.0321556
804	164	-0.0885805
804	390	-0.0765728
804	853	-0.0108447
804	544	-0.028321
804	59	-0.0255102
804	19	0.0383143
804	175	0.0322703
804	927	0.0213942
804	480	-0.0466346
804	782	-0.0410239
804	231	0.0330207
804	486	0.0328523
804	966	0.0422277
804	909	-0.0506265
804	292	-0.0309372
806	154	0.0261989
807	774	0.0207738
807	418	0.0541196
807	972	0.0153485
807	191	-0.0119033
807	242	-0.0308964
807	755	-0.0362407
807	584	-0.0260437
807	714	-0.0237748
807	673	0.0192779
807	21	0.0266221
810	669	0.0151794
810	281	0.0437183
810	826	-0.0197949
810	9	0.0556754
810	918	-0.0543101
810	251	-0.0114411
810	266	0.0166677
810	226	-0.0531836
810	141	-0.0454648
810	690	-0.0448286
810	297	-0.0280468
810	80	0.0453782
810	469	-0.0386073
810	688	-0.0561723
810	476	-0.04594
813	621	0.014934
813	721	-0.0260947
813	937	-0.022558
814	418	-0.0323147
814	164	0.0173283
814	989	0.0190898
814	681	-0.0285168
814	538	-0.0261953
814	748	-0.0212607
817	792	0.0242129
817	344	0.0284975
817	500	0.0166479
817	348	-0.00856155
822	474	-0.0310408
826	86	-0.0380617
826	315	-0.0582732
826	940	0.0838712
837	286	-0.0160121
837	525	-0.0107616
840	860	-0.0258776
843	441	-0.0348787
843	12	-0.026184
843	624	-0.0492414
853	724	0.027202
854	884	0.0624734
855	365	-0.0473022
855	111	0.0455088
855	119	0.0408445
855	907	0.0295345
855	788	0.0655438
855	213	0.0335477
856	762	-0.0208808
856	603	0.0318582
856	810	-0.0246335
856	281	0.0294801
856	434	0.044265
856	15	-0.0214998
856	467	0.0344988
856	20	-0.0406391
856	634	0.0529732
856	991	-0.0328325
856	357	0.0538641
856	17	-0.0487225
856	114	-0.0575709
856	314	0.040757
856	716	-0.03517
856	920	-0.0485626
856	504	0.0143436
856	918	-0.0211767
856	899	-0.0100722
856	516	-0.0324969
856	460	-0.0473502
856	873	0.0514889
856	138	0.0413333
856	354	0.039094
856	923	0.046586
856	967	0.0282651
856	931	-0.040552
857	690	0.0615225
858	840	-0.0398162
859	691	-0.0230874
859	989	0.028106
859	822	-0.0443877
859	947	0.0286654
867	37	0.0314788
867	259	0.0360073
867	11	0.0516244
867	887	0.0202631
876	837	-0.0205614
876	239	0.0316982
876	937	-0.0486291
876	408	-0.0298445
881	272	0.0509207
881	367	-0.0282934
882	878	-0.0359737
884	402	0.0306844
885	633	-0.0459392
885	229	0.0333709
885	889	-0.0175003
885	227	0.0205754
885	650	-0.0366886
885	515	0.024018
885	42	-0.0240629
885	254	0.0210532
885	392	0.0205833
885	503	0.0276632
885	746	0.0202033
885	539	-0.0220977
885	260	0.0268336
885	609	0.0239462
885	462	-0.0186712
885	450	0.0341443
885	466	0.0272444
885	323	-0.0279348
885	498	0.0102635
885	14	0.0205579
885	814	-0.0186526
885	768	0.014775
885	639	-0.021944
885	926	0.0358952
885	972	0.0363426
885	536	-0.0258196
885	620	-0.0448971
885	661	-0.0207626
885	755	-0.0289704
885	390	-0.0506775
885	932	-0.0365211
885	876	-0.0236266
885	853	-0.0258291
885	433	0.018891
885	330	-0.04164
885	32	0.0149571
885	691	0.0181212
885	389	0.0151245
885	197	0.0383845
885	293	0.0191524
885	584	0.0636084
885	224	-0.0298108
885	133	-0.0177053
885	481	0.0334306
885	158	0.0192001
885	416	-0.0233474
885	282	-0.0440693
885	49	0.0468489
885	194	0.0386956
885	459	0.0180392
885	773	-0.0282439
885	631	0.0109264
885	29	0.0316413
885	629	-0.0311908
885	841	-0.0283029
885	749	-0.0225788
885	551	0.0310438
885	241	0.013462
885	153	-0.0165125
885	928	-0.0180919
885	427	0.0423708
885	219	-0.019897
885	139	0.0205421
885	401	0.0204671
885	591	0.0275244
885	336	-0.0184281
889	227	0.0123286
889	515	-0.0389748
889	392	-0.0471812
889	896	0.0247483
889	539	-0.036839
889	462	-0.0340537
889	134	0.0251453
889	14	-0.0429223
889	814	0.0305842
889	635	-0.0295415
889	925	-0.027674
889	646	-0.0326283
889	657	0.0171158
889	185	0.0385968
889	526	0.0342708
889	433	-0.0243409
889	170	-0.0231714
889	319	-0.0297475
889	719	-0.0206793
889	808	-0.0269475
889	416	-0.0131417
889	621	-0.036003
889	714	0.0272382
889	523	-0.0157229
889	76	-0.0180671
889	431	0.0209206
889	205	0.0328569
889	546	-0.0135447
889	396	0.0217587
889	720	0.0114234
889	320	0.0102506
889	692	0.017426
889	455	-0.0240965
889	578	-0.028145
889	508	-0.00767628
889	728	0.0573388
894	982	-0.0285995
896	703	-0.0651412
896	16	0.0450431
896	436	-0.0304023
896	807	0.0250582
896	351	-0.0518502
896	277	-0.021745
896	242	0.0244342
896	526	0.0180838
896	817	-0.0137918
896	32	0.0267387
896	837	-0.051898
896	792	-0.027258
896	790	-0.0399658
896	538	-0.0306647
896	752	0.0105867
896	947	0.034901
896	585	0.0132239
899	441	0.0241087
899	156	-0.0232974
899	370	0.031728
907	750	0.0439856
918	595	0.0407763
920	359	-0.0281246
920	854	0.0341555
920	811	-0.039834
920	138	-0.0580828
922	389	-0.0570716
922	205	0.0545532
922	794	-0.0297479
924	898	-0.0180826
925	649	0.0272611
925	206	0.0375649
925	368	-0.042258
925	331	0.0301052
926	371	0.0154381
926	799	-0.025785
926	166	0.0176243
926	795	-0.026634
927	320	0.0132221
932	752	0.0388255
943	648	0.0313543
943	281	0.0133636
943	467	0.0505518
943	20	-0.0510705
943	660	-0.0562512
943	656	-0.0627585
943	855	-0.0149636
943	274	0.0264726
943	365	-0.0214725
943	737	0.0464102
943	399	-0.0476018
943	854	0.0206044
943	961	0.0380783
943	119	-0.0647618
943	882	0.0302046
943	358	0.0518581
943	590	0.0273639
943	789	0.0728537
943	766	0.0168743
943	552	-0.0291156
943	376	0.0391426
943	26	0.0726373
945	404	0.0147797
945	632	-0.115611
950	64	-0.0322983
950	928	-0.0306073
950	572	-0.0289869
953	20	0.0459074
953	656	0.0303059
953	615	-0.0230719
953	119	0.0134325
953	247	-0.0123596
953	945	-0.0546758
953	342	-0.0271868
953	195	-0.0695762
953	632	-0.0311978
953	211	-0.0493315
953	547	0.0171224
954	974	0.0234196
956	610	0.00892648
956	755	0.0515525
956	792	0.0191049
956	69	0.0142948
956	350	0.0258525
956	529	0.0252097
956	175	0.0236578
957	474	0.0180406
957	483	0.0204896
961	176	-0.0860454
961	835	0.0371505
972	837	-0.033691
972	629	-0.0264246
972	219	-0.045439
972	724	0.0254378
973	150	0.0848081
975	853	-0.0278902
975	389	0.0375642
975	416	0.0531877
976	925	0.0348213
976	66	0.0182865
976	610	-0.035007
976	246	-0.0279166
976	661	0.0251772
976	707	-0.0356449
976	973	0.0318572
976	721	0.0296072
976	431	-0.0145704
976	231	-0.0162259
976	866	-0.0487455
976	240	-0.023919
976	819	-0.0406545
976	151	0.0401133
977	285	0.0123088
980	348	-0.0488268
985	435	0.0611405
985	90	0.028497
985	576	-0.0289793
985	161	0.042611
987	399	0.0194484
987	952	-0.0220597
987	490	0.0286562
989	53	-0.0348983
989	709	-0.0186999
990	405	0.0440608
991	9	0.0521167
991	665	0.0216712
991	878	-0.0323409
991	135	0.0471446
991	245	0.015338
991	126	-0.029447
992	721	0.030342
992	396	0.0158372
992	103	0.0416162
992	95	-0.0208618
