400
200
400
1000
500
3
0.333333	0.666667	
0	1	0.0017117	0.074451	0.0417516
1	2	0.00228007	0.0774434	0.00390829
2	0	0.00260071	0.0634812	0.072851
3	1	0.0033801	0.17	0.000712325
4	1	0.00408604	0.0520514	0.0771037
5	2	0.0045977	0.0511396	0.0182476
6	0	0.00464564	-0.0224074	0.125477
7	0	0.00701999	0.0376389	0.0543231
8	0	0.00919951	-0.0149044	0.0989343
9	2	0.0106002	0.0237568	0.0684387
10	0	0.0110538	-0.03582	0.0563371
11	0	0.011347	-0.107634	0.0124257
12	0	0.0113877	0.0366742	0.0399644
13	0	0.0113958	0.0377966	0.0085581
14	1	0.0121647	-0.0446751	0.0322607
15	2	0.012293	-0.0500741	0.0372039
16	0	0.0123513	0.0497688	0.0279042
17	0	0.0125661	-0.0264461	0.00993143
18	0	0.0135085	0.0239257	0.0783597
19	1	0.014248	0.0682144	0.00496581
20	0	0.0149358	-0.0130891	0.0185996
21	1	0.0156538	-0.0396607	0.113273
22	2	0.0162547	0.0779561	0.0199055
23	1	0.0166979	-0.123864	0.055479
24	2	0.0180496	-0.099449	0.00918909
25	2	0.0182798	-0.0493937	0.00340601
26	0	0.0233425	-0.0366073	0.0969111
27	2	0.0245186	-0.0548195	0.0693464
28	2	0.0257606	0.0217087	0.0311053
29	0	0.026481	-0.0556707	0.0497508
30	0	0.0267294	0.0135031	0.0165727
31	0	0.0273346	-0.0651701	0.0733504
32	0	0.0286807	0.00667183	0.0262169
33	1	0.029957	0.0577246	0.157876
34	0	0.0311748	-0.0101199	0.0532305
35	0	0.0335639	-0.0701236	0.0628447
36	1	0.0335974	0.142165	0.15254
37	0	0.0348906	0.0132125	0.0158217
38	0	0.0354409	0.0634157	0.0433895
39	2	0.0357617	0.0536724	0.0246632
40	2	0.0358438	0.0299303	0.0250987
41	2	0.0378702	0.0199033	0.0745661
42	0	0.0391773	-0.0727338	0.00730312
43	2	0.039532	-0.119726	0.0312521
44	2	0.0396099	0.0615344	0.0204351
45	0	0.0397489	-0.0232522	0.0148513
46	0	0.0443697	0.0870512	0.0158243
47	2	0.0443838	0.0249681	0.0960987
48	2	0.0449501	0.0614915	0.0211006
49	1	0.0475451	0.0503466	0.0420915
50	2	0.0476145	-0.0420773	0.0225951
51	1	0.0478705	0.0626028	0.00220216
52	1	0.0491484	0.0594027	0.00493845
53	0	0.0492189	-0.058324	0.0185588
54	0	0.0493536	0.0264879	0.0018181
55	0	0.0509104	-0.0717022	0.0884472
56	1	0.0517089	-0.0746237	0.00244014
57	1	0.0521908	-0.0678619	0.0361837
58	1	0.053568	0.0735656	0.0985053
59	0	0.0536003	0.02682	0.086911
60	2	0.0536075	0.00797302	0.0126264
61	1	0.0585464	0.0389237	0.0556567
62	2	0.0595554	-0.0250879	0.0573143
63	1	0.0618017	-0.0882154	0.0389268
64	0	0.0628145	0.0332178	0.0123947
65	1	0.0637759	0.022586	0.160391
66	0	0.0637759	0.0262909	0.0330899
67	2	0.0637856	-0.0177788	0.0180354
68	2	0.0647052	0.0536508	0.0207109
69	0	0.0665548	-0.0631395	0.0191008
70	2	0.0665887	-0.00849053	0.0240128
71	0	0.0719852	-0.0270058	0.0225283
72	2	0.072202	-0.0328496	0.0122622
73	2	0.0740278	-0.0794624	0.110733
74	2	0.0741815	0.106859	0.0302456
75	0	0.0779009	0.0815319	0.0268278
76	1	0.0791945	0.0178861	0.0361243
77	1	0.0817169	-0.0810352	0.0241137
78	2	0.0839885	-0.0593348	0.00801401
79	2	0.0852083	-0.036748	0.00267529
80	2	0.0852729	0.10082	0.0463125
81	0	0.085589	0.00842145	0.0492211
82	0	0.0893055	0.0712697	0.0666637
83	0	0.0900865	-0.0193793	0.00604791
84	2	0.0913318	0.0408247	0.0663765
85	2	0.0924046	0.0167253	0.0255281
86	1	0.0932408	-0.0653505	0.031934
87	2	0.0940915	0.00838661	0.0349499
88	1	0.0947893	0.0384618	0.0529751
89	0	0.0949157	0.00545948	0.00609992
90	2	0.0951198	0.0169234	0.0483797
91	2	0.0971899	-0.0423476	0.0457703
92	2	0.09756	0.0490683	0.109936
93	0	0.0989425	0.00476829	0.0870741
94	1	0.100597	0.0240874	0.0363053
95	1	0.101052	0.154415	0.00373177
96	0	0.10205	0.0792092	0.0221424
97	2	0.102428	-0.0466245	0.0525509
98	0	0.103229	0.0355972	0.0533265
99	2	0.103861	-0.00994045	0.0605757
100	0	0.10452	0.0223404	0.00108807
101	1	0.106421	-0.00806481	0.0506071
102	1	0.106554	-0.0912575	0.02076
103	2	0.107581	-0.0390413	0.00442489
104	2	0.107609	-0.0564438	0.00693365
105	0	0.110259	0.00773257	0.0462804
106	0	0.110827	-0.0385757	0.056927
107	2	0.110834	-0.0023885	0.0219494
108	0	0.112561	-0.01972	0.0156268
109	2	0.115623	0.0863162	0.0642067
110	0	0.115946	0.0439828	0.0157104
111	2	0.118112	-0.0364131	0.0951946
112	0	0.118806	-0.00841279	0.00188006
113	0	0.11974	0.0582986	0.0592391
114	0	0.120513	0.0501184	0.0163944
115	2	0.120616	-0.0319336	0.0740265
116	2	0.1207	0.0836121	0.0666957
117	0	0.120903	0.0584806	0.0146099
118	0	0.122307	0.03951	0.0412677
119	2	0.123788	-0.0444479	0.0196502
120	0	0.125924	0.00842976	0.00668513
121	2	0.12665	-0.0226052	0.00463694
122	2	0.127243	0.0969107	0.0420812
123	0	0.127755	0.10769	0.0303212
124	0	0.129916	-0.0955986	0.0575746
125	2	0.130163	-0.0684286	0.0270422
126	0	0.131502	0.100956	0.0464534
127	1	0.131668	0.0417843	0.127319
128	1	0.132342	-0.102864	0.0389769
129	0	0.132727	-0.00648477	0.100422
130	1	0.134396	-0.134067	0.0239895
131	0	0.134907	0.0514577	0.0895021
132	2	0.13536	0.0179769	0.00632217
133	1	0.135626	0.0751092	0.0749509
134	0	0.135655	-0.00646653	0.00933304
135	0	0.136711	-0.0263864	0.0653948
136	2	0.137091	-0.0290414	0.0350166
137	2	0.13897	-0.0326982	0.0196585
138	1	0.139421	-0.13224	0.0259101
139	2	0.140103	0.00913719	0.140558
140	2	0.141074	0.0400389	0.0128196
141	2	0.144212	0.00557413	0.0326924
142	0	0.146744	-0.0440338	0.0106158
143	2	0.147001	-0.0468975	0.0658862
144	0	0.147117	-0.0312409	0.0453536
145	2	0.149451	0.0230035	0.0639671
146	2	0.150255	-0.012449	0.0221592
147	0	0.154168	-0.0118014	0.00117154
148	2	0.154899	0.0351643	0.0549685
149	1	0.155026	0.0724034	0.0484587
150	2	0.156043	0.0056525	0.0819767
151	2	0.156623	0.0732887	0.0515841
152	1	0.15783	0.0196698	0.0694677
153	0	0.157834	0.0348417	0.0192756
154	0	0.158326	-0.146525	0.0783382
155	2	0.159481	-0.0352446	0.022381
156	2	0.159663	-0.0108196	0.0203989
157	0	0.160933	-0.0485471	0.00404444
158	2	0.161585	0.0519912	0.00295024
159	2	0.163137	-0.0523746	0.00407946
160	0	0.163662	-0.0245066	0.0337446
161	1	0.164123	-0.00940594	0.0445821
162	0	0.16543	0.026349	0.0403835
163	0	0.166443	0.0470872	0.00504582
164	2	0.167793	-0.0714622	0.0226488
165	1	0.168442	0.0558205	0.0139431
166	1	0.168731	-0.0919933	0.00887272
167	0	0.16988	-0.028158	0.0081097
168	0	0.169976	-0.00854579	0.105358
169	0	0.171087	-0.0163405	0.0643149
170	2	0.172448	-0.0264552	0.060794
171	2	0.174886	-0.0530438	0.054318
172	0	0.175097	-0.0368105	0.0774242
173	0	0.176643	-0.0338338	0.0423621
174	2	0.176739	0.0626898	0.0653031
175	0	0.177473	0.105995	0.0404725
176	2	0.178195	-0.0318702	0.0441663
177	2	0.179045	0.0507066	0.00477358
178	2	0.179475	-0.00711312	0.0146787
179	2	0.180701	0.0130054	0.0927998
180	2	0.181185	0.0228941	0.0414733
181	0	0.182225	-0.0706549	0.0350361
182	0	0.182719	-0.0239282	0.0021249
183	2	0.184318	0.0511403	0.0363779
184	0	0.184717	0.00665932	0.0265119
185	2	0.185355	0.0511264	0.0098673
186	2	0.186178	0.00805137	0.00894601
187	2	0.186443	-0.0319833	0.0637362
188	0	0.188898	-0.00826233	0.0505487
189	1	0.190118	-0.0440939	0.0448639
190	0	0.192602	-0.0514356	0.0727882
191	1	0.193955	-0.0489406	0.0584714
192	1	0.197815	-0.0144272	0.0822364
193	2	0.198568	-0.0363103	0.0396831
194	1	0.199007	0.0673376	0.0553172
195	2	0.201144	-0.0310103	0.0609137
196	1	0.202268	0.114405	0.111709
197	1	0.204237	-0.0547753	0.0330932
198	2	0.206741	0.0252374	0.022496
199	2	0.207071	0.0305559	0.0095581
200	2	0.207735	-0.0315231	0.000228912
201	1	0.207913	0.0293985	0.051765
202	2	0.21097	0.0746219	0.0399199
203	2	0.211949	0.0278985	0.00785127
204	0	0.212131	-0.018713	0.0175033
205	0	0.214933	-0.0479616	0.0641876
206	2	0.220656	-0.0258042	0.0503282
207	2	0.221246	-0.0449402	0.0329055
208	2	0.2228	0.0194244	0.00979145
209	0	0.223017	-0.0259241	0.0355199
210	0	0.223452	-0.0362518	0.0685115
211	1	0.225898	-0.109527	0.0250995
212	2	0.226672	0.119945	0.0185947
213	1	0.226747	0.0534909	4.4582e-05
214	0	0.226831	0.00986753	0.102373
215	2	0.227562	0.0529496	0.0151273
216	2	0.227979	0.0919259	0.00358546
217	0	0.228	0.0153903	0.127045
218	2	0.229408	0.0470595	0.0121271
219	2	0.229416	-0.0107951	0.0123745
220	1	0.229529	0.0359866	0.11934
221	0	0.230752	-0.0257502	0.0450117
222	2	0.230756	-0.00767526	0.015966
223	0	0.230883	0.0194781	0.0136293
224	1	0.231691	0.0134757	0.0752005
225	0	0.233006	0.029637	0.12593
226	2	0.235287	0.0368213	0.0224986
227	0	0.235363	-0.051148	0.036351
228	0	0.236037	0.049238	0.0852372
229	2	0.238266	-0.0564152	0.0870253
230	2	0.238339	0.0110254	0.0405658
231	2	0.239024	0.0223104	0.0290048
232	1	0.240073	-0.0192958	0.0856795
233	2	0.242433	-0.0223726	0.0024158
234	0	0.245358	0.0362541	0.0295363
235	2	0.245475	0.0401755	0.0745379
236	2	0.247602	-0.028514	0.0854068
237	0	0.247774	0.0192814	0.0136168
238	2	0.250108	0.0655828	0.0183706
239	2	0.250427	-0.0554495	0.00152296
240	2	0.25076	0.0350134	0.0162378
241	0	0.251184	0.0592588	0.00657624
242	0	0.255241	-0.0391471	0.0564702
243	0	0.25577	-0.0278182	0.0229867
244	0	0.256755	-0.0264409	0.0156344
245	2	0.25826	-0.0629587	0.019996
246	0	0.258357	0.0139473	0.0744287
247	1	0.260932	0.0447328	0.0246947
248	2	0.262818	0.025877	0.0312694
249	0	0.263397	-0.00334924	0.0356814
250	2	0.263484	0.0251028	0.100626
251	2	0.266104	-0.0544632	0.0255732
252	0	0.267951	0.0805762	0.0192035
253	0	0.269637	0.0406538	0.024562
254	1	0.270039	0.0168862	0.0244196
255	1	0.270152	-0.0394011	0.0117126
256	0	0.270662	0.0709493	0.0419925
257	0	0.270812	-0.0584986	0.000810319
258	1	0.273276	0.0782338	0.000484253
259	0	0.27699	-0.0197647	0.0141512
260	2	0.277186	0.0906377	0.0292318
261	2	0.278729	-0.0207711	0.0295884
262	1	0.279934	0.0622572	0.0684542
263	0	0.279994	-0.0333799	0.0522553
264	1	0.281992	-0.0528	0.0462869
265	2	0.282652	0.0358319	0.0325288
266	1	0.282818	-0.0212855	0.0509634
267	2	0.282985	-0.0402619	0.00520108
268	0	0.284263	0.087839	0.0900684
269	0	0.285038	0.00905231	0.0759561
270	0	0.285044	0.0359893	0.0564732
271	1	0.285088	0.0160542	0.0696711
272	1	0.285384	0.0371536	0.0884376
273	2	0.286501	0.0416973	0.0103835
274	0	0.286684	-0.0459019	0.0544245
275	1	0.286909	-0.00885668	0.124266
276	0	0.288276	-0.0564337	0.00294104
277	0	0.289127	0.106748	0.00296355
278	2	0.289581	0.0167182	0.0526767
279	0	0.291819	0.0551317	0.0846449
280	2	0.293382	-0.0166377	0.0985813
281	2	0.294734	0.0781442	0.0240405
282	0	0.295875	-0.068267	0.0922615
283	0	0.296358	-0.0536551	0.015199
284	0	0.29769	0.018496	0.00191314
285	1	0.297758	0.0219836	0.0140624
286	0	0.298695	-0.035531	0.0383139
287	2	0.300027	0.0265467	0.0156269
288	1	0.300255	0.0289156	0.0522933
289	0	0.300457	-0.0452466	0.0181087
290	2	0.301658	-0.0246498	0.0187768
291	0	0.302679	0.102734	0.0314664
292	2	0.303776	0.0412651	0.0266328
293	0	0.304207	-0.0454708	0.00104275
294	0	0.305558	-0.0613417	0.0316413
295	0	0.306206	-0.0356015	0.0148625
296	2	0.309409	0.0157628	0.0416197
297	0	0.309517	-0.0369269	0.0653521
298	2	0.312724	0.0188848	0.0988186
299	2	0.3133	-0.0234782	0.0272084
300	1	0.31368	-0.0821197	0.0529607
301	0	0.314908	-0.0539405	0.0352702
302	2	0.315635	0.0528198	0.0221682
303	2	0.315644	-0.0216778	0.0527458
304	2	0.315761	0.0186293	0.00567462
305	0	0.315933	0.0265044	0.00387362
306	2	0.316074	0.0657401	0.0128505
307	2	0.318311	0.0034912	0.033799
308	2	0.319241	0.0645349	0.00646908
309	0	0.321174	-0.0379476	0.0145419
310	0	0.324673	0.0982848	0.00603271
311	0	0.324949	-0.039166	0.0121411
312	2	0.325022	0.0611717	0.0167803
313	0	0.32554	-0.0553685	0.00558678
314	0	0.325617	0.111715	0.0194586
315	2	0.328233	0.0391071	0.0146854
316	2	0.328532	0.0219559	0.00608377
317	2	0.329143	-0.05567	0.0477377
318	0	0.330346	0.0435774	0.0851303
319	0	0.331229	0.0139592	0.0687344
320	0	0.332289	-0.0357041	0.0784371
321	1	0.333878	-0.0449022	0.106634
322	2	0.333897	-0.0170295	0.0730731
323	2	0.336262	0.0372863	0.0126577
324	2	0.33677	-0.105259	0.0178353
325	1	0.337301	-0.0111435	0.0231345
326	2	0.337467	0.067726	0.0106278
327	2	0.338156	0.0545042	0.0651953
328	2	0.339025	-0.050999	0.0100716
329	2	0.339094	-0.0336677	0.0373195
330	2	0.33968	-0.023274	0.0676351
331	2	0.3418	0.0302365	0.0319404
332	2	0.341836	-0.0219103	9.16172e-05
333	2	0.342334	0.0255057	0.0432845
334	0	0.342762	-0.069437	0.0334312
335	0	0.342879	0.0307344	0.0153293
336	0	0.344144	0.0323962	0.0439321
337	0	0.345326	-0.0678204	0.0100231
338	2	0.348702	0.0393022	0.0589535
339	2	0.351679	0.0191407	0.0563912
340	0	0.35249	-0.043476	0.0414203
341	1	0.352994	0.0494309	0.128648
342	0	0.353334	-0.0348384	0.0256459
343	1	0.355022	0.0191722	0.00398742
344	1	0.355721	-0.114704	0.132189
345	2	0.357386	-0.0807547	0.0461608
346	0	0.360382	0.111221	0.0294545
347	0	0.360954	-0.0543334	0.0187418
348	1	0.361021	-0.0315875	0.0522398
349	2	0.361653	0.0525797	0.045646
350	1	0.363838	-0.0373353	0.0769083
351	1	0.365156	-0.113237	0.0130934
352	2	0.365642	0.0147575	0.012651
353	0	0.366648	0.0224696	0.029921
354	0	0.369229	-0.0756102	0.0907451
355	1	0.369594	-0.0298145	0.00987269
356	1	0.370464	0.0209137	0.0638377
357	1	0.370834	-0.183954	0.053221
358	2	0.371801	-0.0206593	0.122734
359	0	0.372761	0.031106	0.0442739
360	0	0.373851	-0.0279811	0.0476848
361	2	0.374599	0.0296599	0.0482334
362	0	0.375673	0.0113518	0.122939
363	0	0.376029	-0.0252221	0.0427932
364	2	0.379347	0.0411334	0.0447175
365	1	0.38037	0.07523	0.12137
366	0	0.381748	-0.011669	0.0547382
367	0	0.381757	-0.0228067	0.0725772
368	0	0.383073	-0.00774826	0.0566527
369	2	0.385668	0.0210816	0.0116656
370	0	0.386035	0.0510351	0.0130874
371	1	0.386413	0.0277225	0.0915907
372	1	0.38687	-0.0330019	0.045958
373	1	0.387111	-0.0402452	0.0929741
374	2	0.387407	0.0477088	0.110374
375	0	0.387977	0.00942969	0.064422
376	0	0.387985	0.0400363	0.0103965
377	0	0.389148	-0.0319222	0.00837495
378	2	0.389296	0.0666896	0.020428
379	0	0.391926	-0.0289468	0.0356708
380	2	0.39484	0.0683493	0.0293397
381	2	0.395171	0.0374136	0.0549429
382	1	0.396283	-0.0815785	0.0832747
383	0	0.397733	0.0172062	0.083257
384	0	0.398302	0.0183561	0.0316757
385	2	0.398689	0.00336846	0.126943
386	2	0.398906	0.0369912	0.0654659
387	0	0.400078	-0.0139537	0.0577182
388	2	0.400117	-0.00676887	0.037047
389	0	0.401069	-0.0393097	0.0181671
390	2	0.401403	-0.0782716	0.0564806
391	1	0.401449	0.06414	0.0128186
392	2	0.402489	-0.0730275	0.014507
393	2	0.40333	0.026245	0.0175752
394	2	0.403396	0.0306626	0.0131018
395	2	0.403514	-0.0587686	0.0309213
396	0	0.404061	-0.039831	0.0655504
397	2	0.405187	-0.0512545	0.104334
398	0	0.405833	0.0332996	0.0886093
399	0	0.405935	-0.0441597	0.0615185
400	2	0.408087	0.0116636	0.00309703
401	2	0.410406	-0.0293858	0.0650281
402	2	0.410897	0.0113656	0.0688183
403	0	0.411376	0.0703899	0.0320055
404	0	0.41211	0.0420204	0.000639591
405	0	0.412945	-0.0152585	0.0573049
406	1	0.413486	-0.0747774	0.0201735
407	0	0.413593	-0.0427746	0.021633
408	2	0.413633	0.0481741	0.00175187
409	0	0.413679	0.0244945	0.0670604
410	0	0.415537	0.0152466	0.0592656
411	2	0.416245	-0.0325512	0.0540292
412	0	0.417011	-0.0852894	0.0299105
413	2	0.418103	0.00401563	0.00376016
414	2	0.418118	0.0543497	0.0370921
415	1	0.418266	0.0255058	0.0403363
416	2	0.418441	-0.0406301	0.00858533
417	0	0.419365	0.0618786	0.0250141
418	1	0.419953	0.00784823	0.131738
419	2	0.421422	-0.0472512	0.0119685
420	0	0.422281	0.0162657	0.0281514
421	2	0.422996	0.0998569	0.0874777
422	2	0.424125	0.064325	0.00987968
423	2	0.427172	-0.0192161	0.0478965
424	0	0.429412	0.100229	0.0211091
425	0	0.430055	-0.0131736	0.0501137
426	2	0.431102	0.0948757	0.0414719
427	2	0.432304	-0.0107532	0.0236304
428	1	0.433044	0.0489579	0.0124187
429	0	0.433887	-0.00804285	0.0151217
430	0	0.433968	0.0133996	0.0340501
431	0	0.434123	-0.0387008	0.031489
432	1	0.43571	0.00659836	0.00836858
433	0	0.437797	0.0436498	0.0200999
434	2	0.438554	0.00634009	0.0131469
435	1	0.439956	-0.0260849	0.0404008
436	1	0.441849	-0.0359846	0.0343769
437	0	0.442194	0.0259184	0.0694421
438	1	0.443386	-0.00855868	0.0549432
439	2	0.444717	0.0234708	0.0160608
440	2	0.445387	0.0363822	0.0373354
441	2	0.445538	-0.0302558	0.020881
442	2	0.446185	-0.0380151	0.0549199
443	2	0.446682	0.0467098	0.117825
444	0	0.448436	0.0609921	0.065046
445	0	0.448863	-0.0503326	0.0460707
446	2	0.450219	0.0259173	0.0597609
447	2	0.450228	0.0349046	0.00944093
448	1	0.450548	0.0670422	0.0376607
449	2	0.452365	0.0506178	0.027047
450	0	0.453266	0.0836421	0.125047
451	2	0.455676	0.0732181	0.028293
452	1	0.455879	-0.0299968	0.123613
453	2	0.459456	0.0146221	0.017635
454	2	0.459718	0.0213888	0.0194316
455	0	0.460704	0.0325735	0.056191
456	0	0.461294	0.0388434	0.00284767
457	2	0.462112	0.0577312	0.0582023
458	2	0.463766	-0.00768894	0.0148668
459	0	0.467134	-0.0442312	0.0586143
460	0	0.467921	-0.0650349	0.00302292
461	0	0.468929	-0.0304537	0.0453379
462	0	0.469137	0.0341589	0.00689864
463	0	0.46931	0.0873637	0.0695552
464	1	0.46961	-0.0427851	0.0281844
465	2	0.471236	0.0247364	0.0974937
466	0	0.473605	0.0487508	0.00305273
467	1	0.473699	-0.0801766	0.122728
468	2	0.475287	-0.0163693	0.0688066
469	0	0.476796	0.00832889	0.0275141
470	2	0.4773	0.0307577	0.0392125
471	2	0.477861	-0.0697122	0.00730386
472	2	0.479261	0.042452	0.0478574
473	0	0.480322	-0.0703711	0.0325716
474	1	0.480755	0.0209449	0.0370085
475	0	0.48149	0.0219943	0.0352574
476	0	0.481986	-0.0296323	0.05538
477	2	0.482026	0.073716	0.0300905
478	2	0.483317	-0.0647926	0.0394723
479	0	0.485634	-0.0181365	0.0140119
480	2	0.486531	-0.0142701	0.0511813
481	2	0.487237	0.0414107	0.00722675
482	0	0.487859	0.0133911	0.0592175
483	1	0.488018	0.0210829	0.0304603
484	0	0.489716	-0.0271546	0.0611502
485	1	0.489798	0.0164177	0.0590356
486	1	0.490804	-0.0348624	0.0275469
487	0	0.495291	-0.0212063	0.0122017
488	0	0.497441	-0.00419508	0.0229575
489	0	0.497948	0.0554285	0.0262858
490	2	0.498835	-0.0178659	0.0817898
491	2	0.499237	-0.0189816	0.0683379
492	2	0.500544	0.0447682	0.0437345
493	0	0.50475	0.041698	0.000912302
494	0	0.506324	0.0205791	0.0868364
495	0	0.506575	0.0347956	0.032783
496	2	0.506777	0.0268883	0.0407725
497	2	0.508445	0.00737739	0.00398715
498	0	0.511408	0.0317419	0.0145382
499	0	0.511711	-0.0457987	0.0284903
500	2	0.512381	-0.142504	0.0575838
501	2	0.513478	-0.076632	0.0409459
502	1	0.514821	-0.0647891	0.0667336
503	1	0.518419	0.0757844	0.0104497
504	1	0.52161	-0.167697	0.0375362
505	0	0.521946	-0.0182897	0.0166739
506	2	0.522227	0.049501	0.00482074
507	0	0.522388	0.00580365	0.0111176
508	2	0.52354	-0.114483	0.0869493
509	2	0.523571	0.0883017	0.0315135
510	2	0.525062	0.0523871	0.00723729
511	2	0.526598	0.0374744	0.00929648
512	0	0.531662	-0.0240153	0.0272786
513	0	0.532587	0.093025	0.000567309
514	0	0.534282	0.021114	0.00589865
515	0	0.535145	0.0296658	0.0476611
516	2	0.535414	-0.0475042	0.0244587
517	1	0.536353	0.0596003	0.065843
518	2	0.53649	0.0410141	0.0897703
519	2	0.537013	-0.0788227	0.0118708
520	0	0.537388	-0.0262958	0.139809
521	1	0.538085	0.0587022	0.000140352
522	1	0.538906	0.0270994	0.0140642
523	2	0.54017	0.0720014	0.00766621
524	2	0.542275	-0.0282221	0.148818
525	1	0.545509	-0.0408134	0.0260111
526	2	0.547096	-0.0209453	0.00192303
527	0	0.547958	-0.0684976	0.0103122
528	0	0.548579	0.00982502	0.0499966
529	2	0.550543	-0.0394173	0.0197146
530	0	0.553609	-0.0328759	0.0168956
531	2	0.554062	-0.0550395	0.0194197
532	0	0.554835	-0.0128971	0.0219012
533	2	0.555148	0.00248861	0.0621741
534	2	0.556131	0.0330253	0.0291833
535	2	0.556203	-0.0106048	0.0185727
536	2	0.557636	0.0152086	0.0219089
537	0	0.558113	0.0525868	0.0244385
538	0	0.558888	-0.0343552	0.00588527
539	1	0.562092	-0.144076	0.0311141
540	2	0.562746	-0.0222892	0.0184261
541	0	0.563524	-0.020605	0.0206661
542	2	0.563942	0.0373626	0.00342416
543	2	0.564044	0.0311185	0.00961469
544	2	0.564569	0.0708023	0.0855117
545	1	0.565046	0.0840194	0.0661774
546	2	0.565866	-0.00179333	0.0542282
547	0	0.566662	-0.0093834	0.0464482
548	0	0.567429	-0.0658198	0.0710424
549	2	0.568065	0.0418939	0.0888913
550	0	0.568249	0.186996	0.0426511
551	1	0.568505	-0.0509956	0.0884855
552	2	0.568913	0.026604	0.123643
553	2	0.569319	0.0395421	0.0397808
554	0	0.570403	-0.0239693	0.0367374
555	2	0.571419	-0.0256656	0.0144297
556	0	0.578026	0.0750651	0.08119
557	2	0.578578	0.00586392	0.034371
558	0	0.578716	0.0387539	0.0824169
559	1	0.578872	-0.0597622	0.0452776
560	2	0.579544	-0.125942	0.0333162
561	0	0.58093	0.0256195	0.0594511
562	2	0.583755	0.0545566	0.00501719
563	2	0.583975	0.0287717	0.138049
564	0	0.585934	-0.0722762	0.0718424
565	0	0.586152	0.0470266	0.0494929
566	0	0.58785	-0.0511119	0.0230663
567	1	0.588014	-0.0373155	0.0367464
568	0	0.589327	0.0269037	0.0621147
569	0	0.589928	-0.040808	0.000989334
570	2	0.590523	0.0656155	0.00728451
571	1	0.590772	0.0479995	0.12544
572	1	0.591894	-0.140007	0.00285701
573	1	0.59399	0.0719958	0.0483546
574	2	0.594656	0.0546008	0.0535266
575	2	0.594685	0.0315022	0.0944384
576	0	0.595258	0.0248401	0.0319504
577	1	0.595707	0.00830076	0.108879
578	2	0.595712	0.0176729	0.0378784
579	1	0.595949	-0.0174724	0.0108647
580	0	0.596596	0.050188	0.0934536
581	0	0.596924	-0.0544834	0.0115242
582	2	0.598516	-0.103584	0.0179086
583	1	0.59987	-0.0864935	0.0326573
584	2	0.600637	-0.0139604	0.0438838
585	0	0.602317	-0.0410077	0.0372623
586	0	0.60277	-0.0235405	0.0437329
587	0	0.604561	-0.0558456	0.0443717
588	0	0.604573	0.0421262	0.0539052
589	0	0.605491	-0.0184445	0.0256839
590	0	0.610068	0.00525185	0.0043891
591	0	0.611412	0.0162423	0.0053992
592	2	0.611928	0.085755	0.0409215
593	2	0.61231	-0.0549913	0.0161672
594	2	0.612597	-0.0388465	0.0774687
595	2	0.61274	-0.0545597	0.051184
596	2	0.613255	0.0342557	0.0112889
597	1	0.613341	-0.0328991	0.116554
598	2	0.614262	-0.123399	0.0464818
599	0	0.615579	0.00198893	0.0611796
600	2	0.615817	0.0477314	0.153373
601	0	0.616385	-0.0390132	0.0220177
602	0	0.616389	-0.0580092	0.0181232
603	1	0.616835	0.00328358	0.041268
604	2	0.617359	-0.122935	0.0216049
605	2	0.618068	0.0443735	0.0394932
606	0	0.619757	0.0666574	0.043987
607	0	0.622644	-0.0489838	0.0351177
608	2	0.622812	-0.0679749	0.0561744
609	0	0.622816	-0.0427214	0.000722152
610	0	0.622831	0.101484	0.00635655
611	2	0.624079	-0.0238942	0.00846287
612	2	0.624952	0.071162	0.0180356
613	2	0.625985	-0.129229	0.0684057
614	0	0.626694	-0.0374694	0.0484908
615	0	0.627008	-0.0232763	0.02499
616	0	0.628845	-0.0406207	0.0205392
617	0	0.628921	-0.0383762	0.0114437
618	2	0.629177	-0.0727195	0.0232744
619	2	0.630323	-0.0142324	0.134081
620	0	0.630458	0.166726	0.0350938
621	0	0.630761	-0.0180902	0.0127871
622	2	0.631464	-0.0495994	0.0856324
623	0	0.631906	-0.0405029	0.0356486
624	1	0.633164	0.0551296	0.0164573
625	1	0.637448	-0.003282	0.00588328
626	1	0.638063	0.0103777	0.035037
627	0	0.639607	0.0196152	0.0210829
628	1	0.639806	-0.0575935	0.0412717
629	2	0.639923	0.0806071	0.082932
630	2	0.640063	-0.0741885	0.0441351
631	1	0.640614	0.0322014	0.0712039
632	2	0.640946	-0.0784794	0.0481397
633	2	0.641068	0.0560507	0.0484241
634	2	0.641216	0.0319542	0.0520565
635	2	0.641246	0.01879	0.066722
636	1	0.642739	0.00732677	0.0734452
637	0	0.644529	0.0618178	0.06711
638	2	0.646742	0.0156735	0.0591408
639	2	0.647641	-0.0120145	0.0427308
640	2	0.648319	-0.0472449	0.00511682
641	0	0.64938	-0.0502755	0.0536441
642	1	0.64954	0.0748997	0.0185899
643	2	0.64993	0.0640525	0.0826945
644	2	0.651633	-0.0416777	0.0693532
645	1	0.654405	0.039064	0.0677886
646	2	0.654421	0.0348436	0.0406299
647	1	0.655303	-0.0151146	0.0338702
648	0	0.655321	0.0356873	0.0268558
649	0	0.655696	0.0221221	0.0128687
650	2	0.656116	-0.0289444	0.0323828
651	0	0.656181	-0.109062	0.097363
652	1	0.656463	-0.0275005	0.0862855
653	0	0.657568	-0.0613794	0.026497
654	2	0.658005	-0.0265624	0.0240187
655	2	0.659331	0.0231785	0.0969801
656	1	0.66044	0.0312063	0.0769752
657	2	0.660811	-0.00663195	0.0764111
658	0	0.661183	-0.022033	0.0302695
659	1	0.661396	0.0441997	0.0277321
660	2	0.662652	-0.0528768	0.0381682
661	0	0.662881	-0.0486758	0.0421763
662	0	0.663561	0.00698604	0.127384
663	2	0.664882	0.0333488	0.0376664
664	1	0.665385	0.0144476	0.0670896
665	0	0.665745	-0.110196	0.0437183
666	1	0.667038	0.0400973	0.0204254
667	2	0.668601	0.0420036	0.0624725
668	2	0.669479	0.0241624	0.0362543
669	2	0.670857	0.0569876	0.00405706
670	2	0.6721	-0.0199162	0.0641386
671	1	0.672616	-0.174558	0.0317174
672	1	0.673097	0.0957005	0.0625374
673	1	0.673564	0.0404874	0.040736
674	2	0.674565	0.0417097	0.0358976
675	2	0.677904	0.0376825	0.0353542
676	1	0.678032	0.0111283	0.158697
677	1	0.678529	-0.0102895	0.0935588
678	2	0.678966	0.0464743	0.0545628
679	2	0.68053	0.0105235	0.00473167
680	0	0.681214	-0.0470209	0.0285591
681	2	0.681317	-0.042809	0.00672277
682	2	0.681467	0.0468655	0.00825619
683	1	0.683893	-0.0177299	0.032268
684	0	0.684307	0.0695346	0.0750176
685	0	0.684448	0.03887	0.0124023
686	0	0.68446	0.0211019	0.00645183
687	2	0.685306	-0.012734	0.027305
688	2	0.689151	0.0435373	0.0553215
689	2	0.689212	-0.0118114	0.0391204
690	2	0.689425	0.055092	0.052761
691	0	0.690428	0.0252079	0.0623023
692	2	0.690923	0.0225783	0.0457133
693	0	0.692141	0.0372999	0.0525977
694	0	0.693224	-0.0466278	0.067458
695	0	0.694389	0.0198034	0.0248455
696	2	0.695524	-0.0554253	0.112892
697	0	0.695625	0.0354677	0.0164041
698	0	0.696575	-0.157995	0.0591861
699	1	0.697434	-0.0108973	0.0083802
700	0	0.697621	-0.0216035	0.144204
701	0	0.697959	0.0188457	0.0104259
702	2	0.700103	-0.0369079	0.0414845
703	0	0.700295	-0.0289531	0.0605402
704	2	0.700981	0.0322426	0.0117765
705	2	0.701337	-0.00846242	0.0173624
706	2	0.702057	0.0651106	0.0419531
707	2	0.702499	-0.0288234	0.00570262
708	0	0.70348	0.0341074	0.0401467
709	0	0.703744	0.0450216	0.0526634
710	1	0.706693	0.0176724	0.0469442
711	1	0.707818	-0.0657711	0.0781833
712	0	0.70845	-0.0481132	0.0967877
713	0	0.709229	-0.0253725	0.0561429
714	2	0.709682	0.0693125	0.105996
715	0	0.712935	-0.0564111	0.0537691
716	0	0.713116	0.0345575	0.0936141
717	0	0.714329	0.0160665	0.0305386
718	1	0.717538	0.0979369	0.0237014
719	1	0.717886	0.0192232	0.126426
720	0	0.718336	-0.0320922	0.0631452
721	1	0.719078	0.0824574	0.080454
722	2	0.71915	-0.0477443	0.0543366
723	2	0.720323	-0.0263164	0.00297683
724	1	0.7218	0.138248	0.0199318
725	2	0.722968	0.0159494	0.0665145
726	1	0.723009	-0.0127727	0.156197
727	1	0.72431	-0.0795923	0.018125
728	0	0.724348	0.0415694	0.0439609
729	0	0.725028	-0.0252329	0.017432
730	1	0.725075	-0.0337045	0.0028596
731	1	0.725418	-0.00951855	0.0745173
732	1	0.727705	0.0572575	0.000128569
733	2	0.727864	-0.161042	0.0308067
734	0	0.732436	-0.0127844	0.0121678
735	1	0.733597	-0.0429876	0.0588128
736	0	0.738472	-0.0547842	0.00645393
737	2	0.738497	0.0546406	0.00473657
738	0	0.73889	0.0458011	0.0253863
739	0	0.740729	-0.0128854	0.0327217
740	1	0.741075	0.157939	0.0690515
741	0	0.741127	0.0598638	0.0851805
742	2	0.741517	0.100766	0.0524577
743	1	0.745592	0.0589876	0.113901
744	2	0.745883	-0.04164	0.0444427
745	2	0.746876	-0.0443253	0.0243391
746	1	0.747457	-0.0137783	0.0366643
747	0	0.748469	-0.0528299	0.0101061
748	2	0.750757	-0.0651133	0.0333795
749	0	0.755556	0.0431658	0.00451637
750	1	0.758259	0.101627	0.110516
751	2	0.7602	-0.0177864	0.0409346
752	0	0.761789	-0.123205	0.119175
753	2	0.761919	-0.0316386	0.0486175
754	2	0.763671	-0.00561565	0.019561
755	0	0.764405	0.150678	0.0352965
756	0	0.76585	-0.104316	0.0422594
757	0	0.766808	-0.0192203	0.116234
758	0	0.767313	-0.0693603	0.0199105
759	2	0.767436	-0.0516476	0.0370298
760	0	0.767459	0.0389489	0.00374807
761	0	0.768974	0.0312616	0.0313091
762	0	0.769164	-0.0135186	0.00745372
763	0	0.76932	0.0609069	0.0128783
764	1	0.770155	-0.101641	0.153733
765	0	0.770352	0.0377936	0.0379476
766	2	0.775077	0.0345098	0.0197715
767	0	0.775089	0.0632909	0.021313
768	0	0.775311	-0.0528301	0.0130633
769	2	0.775371	0.0710669	0.00401533
770	2	0.77683	-0.0624739	0.0433819
771	2	0.777058	0.0425357	0.0183595
772	2	0.778715	0.0483559	0.0745424
773	0	0.781098	0.00432894	0.0264062
774	0	0.782785	-0.00786434	0.0242126
775	0	0.782838	0.0247472	0.0166418
776	2	0.783251	0.0789796	0.0480892
777	0	0.784131	-0.029666	0.0241243
778	0	0.784845	0.0157181	0.0175551
779	2	0.785081	-0.0501975	0.04555
780	0	0.787927	0.015436	0.0349322
781	0	0.789359	-0.0377011	0.0240666
782	0	0.789531	-0.0754601	0.0385366
783	2	0.790732	-0.0357725	0.0102354
784	0	0.791168	0.0148379	0.0451018
785	0	0.791296	-0.0348657	0.00130802
786	2	0.79206	0.0884961	0.0546266
787	0	0.792154	0.0532066	0.0608764
788	2	0.792913	0.0471977	0.0424356
789	2	0.793069	0.0542421	0.00516417
790	0	0.79482	0.0213591	0.0371349
791	0	0.795016	-0.0153504	0.00741301
792	0	0.795957	-0.0252911	0.00465606
793	0	0.796091	-0.0339927	0.0313822
794	1	0.796284	-0.0470247	0.105421
795	2	0.796904	0.0974103	0.026259
796	2	0.797065	0.0207851	0.0673001
797	0	0.797579	-0.0372554	0.0934718
798	2	0.797628	0.0442102	0.0449565
799	2	0.797888	-0.0380142	0.0217934
800	2	0.798416	0.0479043	0.0378132
801	2	0.799991	0.015026	0.0212088
802	0	0.802789	-0.0258292	0.0320075
803	0	0.80533	0.0149349	0.0526391
804	2	0.808468	-0.109985	0.0022622
805	2	0.808791	0.0130676	0.107173
806	0	0.80897	-0.095546	0.0539629
807	2	0.810536	-0.0401544	0.00611509
808	2	0.8107	-0.0247004	0.00713497
809	0	0.811343	0.00851339	0.0191277
810	0	0.813119	-0.0268287	0.0145444
811	1	0.814599	0.0689716	0.0721494
812	1	0.815267	0.0484991	0.110576
813	2	0.816507	-0.0423746	0.0245207
814	0	0.817273	-0.0318512	0.0765403
815	2	0.817829	-0.0915825	0.0566215
816	0	0.817842	0.0585563	0.0676613
817	0	0.819536	0.0158566	0.0714081
818	1	0.820157	-0.0155739	0.03256
819	1	0.821498	0.0383557	0.090161
820	1	0.822707	0.0542668	0.0732538
821	2	0.825414	-0.0305114	0.000590659
822	0	0.825711	-0.0502691	0.0229385
823	2	0.826605	0.00939409	0.119203
824	2	0.827431	-0.0313178	0.0654521
825	0	0.827499	-0.0205797	0.0408249
826	0	0.828331	-0.0166824	0.0454345
827	1	0.828511	-0.0433538	0.0125537
828	0	0.829671	0.0100166	0.0877173
829	2	0.831514	0.0135558	0.0663849
830	0	0.831717	-0.124765	0.050503
831	0	0.834338	0.00557106	0.0147742
832	2	0.834543	0.0461104	0.0301502
833	2	0.834645	-0.0285714	0.0319725
834	1	0.836287	0.0467558	0.0380441
835	2	0.839963	-0.0699953	0.083087
836	0	0.841054	0.0327681	0.017301
837	2	0.84165	0.0673834	0.0963546
838	1	0.841859	0.0204829	0.0490871
839	1	0.842088	-0.0644526	0.0275278
840	0	0.843434	0.0807633	0.00104127
841	2	0.843873	0.0352072	0.0246845
842	2	0.843962	-0.0768592	0.047201
843	2	0.844065	0.0166005	0.090728
844	0	0.845344	0.0345474	0.0412845
845	1	0.847084	0.184138	0.0592574
846	1	0.847498	-0.0244028	0.100365
847	2	0.848424	-0.0607781	0.054397
848	0	0.8494	0.00900463	0.0568194
849	1	0.850658	0.0222742	0.0803101
850	2	0.850694	0.00627355	0.00992848
851	1	0.851433	-0.145228	0.0726893
852	0	0.85295	0.0900624	0.031098
853	2	0.854259	0.0522775	0.0557603
854	1	0.854332	-0.0173028	0.0100717
855	0	0.855524	-0.078399	0.0488375
856	2	0.855732	-0.0230789	0.0499168
857	1	0.856312	0.0921378	0.173082
858	0	0.856827	-0.0400695	0.0389077
859	0	0.857263	0.0376886	0.0349055
860	0	0.857811	0.0440322	0.0921656
861	1	0.861949	0.0639704	0.038905
862	0	0.864144	0.0913139	0.0183198
863	0	0.86457	0.0246284	0.0163873
864	1	0.865276	-0.11011	0.0289477
865	0	0.867395	0.058631	0.0425511
866	0	0.868136	0.0113689	0.10723
867	1	0.870044	0.0415049	0.104705
868	0	0.871159	-0.038431	0.012497
869	0	0.871985	0.0276827	0.0503911
870	1	0.873181	-0.0990699	0.0257848
871	0	0.873225	-0.053082	0.0299539
872	0	0.876225	0.0188268	0.00287961
873	2	0.878391	-0.0537662	0.0439035
874	2	0.879258	0.0393439	0.0376949
875	1	0.881787	-0.0374679	0.0636032
876	0	0.882227	-0.0257874	0.0613722
877	1	0.882775	-0.254842	0.178656
878	0	0.886092	-0.00639971	0.0129531
879	2	0.887013	-0.0574853	0.063298
880	1	0.887435	-0.0209218	0.0290483
881	2	0.888474	0.0240486	0.0407084
882	1	0.888785	0.0889588	0.00356109
883	2	0.890179	-0.0728254	0.064605
884	2	0.890464	0.0434468	0.00103979
885	0	0.893753	-0.0613482	0.0457569
886	0	0.897681	-0.0605738	0.00643765
887	0	0.898931	0.0491748	0.00418682
888	0	0.898964	-0.0227833	0.0190756
889	2	0.900218	0.0121723	0.00180564
890	2	0.902087	-0.0478705	0.0151257
891	2	0.902169	0.0643264	0.0321015
892	0	0.902322	-0.0483906	0.0448873
893	1	0.902448	0.00651194	0.0590535
894	0	0.903117	0.00146681	0.0042391
895	2	0.903178	0.012861	0.0576419
896	2	0.903378	-0.0278252	0.0278397
897	1	0.903837	0.0678123	0.0337696
898	2	0.905286	-0.0825308	0.0728505
899	0	0.906168	0.059716	0.131803
900	2	0.906826	0.00752242	0.0815081
901	2	0.906977	-0.0510226	0.00414628
902	2	0.906981	-0.024984	0.0255991
903	1	0.909025	-0.0524509	0.0407052
904	2	0.910839	0.034059	0.0461888
905	2	0.911041	-0.0501429	0.0235619
906	2	0.91132	0.0279217	0.0154099
907	0	0.911746	-0.0200433	0.0385888
908	2	0.912443	-0.0186112	0.0282441
909	1	0.912836	0.0625081	0.0184725
910	1	0.913713	0.0572465	0.0951612
911	1	0.915548	0.0471701	0.00100775
912	2	0.916264	-0.0239431	0.0291464
913	1	0.916825	-0.0156027	0.0249815
914	2	0.916887	0.0166296	0.0244429
915	2	0.916965	0.0512166	0.0365904
916	1	0.917595	-0.0541943	0.00319118
917	2	0.917837	-0.0624796	0.0497863
918	0	0.918257	0.00222402	0.0265146
919	2	0.918403	-0.0115619	0.00427457
920	0	0.919355	0.0296813	0.0945865
921	0	0.919689	0.0818401	0.00653063
922	0	0.920441	0.0160349	0.0139063
923	0	0.921251	-0.0038434	0.0116952
924	0	0.921716	-0.0543421	0.0311926
925	0	0.922864	0.00930502	0.02927
926	2	0.922892	-0.0479098	0.00868859
927	1	0.925659	-0.125635	0.0101177
928	0	0.926342	-0.0171584	0.00586359
929	0	0.927006	0.0204067	0.0251987
930	0	0.929854	0.052371	0.00886798
931	2	0.931567	-0.0299382	0.0507345
932	2	0.931717	0.0786265	0.0277583
933	2	0.931861	0.0389089	0.0649499
934	1	0.934531	0.0176701	0.232004
935	2	0.935037	-0.012691	0.0280353
936	0	0.936599	-0.0768523	0.0549985
937	0	0.938228	-0.0150862	0.000451739
938	0	0.940172	0.0218505	0.0107585
939	0	0.940183	0.0574596	0.0710882
940	0	0.941277	-0.0629017	0.0255451
941	0	0.941898	0.0176468	0.0212824
942	1	0.942045	0.0604499	0.0532069
943	2	0.94311	-0.0532267	0.0240276
944	1	0.944399	0.0472675	0.103187
945	2	0.944741	0.0460297	0.0328283
946	0	0.945347	0.0162764	0.0458789
947	2	0.946519	0.0318512	0.0646771
948	2	0.949062	0.025939	0.0160356
949	0	0.949992	-0.0336613	0.00351517
950	0	0.95089	-0.0225884	0.00739283
951	2	0.952429	0.00337272	0.013361
952	0	0.952927	-0.0769402	0.0138212
953	2	0.954861	0.0393118	0.023499
954	2	0.955688	-0.0346872	0.108972
955	0	0.958699	0.00992187	0.0852071
956	0	0.958882	-0.0676842	0.0232676
957	2	0.959272	0.037194	0.061692
958	2	0.959761	0.0335178	0.0236919
959	1	0.961303	0.0151975	0.0272124
960	1	0.961777	-0.0309519	0.0758263
961	2	0.961994	-0.0544792	0.00117044
962	2	0.963474	-0.0020334	0.00147705
963	0	0.96409	-0.0483842	0.0036519
964	0	0.965639	0.0612151	0.0621705
965	0	0.965978	-0.0874774	0.0647461
966	1	0.967583	0.0841419	0.15071
967	2	0.968996	0.0529076	0.0227895
968	1	0.971317	0.0332442	0.0176648
969	1	0.971849	-0.0993265	0.0980733
970	2	0.972497	-0.0129055	0.103695
971	2	0.973213	0.0480177	0.0548617
972	0	0.978328	-0.0236283	0.0681862
973	1	0.979352	-0.0477377	0.115011
974	0	0.979985	-0.0158736	0.0569624
975	0	0.981057	-0.0288013	0.044893
976	0	0.981558	0.0484538	0.0224036
977	1	0.984718	-0.036361	0.0208295
978	0	0.986255	-0.0660005	0.00734
979	1	0.986278	0.0308261	0.0145253
980	1	0.98782	0.0943565	0.0486133
981	0	0.987906	0.0104977	0.0266519
982	0	0.988183	-0.0144127	0.0857271
983	0	0.988978	0.100747	0.148792
984	0	0.989226	-0.012101	0.058923
985	2	0.989766	0.095304	0.0386832
986	0	0.99051	-0.0635708	0.0748801
987	2	0.991729	0.0172904	0.0571687
988	0	0.992621	-0.0145136	0.0866472
989	2	0.9932	0.0604228	0.0283362
990	0	0.99338	0.0408501	0.039684
991	1	0.993577	0.0223853	0.0199756
992	2	0.993669	-0.0237357	0.0209382
993	1	0.994393	0.0277555	0.00605746
994	2	0.995843	0.034493	0.029575
995	0	0.99608	-0.0532412	0.0240745
996	1	0.996657	0.172104	0.00267306
997	2	0.997312	-0.0498922	0.0984582
998	0	0.997325	0.00723439	0.00390143
999	2	0.999051	0.0170983	0.0432456
0	718	-0.0204082
0	645	0.0438774
0	271	-0.0621629
0	845	-0.0299243
4	428	0.0396167
4	867	0.0418429
4	731	0.0243917
4	127	0.0262808
4	391	0.0294029
4	486	-0.0694042
4	571	0.0238051
4	474	0.00936836
4	61	0.0514907
4	969	-0.0637739
4	719	-0.0229951
4	418	-0.0771838
4	727	-0.0310832
4	166	-0.0248201
4	870	-0.0161843
4	77	-0.0240846
4	52	0.0973152
4	197	-0.027779
4	724	-0.0182339
6	45	-0.00676808
6	487	0.0279259
6	479	0.0463932
6	26	-0.0175836
6	311	-0.0176112
6	952	0.0115518
6	167	-0.0581067
6	589	-0.00808342
6	831	-0.0183024
6	758	0.0152161
6	763	0.0139439
6	830	0.0172115
6	712	0.0273368
7	810	0.0289393
10	456	-0.0345748
10	117	0.0442438
10	886	-0.0325291
10	558	-0.0300597
11	836	-0.0255865
12	828	-0.0233273
12	918	-0.014867
12	984	-0.054681
13	859	0.0185491
13	717	-0.00971705
13	135	-0.0374281
20	221	-0.0141438
20	924	-0.0167077
20	965	-0.025929
20	384	-0.0264924
20	403	0.0382028
20	353	0.017082
20	784	0.0240323
20	184	0.0177348
20	665	0.0307799
20	964	-0.0223255
20	978	-0.0182075
20	752	-0.030142
20	217	-0.0121128
20	614	0.0451996
21	864	0.0137866
26	589	-0.0261482
26	59	-0.0348407
26	429	0.0796572
26	225	0.0159373
29	547	0.0265446
29	653	0.0486548
34	359	-0.0211544
34	484	-0.0339536
34	741	0.0319265
35	981	0.0216006
35	649	0.0383619
35	701	0.0264022
36	418	-0.040469
36	845	0.0305577
37	117	-0.0315831
37	425	0.0268901
37	995	-0.0200242
38	154	0.0451124
45	868	-0.0510461
45	610	-0.0613769
45	972	0.0174196
45	777	0.020053
45	286	-0.0165519
45	237	-0.0336167
45	482	-0.02919
45	54	0.0139191
45	409	0.00852551
45	585	0.0327356
46	955	-0.025644
46	680	0.026663
51	730	0.0409457
61	913	0.0393683
61	980	-0.0283987
61	672	0.0218708
61	735	-0.0220881
63	464	-0.0275206
64	270	-0.0470718
64	537	0.0438965
64	157	0.00998881
64	424	0.0225965
65	960	0.0573934
66	2	0.0166335
75	469	-0.0113184
75	320	0.0300191
75	279	-0.0258681
75	922	0.0324615
75	120	-0.0425033
75	736	-0.0244598
75	648	0.0287518
75	990	-0.0179568
75	586	0.0249632
75	476	0.0207636
75	878	-0.0340903
75	581	0.0167785
75	790	0.025465
75	949	0.0418152
75	641	0.0703016
75	100	-0.0226653
75	142	0.0334445
75	450	0.0231695
75	277	0.0189361
75	38	0.0623802
75	876	0.0194174
75	429	0.0280346
75	749	-0.0627744
75	124	0.0264414
75	493	-0.0379528
75	383	-0.0453773
75	217	0.028628
75	806	-0.0450895
75	651	-0.0321803
75	615	-0.0352782
75	366	0.0275179
75	54	-0.0340138
75	257	0.0280667
75	907	-0.0182039
75	154	-0.0300149
75	708	0.0124017
75	462	-0.0351513
76	485	-0.0546569
82	956	0.059152
83	311	-0.0201661
83	939	-0.00957672
86	201	-0.0465269
86	356	-0.0607737
86	927	-0.0302991
86	735	0.0596134
93	108	-0.0452103
93	978	0.0255909
93	763	-0.0390199
93	587	0.0149546
96	276	0.0192516
100	110	0.0203636
100	537	0.0116287
100	319	0.0347681
105	108	0.0389996
105	184	-0.0203714
105	964	0.0299074
105	550	-0.012413
108	946	-0.0164345
108	234	-0.0435368
108	537	0.0206438
110	493	-0.0537761
110	337	0.0282489
113	26	-0.0386158
113	610	-0.0634763
113	167	-0.0443725
113	777	0.0422131
113	59	0.0182103
113	359	0.022796
113	268	0.0190175
113	976	-0.017797
120	45	0.0455518
120	938	-0.0215178
120	637	0.0329121
120	105	0.0300101
120	93	0.0129282
120	210	0.0183862
120	450	0.0292194
120	311	-0.0551527
120	825	0.0157963
120	205	0.032083
120	561	0.0282871
120	513	0.0105364
120	763	0.0506217
120	337	-0.0200745
120	512	-0.0399972
120	225	0.0505112
120	684	-0.0234546
120	780	-0.0121604
120	606	0.0256604
120	106	0.0305808
120	713	0.0159403
123	53	0.0268946
123	82	-0.0298225
123	404	0.0216197
123	319	0.0186687
124	16	0.0295389
126	488	-0.0248102
126	885	0.0141929
127	573	-0.0474981
127	343	0.0671166
127	676	0.0630079
127	993	-0.0557914
127	980	-0.0282169
127	857	0.0227598
130	127	-0.0376636
130	348	0.0358188
130	254	-0.0576262
130	583	-0.0306554
130	567	-0.0311009
130	909	0.0314685
130	642	-0.036048
130	857	0.0602458
131	463	-0.0245168
131	163	-0.0346248
131	785	-0.0196287
135	775	-0.028684
149	365	-0.0651057
149	191	-0.0318629
149	573	-0.0274287
149	201	-0.0347184
149	551	0.0408307
149	819	0.0153056
149	194	0.0544805
149	626	-0.0279609
149	893	-0.0441993
149	161	-0.0371223
149	88	-0.0191155
152	812	0.0316462
152	910	-0.0304342
153	354	0.0300163
153	752	0.0178452
153	340	-0.0230977
153	430	-0.0176116
157	793	-0.0268181
160	922	-0.0202383
160	648	-0.0170227
160	520	-0.0278752
160	6	0.0162094
160	113	0.0217885
160	949	0.0620145
160	108	-0.0185453
160	131	-0.0142343
160	777	-0.0445218
160	253	0.0143783
160	11	-0.00826459
160	489	-0.0382042
160	263	-0.0156422
160	528	0.014743
160	513	0.0184195
160	237	0.0343201
160	782	0.0264369
160	336	0.0234185
160	274	-0.029432
160	243	-0.0354214
160	556	0.021644
160	607	0.0254933
160	424	0.0173091
160	923	-0.0291887
160	566	-0.0309298
160	548	0.0193168
160	241	0.0284417
160	112	-0.0141296
166	133	-0.0548426
166	14	0.0589642
167	42	0.0316321
175	64	0.0238255
175	123	-0.027638
175	38	-0.03208
175	761	-0.0381849
175	981	-0.0424555
175	848	0.0294473
184	59	-0.0183269
184	46	-0.0257008
184	863	-0.0175068
184	256	0.0192874
191	875	0.0302063
191	960	-0.0534752
201	583	0.0286426
201	854	-0.0477883
201	467	-0.0355751
204	188	0.041181
205	601	0.0341112
205	318	0.0345351
210	37	0.0331469
210	314	-0.0300749
210	803	0.0212653
210	173	-0.0354071
214	482	0.0329278
221	398	0.0314756
221	620	-0.0688931
221	816	0.0386689
221	964	0.0273392
221	599	0.0469128
221	167	-0.0207946
221	396	-0.0259764
221	147	-0.0297694
221	614	-0.0344139
224	659	-0.0164095
224	911	0.0302766
224	285	-0.0291429
224	357	0.0121261
224	371	-0.0143402
224	149	0.0352692
224	916	-0.091965
224	731	0.0324914
224	647	-0.0594137
224	710	0.0446545
224	191	-0.0588573
224	746	0.0553414
224	406	0.0774948
224	645	-0.0351924
224	271	-0.0700081
224	559	-0.0379155
224	794	0.0434021
224	432	-0.047382
224	652	-0.032468
224	870	-0.0368504
224	845	0.0645523
224	625	0.0671687
224	133	-0.027206
224	854	0.0375301
224	63	-0.0155645
224	893	-0.0385318
224	161	0.0386831
224	264	0.0612515
224	351	0.0477476
224	52	0.0432344
224	95	0.069496
224	664	-0.0282857
224	603	0.0428593
224	897	0.0292817
224	128	0.0388005
224	743	0.0127707
232	101	-0.0445594
234	715	-0.0344392
237	872	-0.0190605
242	126	-0.0267825
242	528	-0.0220663
244	858	0.0152993
249	586	0.0326227
249	6	0.0362123
249	580	-0.0210303
249	974	0.042524
249	301	0.0208224
249	479	-0.0156017
249	12	0.0201162
249	314	-0.0192474
249	379	0.0464276
249	691	-0.0137813
249	761	0.0218572
249	885	0.0254991
249	376	-0.0165963
249	69	-0.0228562
249	89	0.0316087
252	940	0.00998397
252	990	-0.0139729
252	6	0.0238811
252	221	0.0324884
252	938	0.0375662
252	444	0.0240996
252	641	-0.0205062
252	83	-0.0379514
252	797	0.0600352
252	616	-0.0409481
252	270	-0.0108133
252	375	0.0134056
252	928	0.0282197
252	359	-0.015653
252	42	0.0111658
252	366	-0.0157178
252	995	0.0177402
252	590	0.0222951
252	785	-0.0172689
252	585	-0.0525324
252	923	-0.0375566
252	227	-0.0178915
252	892	-0.0199298
253	806	-0.0114843
253	709	-0.053639
253	514	0.0223182
254	993	0.0207435
258	418	-0.0351369
258	133	-0.0649286
258	572	-0.0424381
259	738	0.0445762
263	237	-0.0139917
266	718	0.0313586
266	348	0.0518798
266	683	-0.00754564
266	372	-0.021763
266	993	0.0355332
266	288	0.0740641
266	152	0.0188455
266	196	-0.0226613
270	651	0.0506384
270	937	-0.0258765
271	343	0.0333458
271	21	0.0325199
271	300	0.0405724
271	699	-0.0371037
272	483	-0.056412
272	33	0.0325687
272	165	0.0433425
277	729	0.0322031
277	658	0.0194022
279	736	-0.0224254
279	648	0.0368413
279	487	-0.0213797
279	461	0.0224779
279	868	-0.0260123
279	924	0.029897
279	26	-0.0250108
279	387	-0.0365959
279	700	-0.0178152
279	59	0.0145845
279	289	-0.0277983
279	541	0.0183008
279	217	0.0141648
279	204	-0.0111189
279	929	-0.0262497
279	55	0.0334364
279	615	0.053662
279	409	0.0629337
279	738	0.0102126
279	793	0.0423689
279	169	0.0245759
279	653	0.0137002
279	106	-0.0280578
279	223	-0.0131944
279	31	0.00944368
285	357	-0.0463849
285	428	-0.0308402
285	149	-0.118682
285	867	-0.0596888
285	130	0.0546251
285	406	0.0112043
285	348	0.0285751
285	343	0.0236126
285	517	-0.0739806
285	51	0.0197737
285	189	0.0407286
285	551	-0.0241736
285	344	-0.0221187
285	834	-0.0615993
285	699	-0.0223309
285	820	-0.0725397
285	94	0.0405178
286	703	-0.0466015
289	135	-0.0309937
289	863	0.0348182
301	100	0.0230082
301	347	-0.0289379
301	840	0.0304452
301	703	-0.0328879
301	607	0.0192337
301	871	-0.0423319
301	685	0.0185649
311	379	-0.0138747
313	32	-0.0486588
314	313	-0.0204023
314	82	-0.0293799
314	956	0.0284104
320	252	0.0423883
320	736	0.0138919
320	249	0.0269701
320	565	0.0195003
320	869	0.0501751
320	461	-0.0304706
320	437	0.00966182
320	13	0.0444954
320	153	0.031735
320	946	0.023437
320	131	-0.0481203
320	37	-0.0285272
320	463	-0.0203978
320	379	-0.0317588
320	758	-0.0564645
320	885	0.036685
320	747	0.00777969
320	66	-0.0167579
320	872	-0.045725
320	209	-0.0267117
320	729	-0.0231109
320	976	0.0186736
320	495	-0.0148533
320	697	0.0433942
320	363	0.0135993
335	353	-0.0396802
335	398	-0.0142738
335	37	-0.0274988
335	986	0.0325666
335	291	0.0340458
335	791	-0.0219163
343	903	-0.0479315
343	197	-0.0523136
347	396	-0.0139577
347	894	-0.0323079
347	482	-0.0255207
347	601	-0.031925
348	571	-0.0342158
348	325	-0.0552383
348	811	-0.0245902
353	627	0.034281
353	134	0.0206112
353	129	0.0190643
353	30	-0.052502
354	214	0.0271629
354	263	0.0228589
354	623	0.0215483
354	787	0.0196298
357	647	-0.0672633
357	130	0.0598201
357	718	0.027393
357	406	-0.0643349
357	645	-0.0160112
357	474	0.0201758
357	86	0.0315556
357	438	0.038388
357	166	0.0297149
357	577	0.0360609
357	880	-0.027703
357	875	-0.0290778
357	671	0.0280061
357	196	-0.0322087
357	677	0.0179297
357	95	0.0708149
357	861	0.0421605
359	163	-0.0158031
362	459	0.0190971
365	406	0.0201476
365	432	0.0158318
365	966	-0.0248513
365	676	-0.0303293
365	247	0.059779
365	927	0.0879438
365	545	-0.0269143
367	310	0.0309919
368	455	-0.0258282
368	778	-0.0273744
371	839	0.0624977
371	365	-0.0309893
371	0	-0.050185
371	448	-0.0550575
371	232	-0.0352844
371	258	-0.0771186
371	483	-0.0395839
371	676	-0.0292457
371	913	-0.0389214
371	21	-0.0447027
371	711	-0.0527441
371	300	-0.0176044
371	979	-0.0636107
375	715	-0.0306142
375	274	0.0347357
375	848	-0.0243352
376	498	0.0155226
383	445	0.0259819
384	142	0.051046
384	767	0.0193332
384	761	0.0284272
384	82	-0.0310366
384	475	-0.0164578
384	498	0.0390173
384	282	0.0260696
387	814	-0.0237006
387	389	0.0480926
387	760	-0.0314151
387	986	0.0430073
387	950	0.0346144
389	64	0.00622315
389	42	0.0378859
389	747	-0.00981333
391	525	0.0176349
391	597	0.0328682
391	435	0.0476785
391	138	0.0236159
398	550	-0.0471711
398	277	0.0324183
398	404	-0.0407188
403	569	-0.0509837
403	38	0.0609429
403	110	-0.0159963
403	695	-0.0542016
403	383	0.0284819
403	405	0.0527149
403	494	0.0315106
406	36	-0.0704318
406	636	-0.072677
412	437	-0.0385608
412	814	0.0205302
412	314	-0.0222663
412	816	-0.0193448
412	972	-0.0229831
412	313	-0.0294139
412	758	0.0252989
412	29	-0.0268912
412	417	0.0376554
412	781	0.0179873
412	918	0.0202445
412	778	0.0188818
418	727	-0.0252368
420	353	0.0220699
420	760	-0.0413309
420	599	0.0534563
420	368	0.0513094
420	96	-0.0230485
420	894	-0.0356516
420	703	-0.0168434
420	297	-0.0141465
425	556	-0.0167056
428	750	0.0509884
428	371	-0.0476367
428	149	0.0347012
428	731	0.0192782
428	191	0.028805
428	746	-0.0461713
428	794	0.0176102
428	232	0.0231615
428	133	0.0765149
428	683	0.0293431
428	993	-0.0188275
428	356	0.0986235
428	996	0.0258786
428	959	-0.0352245
432	671	0.0254844
435	849	0.0490302
437	814	0.0311689
437	641	0.0300367
437	35	0.0286201
438	652	0.0226631
438	673	0.0185052
438	724	-0.0449545
438	942	-0.024756
444	234	0.0202408
444	972	0.0204137
444	459	0.0191947
444	336	-0.0290696
444	651	-0.0427822
444	527	0.0378965
444	686	0.0365299
448	522	0.0570898
448	166	-0.0361692
448	603	-0.0366584
448	764	0.0534856
450	982	-0.026012
450	528	0.00805478
456	110	0.0475325
456	459	-0.0185735
456	817	-0.0571958
459	995	0.0173027
461	814	0.0231592
461	12	-0.0367536
461	760	-0.033919
461	362	0.0149264
461	126	-0.0176935
461	488	-0.0289185
461	376	0.0261968
461	717	-0.0209199
461	530	-0.0221811
463	767	-0.0547227
466	599	0.034469
466	205	-0.0301618
466	528	0.0254484
466	376	0.0174717
469	320	0.0328957
469	922	-0.0353258
469	940	-0.0236118
469	990	-0.0110191
469	476	0.0474701
469	565	-0.0303656
469	221	-0.0519456
469	878	-0.0357944
469	637	0.0323782
469	335	-0.033303
469	403	0.0269635
469	353	-0.0425418
469	26	0.00901894
469	437	0.0237584
469	10	-0.0087845
469	599	0.0206971
469	244	0.0286869
469	214	0.0108846
469	205	-0.0380303
469	591	-0.0175846
469	589	-0.0301114
469	752	0.0536003
469	928	-0.0278339
469	359	-0.0555249
469	429	0.0430753
469	268	-0.0372552
469	489	0.025538
469	263	0.0360326
469	204	0.0222593
469	998	-0.0264361
469	716	-0.0198053
469	739	-0.016675
469	762	0.0170206
474	189	0.030647
474	58	0.0676858
475	7	0.0185508
476	45	0.0321476
476	105	0.0346655
476	12	-0.0308549
476	610	0.0227742
476	210	0.0405628
476	627	-0.0158477
476	277	-0.0504803
476	541	0.0153793
476	484	-0.01745
476	717	0.0192315
476	2	-0.0328522
479	12	-0.0252101
479	396	0.0129607
479	768	0.0257746
479	514	-0.0255149
479	576	-0.0226977
483	732	-0.0539087
483	76	-0.043546
484	780	-0.037625
486	56	-0.0742464
486	903	-0.0298277
486	192	-0.021088
486	521	0.0500169
487	965	0.0268936
487	59	0.0275436
487	368	-0.0132364
487	34	-0.0116739
487	53	-0.0753607
487	55	-0.0271424
487	941	-0.0080135
487	950	0.0559332
488	336	0.0494084
488	274	0.049636
493	417	-0.0439584
505	75	-0.0270916
505	469	0.0369123
505	160	-0.0153936
505	922	0.0241472
505	120	0.0397062
505	736	0.0424136
505	648	-0.0476282
505	520	-0.0631054
505	990	0.016934
505	249	0.0480475
505	586	-0.0351431
505	20	0.0112881
505	412	0.0363763
505	765	-0.0335366
505	221	0.0111719
505	938	-0.0348053
505	420	-0.0177544
505	113	-0.0137252
505	335	0.034904
505	581	-0.0243616
505	784	-0.0409158
505	700	-0.0250838
505	12	0.0312603
505	641	-0.0241162
505	665	0.0491466
505	375	0.0255715
505	777	0.0222395
505	289	0.0345818
505	691	-0.0125868
505	53	-0.0262548
505	124	0.0221344
505	484	0.0329629
505	69	0.0231798
505	817	-0.0156767
505	340	0.0134988
505	887	-0.0430473
505	802	-0.0233033
505	568	0.0142816
512	118	-0.00921556
517	247	0.0163511
517	664	-0.023012
520	20	-0.0433032
520	221	0.017596
520	637	0.0200734
520	698	-0.0454427
520	988	0.0345047
520	389	-0.0255825
520	83	-0.0302336
520	34	-0.0410399
520	767	-0.0319415
520	695	0.0180896
520	96	-0.028846
520	894	0.0262603
520	460	-0.0176952
520	693	-0.0438688
520	741	-0.0372394
520	793	0.0257415
520	720	0.0194349
520	680	-0.034614
522	51	-0.0283013
522	626	-0.0297268
522	355	-0.0448634
525	727	0.055309
525	913	0.0258016
525	819	-0.0277682
525	642	0.0522165
541	268	-0.0558269
559	254	-0.033857
559	834	-0.0489842
559	812	-0.0345617
559	382	0.012874
565	301	-0.0152681
565	398	0.0312275
565	550	0.0201076
565	825	0.0138092
565	214	-0.0647826
565	588	-0.0336693
565	96	-0.0332882
565	54	-0.0211545
565	430	-0.0259453
565	399	0.0425617
569	752	-0.0419921
571	969	-0.120589
571	232	0.0224796
573	897	0.116428
573	49	-0.0574406
577	94	-0.0187749
579	165	0.0130864
580	64	-0.03009
580	131	-0.00431212
580	450	-0.0655472
580	982	0.0274655
580	691	0.0238632
580	561	0.019387
580	404	-0.0233798
580	621	-0.0572355
581	83	-0.0206395
581	982	-0.00935284
581	295	0.0281223
581	172	-0.00878803
581	257	0.0179216
585	606	-0.0171395
586	412	0.0109091
586	565	-0.0149034
586	335	-0.0317802
586	384	0.0211507
586	700	-0.040584
586	13	-0.0531758
586	389	0.0350762
586	10	0.028515
586	311	0.0623661
586	569	0.0172766
586	876	0.0188559
586	53	0.031853
586	782	-0.0416288
586	822	-0.0135551
588	844	-0.0859939
589	134	0.0221505
589	975	-0.012491
590	887	-0.0270607
591	173	0.0216109
591	334	-0.0221018
597	254	0.0314345
597	583	0.0595594
597	880	-0.029105
597	942	0.0334416
599	925	-0.0657326
601	773	0.0307288
610	831	-0.0396696
610	460	-0.0255352
610	527	0.0247434
610	556	0.0517111
615	547	-0.0408828
616	379	0.0428561
616	167	0.0318292
617	505	-0.0383648
617	160	0.0137484
617	320	0.0138947
617	922	0.0576485
617	736	0.0509364
617	20	-0.0268653
617	412	0.0150449
617	45	-0.0309418
617	487	0.0127096
617	113	-0.040418
617	444	-0.0244713
617	965	-0.0554257
617	384	-0.0273704
617	698	0.0160389
617	93	0.0251659
617	949	0.0278231
617	35	0.0160816
617	665	0.0380027
617	964	0.0156877
617	244	0.0178439
617	270	-0.00834171
617	767	-0.0239317
617	858	0.0269596
617	253	0.0376434
617	268	0.039567
617	925	0.026223
617	537	-0.0193096
617	695	0.0257378
617	46	0.0223716
617	513	0.0537854
617	782	-0.0329335
617	460	0.0322151
617	929	-0.032061
617	709	-0.0115524
617	405	-0.027739
617	840	0.0391012
617	661	0.042503
617	366	-0.0266425
617	937	0.00993646
617	8	0.0281001
617	243	0.0381651
617	781	0.0235367
617	590	0.0787278
617	920	-0.0139157
617	190	-0.0609138
617	888	0.0143992
617	305	-0.0196139
617	342	-0.021909
617	181	0.0191303
620	550	0.0240345
620	806	-0.0269373
620	494	0.0212508
623	409	-0.0143889
626	666	-0.0367381
627	142	0.0162573
627	8	-0.0369479
627	309	-0.0301522
627	684	-0.0283112
637	581	-0.031745
637	988	0.0251124
637	797	0.0616803
637	955	-0.0319302
637	243	-0.0356951
637	907	-0.0238473
637	686	0.0441001
637	963	-0.0316057
641	456	0.0337189
641	473	-0.0231344
645	189	-0.0223156
645	255	0.0748804
645	101	0.0704257
647	746	-0.0326104
647	438	-0.0465356
647	567	0.0276291
647	33	0.0921336
648	249	-0.0410608
648	476	-0.032368
648	437	-0.0169276
648	153	0.0161647
648	816	0.00969727
648	123	-0.0535685
648	964	0.092155
648	463	-0.0242795
648	831	-0.0307012
648	11	-0.0266161
648	828	0.0215737
648	587	0.042427
648	498	0.0115501
648	144	0.0241273
648	18	0.0148905
652	372	-0.0539625
652	356	-0.0134996
656	391	0.0499066
656	719	-0.0458828
656	254	-0.0315496
656	583	-0.0465784
656	625	0.0182834
656	819	-0.0843987
656	77	0.0430532
659	911	-0.0236829
659	285	-0.0439242
659	4	-0.0146384
659	428	-0.0197595
659	750	-0.0344908
659	371	-0.044277
659	647	-0.0191953
659	0	-0.0491753
659	525	0.0243781
659	645	-0.0559469
659	597	0.0186613
659	559	0.0501175
659	573	-0.0419348
659	232	-0.0323872
659	966	-0.0756891
659	272	-0.0481515
659	343	0.0367324
659	254	0.0321952
659	36	-0.0310163
659	579	-0.0512389
659	732	-0.0617713
659	247	0.0299511
659	625	-0.0396626
659	880	0.0197195
659	194	0.0479551
659	730	-0.0474615
659	161	0.079156
659	934	0.0190944
659	545	-0.0573344
659	846	-0.0227236
659	503	0.037221
659	979	-0.0479555
659	502	-0.030643
662	190	0.0497245
665	362	0.0570223
665	527	0.0347583
673	812	-0.0335258
676	875	0.0501663
676	673	-0.0314116
677	991	-0.0176342
693	920	0.0193005
698	353	0.0299979
698	437	-0.0132709
698	569	0.0350329
698	204	0.0103553
698	276	-0.0454197
698	360	-0.0381112
700	797	-0.0160735
700	475	0.0177238
700	774	0.0338943
710	365	0.0200951
710	656	0.0759198
710	448	-0.00966111
710	474	-0.0380796
710	794	-0.0441368
710	272	-0.0543071
710	579	0.0469747
710	194	0.0450358
710	264	0.0698707
711	959	-0.0571558
712	532	0.037706
716	576	0.0256438
718	486	-0.0289976
718	730	0.0292953
718	903	0.0189006
719	255	0.0458443
719	846	-0.047255
719	996	-0.0484469
721	944	0.0347615
721	224	-0.0331325
721	659	-0.021437
721	911	-0.0483212
721	357	0.0413369
721	428	0.0508896
721	750	-0.0720606
721	149	0.0270216
721	867	0.0744536
721	731	0.0328653
721	647	-0.0308692
721	839	0.0363222
721	391	-0.0558223
721	191	0.0275744
721	746	0.0408898
721	406	0.0477166
721	525	0.0589846
721	571	0.0315908
721	86	0.0243835
721	559	0.0461487
721	573	-0.0541893
721	522	0.0372479
721	794	0.041808
721	258	-0.0581886
721	36	-0.0334513
721	579	0.0612398
721	51	-0.0202638
721	683	0.019926
721	372	0.0356785
721	21	0.030073
721	356	-0.0394663
721	567	-0.0210762
721	893	0.0824231
721	909	-0.0238458
721	264	0.024637
721	934	0.06231
721	321	-0.0142258
721	213	0.0859008
721	624	-0.0164906
721	452	0.0395534
721	350	0.0135678
727	671	0.0163841
727	344	-0.0346068
731	127	0.0311888
731	391	0.0667345
731	486	0.0193937
731	61	0.0288951
731	483	-0.0206256
731	625	0.0186325
731	288	-0.0248642
736	648	-0.0535299
736	565	0.0294099
736	35	-0.03939
736	665	-0.0198179
736	362	0.0181986
736	616	-0.0208726
736	244	0.0326393
736	569	0.055224
736	234	-0.0342645
736	691	0.0179419
736	858	-0.056281
736	259	0.0298253
736	489	0.0776436
736	513	-0.0339998
736	661	0.0186403
736	741	-0.0246309
736	515	-0.0155246
746	348	0.0282041
746	583	0.0357589
746	65	0.0236641
747	7	-0.0480665
749	297	-0.0509236
750	867	0.0146252
750	731	-0.0523939
750	266	-0.0320815
750	656	0.0288858
750	191	0.0253196
750	486	0.0557502
750	571	-0.0456575
750	61	-0.0263296
750	977	0.0710185
750	794	0.0196603
750	189	0.0231392
750	101	-0.0835623
750	467	-0.0412811
750	572	-0.0179899
752	609	0.00981417
758	69	0.017209
760	100	0.0288458
760	588	-0.0154519
760	269	0.0100627
760	862	0.0190047
761	695	0.0213277
761	886	0.0159655
765	487	0.0150815
765	461	-0.0203301
765	616	0.0823775
765	163	0.0136854
765	649	0.0157852
765	157	0.0290919
765	785	-0.0353213
765	836	-0.0364151
765	32	-0.0424672
765	871	0.0325146
765	17	-0.0461431
765	826	-0.0443674
768	981	0.024139
768	848	-0.0286397
777	209	0.0177759
784	93	-0.0435792
784	599	0.0277952
784	126	-0.0198225
784	368	-0.0255994
784	649	-0.025146
784	963	0.0184958
790	142	0.0492661
790	493	0.0162865
790	886	-0.0404727
790	515	0.024117
790	755	0.0163046
794	220	0.0286878
797	825	0.0258581
797	53	-0.0225657
797	259	0.0422585
803	494	-0.0177776
803	738	0.0378449
809	700	-0.0500625
809	153	0.0248161
809	244	0.0240889
809	242	-0.02968
809	289	0.0274759
809	691	0.0387023
809	429	-0.0410086
809	817	-0.0307195
809	822	0.0178648
814	55	0.0371784
814	863	0.0364816
814	775	0.0281627
816	259	0.0363133
816	693	-0.0348584
819	927	-0.0198738
825	983	-0.0256908
828	286	-0.0126046
828	309	0.034084
830	310	-0.0146458
831	734	-0.0338706
839	969	-0.0561162
839	719	-0.0343437
839	577	0.0164594
839	220	0.0105315
839	467	-0.0551058
839	192	0.0267444
839	820	-0.0220995
840	425	-0.0352682
845	3	0.0220704
851	373	0.0287398
854	76	-0.0229573
858	587	-0.0197916
860	617	0.0181736
860	505	-0.0260627
860	75	-0.0300281
860	469	0.0177545
860	160	0.0352735
860	279	0.0220161
860	120	0.0205479
860	736	0.0178365
860	648	-0.047012
860	520	-0.0495163
860	6	0.0431102
860	412	0.0169242
860	476	-0.00985778
860	869	-0.0248292
860	487	0.024423
860	580	0.0408803
860	420	-0.0327723
860	868	-0.0254353
860	924	0.0248435
860	784	-0.0194796
860	175	-0.0373975
860	398	-0.0247008
860	13	0.0137251
860	108	-0.0347404
860	641	0.0328196
860	131	0.0236773
860	620	0.0251789
860	311	0.0105851
860	550	0.0824198
860	825	0.0356751
860	463	0.0237684
860	214	-0.0423584
860	38	-0.0326549
860	952	-0.0437404
860	591	0.0162394
860	561	-0.0219626
860	749	0.0155181
860	124	-0.0370446
860	859	0.0330553
860	383	-0.0448569
860	715	-0.0367466
860	955	-0.0293407
860	295	0.0166297
860	662	-0.0269013
860	661	0.0177842
860	920	0.0233357
860	558	-0.0396607
860	941	-0.0329805
860	246	-0.0199884
860	114	0.0458691
860	739	0.0197424
860	566	0.0260025
867	647	-0.0596082
867	977	0.0406423
867	432	0.0306095
867	247	-0.0670447
867	875	0.12143
867	77	0.0242158
867	666	-0.0334522
867	877	0.0419965
867	102	-0.0512873
868	924	-0.0309682
868	581	-0.0278722
868	37	-0.00533585
868	620	-0.0217614
868	803	0.0126833
868	269	-0.0294072
868	757	0.0103288
868	802	-0.0417312
869	420	-0.014446
869	790	-0.0126119
869	814	0.0218527
869	142	0.0320618
869	242	-0.00984698
869	749	0.0157917
869	728	0.0234122
869	709	-0.0288206
869	986	-0.0136833
869	172	0.0239325
869	852	-0.0162576
869	538	-0.0223249
870	14	-0.0371296
870	726	0.0448296
876	547	0.0279747
878	13	0.0366658
878	627	-0.030791
878	456	-0.0367716
878	242	-0.0317778
878	876	-0.02186
878	662	0.0311463
878	937	-0.0436859
878	118	-0.0270142
878	71	-0.0269215
885	257	-0.0323649
894	623	0.0209767
911	285	-0.0234181
911	428	0.024506
911	750	0.0288548
911	149	0.034936
911	647	-0.0209177
911	839	0.0445121
911	718	-0.0288481
911	474	-0.0437781
911	86	-0.0300872
911	977	0.0284972
911	573	0.050436
911	232	0.0649358
911	432	0.0422174
911	258	0.0189127
911	517	-0.0362059
911	652	-0.0644408
911	418	0.0454577
911	880	0.0209897
911	65	0.014046
911	220	0.0514986
911	288	0.0410662
911	56	0.0293712
911	192	-0.018654
911	851	-0.0178506
911	3	0.0306131
911	521	0.0315117
916	391	0.0287987
916	191	-0.0283462
916	0	0.0281235
916	746	-0.0359492
916	525	0.0250985
916	474	0.0692948
916	597	-0.0243257
916	579	0.057805
916	732	-0.059847
916	551	0.090811
916	63	-0.0189818
916	344	0.0527985
916	909	0.0539884
918	246	-0.0262056
922	586	-0.0376401
922	476	0.0276675
922	565	0.0247599
922	938	0.0428626
922	580	0.039242
922	444	0.03048
922	335	0.0260538
922	175	0.0246558
922	389	0.0414481
922	816	-0.0250346
922	541	-0.0349091
922	876	-0.0315761
922	561	-0.0233516
922	768	0.0350371
922	588	0.0341016
922	489	-0.0589535
922	981	0.0141359
922	66	-0.0357342
922	417	0.0156855
922	514	0.037983
922	757	-0.0288923
924	184	0.0207276
924	83	-0.0113667
924	313	-0.0135341
924	541	0.0238993
924	367	0.0137258
924	852	-0.016998
925	29	-0.0200152
928	429	-0.0172425
929	114	0.0218072
938	698	-0.0105455
938	398	-0.0275283
938	93	-0.0131739
938	946	0.0290859
938	100	0.0583139
938	952	-0.0344619
938	144	-0.027585
938	188	-0.0436437
940	20	-0.0203391
940	412	0.0196996
940	580	-0.0320009
940	420	0.0218749
940	974	-0.0450171
940	403	-0.0412103
940	790	0.0396447
940	466	-0.0106455
940	313	-0.0151118
940	928	0.0166396
940	859	-0.033862
940	728	0.0132851
940	217	0.0215462
940	295	-0.0262872
940	405	0.0155114
940	172	0.0271075
940	872	0.0289063
940	701	-0.0218982
940	930	0.0352987
944	224	0.0442539
944	659	0.0322192
944	911	-0.0212638
944	285	0.039357
944	4	0.0312024
944	428	0.0571177
944	750	-0.0488772
944	371	0.0560481
944	266	-0.0169048
944	656	0.0426915
944	0	0.0568526
944	718	-0.0704489
944	406	-0.0478827
944	448	-0.0266322
944	571	-0.0425244
944	271	-0.0204224
944	522	0.0221295
944	201	0.0430516
944	432	0.0599601
944	272	-0.100423
944	517	0.0273725
944	51	-0.0839866
944	732	0.0583666
944	255	-0.0398333
944	577	-0.0585946
944	854	-0.0409094
944	551	0.0143114
944	683	0.0322143
944	913	-0.0603848
944	372	-0.0614659
944	567	0.0315313
944	711	0.0255786
944	56	-0.0671831
944	834	-0.0223269
944	165	-0.0905304
944	373	0.0296863
944	321	-0.0580713
944	49	0.0724979
944	19	0.0198803
946	450	0.0208233
946	11	-0.0396076
946	715	-0.0231741
946	716	-0.0319207
949	466	-0.0174669
949	859	-0.0384748
949	42	0.0294045
949	955	0.0270532
952	806	-0.0322638
952	781	-0.0338727
960	572	-0.0453245
964	71	-0.0283502
965	479	0.0475944
965	700	0.0163521
965	142	-0.0242395
965	925	-0.0246152
965	309	0.0198591
965	455	0.034619
965	81	-0.0257476
966	189	0.021805
966	300	0.032445
966	351	0.0527735
966	58	-0.013974
969	65	0.0166578
969	351	-0.0601227
969	503	0.0720143
972	928	0.0254296
972	286	-0.0246681
974	105	-0.0345461
974	466	0.0304517
974	10	-0.0355203
974	591	-0.0428634
974	767	-0.0129379
974	858	0.0332797
974	8	-0.0251971
974	129	0.0369061
977	255	-0.0347695
977	33	0.0473955
977	672	0.0331703
977	877	0.0479161
978	561	0.0287037
978	396	-0.0192219
978	728	0.0272383
980	88	0.0362626
982	379	0.0412482
982	728	0.0352136
982	294	0.0411228
988	387	-0.0220941
988	234	-0.0133095
988	117	0.0122672
988	147	0.0499099
988	720	0.0322655
990	249	-0.0143923
990	6	0.0306924
990	765	-0.0329335
990	878	-0.0314948
990	809	-0.0178006
990	988	0.0361086
990	105	0.0422386
990	387	-0.0179295
990	949	-0.0108575
990	210	0.0355067
990	550	0.0717741
990	362	0.0172604
990	831	0.0392964
990	291	0.0514547
990	169	0.0376916
990	16	0.0163635
998	495	-0.0201743
998	346	0.039424
