Parameters used to generate the architecture:
rdynamics 1
capacity 1
replenish 2375
inflow 400
outflow 100
hsymmetry 0
ecosel 1
dispersal 0.01
birth 1
survival 0.8
sexsel 10
matingcost 0.01
demesizes 100 0 
nvertices 100 100 100 
nedges 1000 1000 1000 
nchrom 3
mutation 0.0001
recombination 3
allfreq 0.2
scaleA 0.5 0.5 0.5 
scaleD 0 0 0 
scaleI 0.5 0.5 0.5 
scaleE 0 0 0 
skews 1 1 1 
effectshape 5
effectscale 1
interactionshape 1
interactionscale 1
dominancevar 1
tburnin 1000
tend 2000
tsave 100
tfreeze 20001
talkative 1
record 1
datsave 1
choosewhattosave 1
gensave 0
archsave 1
archload 0
parsave 1
archfile architecture.txt
parfile paramlog.txt
orderfile whattosave.txt
logfile log.txt
seed 1591705098306869744
ntrials 1000

Architecture:
chromosomes
0.333333 0.666667 1 
traits
0 1 0 2 1 1 2 0 1 0 0 2 2 0 0 1 2 2 1 0 0 2 1 2 1 2 1 0 0 2 2 1 2 1 1 2 2 0 1 2 2 2 1 0 2 1 1 2 0 0 2 0 2 1 0 1 2 2 2 2 1 1 1 1 2 1 1 1 1 0 2 1 2 0 0 2 2 2 1 1 2 1 2 2 0 1 0 2 1 1 0 1 1 1 2 1 0 0 2 0 2 0 2 1 2 0 0 1 2 1 0 0 2 0 2 0 1 1 0 0 0 2 1 0 0 0 1 1 2 0 1 2 2 2 0 1 0 1 0 2 0 0 1 2 1 0 2 1 2 0 1 2 0 0 1 1 1 0 1 1 2 2 0 2 0 1 1 1 0 2 2 2 0 0 2 0 1 2 0 0 1 2 0 0 1 1 0 1 1 2 0 0 1 2 0 1 2 1 0 1 2 0 0 2 1 1 2 0 2 0 0 1 2 0 2 2 0 2 0 0 1 1 2 0 1 1 2 0 2 1 1 0 1 1 2 2 2 0 1 1 0 0 0 0 0 2 1 1 2 2 2 2 2 0 1 2 1 0 1 1 2 1 2 0 0 2 0 1 0 0 1 2 2 2 1 0 0 0 2 2 0 0 1 0 0 2 1 2 0 1 1 0 1 2 0 1 2 2 2 1 
locations
0.00183411 0.00714216 0.00752812 0.0120595 0.014688 0.0178597 0.0181279 0.0204006 0.0300057 0.0339609 0.037776 0.0410221 0.0463422 0.0473557 0.0510366 0.0582253 0.0676122 0.0683817 0.0719045 0.0865503 0.0884576 0.0905006 0.0907744 0.0959232 0.100829 0.113095 0.113504 0.116726 0.117699 0.118148 0.118779 0.131953 0.14626 0.149009 0.150455 0.150769 0.156612 0.160475 0.16153 0.161945 0.16418 0.172132 0.178317 0.17878 0.179217 0.179416 0.183076 0.188394 0.192197 0.193333 0.195391 0.198775 0.199747 0.20032 0.203536 0.21132 0.211448 0.221096 0.224554 0.227051 0.230309 0.230476 0.231451 0.235937 0.245944 0.250794 0.252404 0.255256 0.263129 0.263322 0.266503 0.26679 0.271266 0.277983 0.279502 0.283343 0.286619 0.29066 0.290713 0.294291 0.297653 0.29892 0.304694 0.307297 0.307342 0.308148 0.308149 0.310725 0.3162 0.320495 0.329579 0.329922 0.331609 0.335224 0.335892 0.34283 0.345914 0.348914 0.351095 0.352686 0.353557 0.357176 0.358709 0.362645 0.365971 0.367892 0.370488 0.374181 0.374971 0.37801 0.378529 0.382867 0.384094 0.386315 0.390415 0.391442 0.392039 0.394547 0.39699 0.397139 0.398594 0.404042 0.404735 0.409106 0.410826 0.412672 0.414688 0.414991 0.425299 0.429607 0.42999 0.430796 0.434641 0.438052 0.441799 0.445155 0.451207 0.456173 0.460526 0.4608 0.462009 0.462463 0.462712 0.46306 0.468556 0.470414 0.473284 0.475864 0.47777 0.480857 0.481267 0.487925 0.493223 0.493812 0.49413 0.496787 0.504829 0.506863 0.507154 0.514362 0.523658 0.524049 0.527159 0.527634 0.530135 0.534619 0.534679 0.538836 0.539019 0.539959 0.545103 0.551547 0.553023 0.554377 0.558908 0.559093 0.559466 0.559898 0.564659 0.565161 0.569774 0.570669 0.577617 0.579312 0.587318 0.599133 0.605941 0.611172 0.623592 0.626777 0.63061 0.637798 0.638278 0.641076 0.643302 0.645688 0.646113 0.653648 0.658097 0.658612 0.661148 0.661449 0.663478 0.666474 0.668504 0.673511 0.676033 0.683309 0.68552 0.689614 0.694743 0.695625 0.696318 0.699468 0.705011 0.706323 0.708317 0.718142 0.719647 0.723842 0.72453 0.728942 0.729551 0.735188 0.737186 0.748265 0.74934 0.755746 0.755827 0.759139 0.768248 0.769582 0.77156 0.772731 0.774537 0.77533 0.77798 0.791573 0.793603 0.793854 0.798709 0.804524 0.805553 0.806266 0.813837 0.819736 0.822592 0.8254 0.829661 0.832639 0.8403 0.847187 0.847594 0.848544 0.848713 0.851926 0.856404 0.86375 0.867315 0.868267 0.872529 0.873006 0.874079 0.875911 0.876853 0.8769 0.877716 0.879266 0.879842 0.885053 0.885943 0.888059 0.890048 0.892405 0.900414 0.900712 0.925589 0.925742 0.931461 0.942833 0.943566 0.944965 0.951006 0.955808 0.956065 0.957102 0.958038 0.962888 0.962953 0.97169 0.973974 0.978355 0.979186 0.986596 0.98896 0.989567 0.995052 0.995704 0.997034 0.999084 
effects
0.0523118 -0.065071 -0.0869371 -0.0732978 -0.0250158 0.0207455 -0.0872114 0.111953 -0.104491 -0.080856 0.0723454 -0.130147 -0.0843872 -0.111758 -0.14937 -0.0958418 0.113759 0.129026 0.140591 0.0529706 -0.0655759 0.160816 0.0490514 0.0895876 0.0465248 0.0571048 -0.0338639 -0.129523 -0.0620125 0.0404217 -0.114569 0.0672218 -0.116965 -0.0947718 -0.0597134 0.201624 -0.0323978 0.134142 0.0938643 -0.0714104 -0.0643626 -0.0996336 0.0874724 -0.0367491 0.0690085 0.0931955 0.188442 -0.187543 0.137325 -0.0896882 0.0337801 -0.143722 0.0610056 0.0843006 0.070674 -0.0881131 0.159479 -0.0615142 0.0150444 0.112709 0.0294247 -0.0772346 0.145793 -0.0815305 0.0552456 0.0727679 -0.0523019 -0.0394796 -0.0634844 0.120447 0.0525099 -0.0678239 0.0652284 0.134373 -0.105219 0.12064 -0.0874288 -0.097012 -0.152308 -0.0654221 -0.0770358 0.1287 -0.102907 -0.0539296 -0.113046 0.120325 -0.166748 0.11136 0.0945839 -0.0883701 -0.0576372 -0.147316 0.254119 -0.131945 -0.102818 -0.0672325 0.0824772 -0.0657783 0.176316 0.175861 0.0336451 0.136771 0.0664277 -0.107663 -0.0544804 -0.0364862 -0.0652431 0.121629 0.0837777 0.133944 0.0791074 -0.0394084 -0.125213 -0.0429141 0.0750151 -0.149756 0.104584 0.165049 0.02238 0.121255 0.116237 0.0953914 -0.124123 0.0492105 0.0934468 0.0597193 -0.0596463 0.0894515 0.0801132 0.0253821 0.0726751 0.122692 0.0825777 -0.0707077 0.0675726 0.0918254 0.0676255 0.107245 0.106958 0.095681 -0.098648 -0.123628 0.155019 0.104834 0.0666316 0.063315 -0.0813502 -0.09422 0.106991 0.245486 0.0995801 -0.104891 -0.0469146 -0.100418 0.0564168 0.0587926 0.0729751 0.0966657 -0.0987387 0.159701 -0.0885329 0.0702794 -0.142136 0.0850249 0.0647668 0.0661538 -0.0542587 0.0452532 -0.02454 -0.0242481 -0.066303 0.0597219 0.0592364 -0.103737 -0.0885926 -0.0632177 -0.045022 0.139847 0.13115 0.0389788 0.0762417 -0.0732382 0.085197 0.0930898 0.125602 -0.120974 0.0868358 0.0749433 -0.0309303 -0.0487481 -0.0542691 0.186005 0.114182 -0.0330207 0.0316655 0.0996475 0.162667 -0.0280323 0.11303 0.110271 -0.159574 -0.195775 -0.101095 0.129295 0.141689 0.0328604 -0.0532691 0.116518 0.0691797 -0.150183 0.0649413 0.024022 -0.115768 0.0580184 -0.112219 -0.132662 0.0598645 -0.0676025 -0.0843919 0.149252 -0.101974 0.0916387 0.133101 -0.0379712 -0.174719 0.0950464 -0.0265188 -0.0617239 0.054239 0.125729 -0.100242 0.043423 -0.0264538 -0.035043 -0.0478922 0.0505652 -0.13382 -0.0529621 -0.106539 0.0984766 -0.0572567 0.109249 0.138967 0.0374847 0.164207 -0.0911483 0.116737 -0.0682102 0.124933 0.10592 -0.127614 -0.260165 0.0942647 -0.0686367 0.0633145 -0.123336 0.0669176 -0.0575809 0.178328 -0.0746171 0.0786982 0.0993044 0.0819006 -0.0816919 -0.020923 0.126476 -0.0920998 -0.115069 -0.0752086 0.0667083 0.139673 0.0903746 -0.0384704 0.0628687 0.0950502 0.0670496 0.0431958 -0.0896129 0.0896908 -0.130832 -0.059312 0.123079 -0.0495929 0.0915156 -0.148255 0.0664404 0.12779 0.0923551 -0.109471 -0.0808789 0.0700273 0.109966 0.149175 -0.0537719 -0.115575 -0.0386859 0.0644709 0.0758744 0.0800667 -0.0461579 
dominances
0.0181452 0.0305934 0.0586689 0.0894691 0.0132224 0.068225 0.154402 0.0350045 0.0344295 0.125133 0.0396473 0.106822 0.0503099 0.00314607 0.0138657 0.0699496 0.158024 0.148924 0.0290597 0.0682912 0.080409 0.161408 0.0875821 0.0593724 0.040127 0.0667744 0.124471 0.145208 0.0350469 0.109166 0.0281658 0.0336046 0.016892 0.0841638 0.0871487 0.0340015 0.0249409 0.21645 0.0844244 0.0625118 0.0059573 0.19559 0.184776 0.0534307 0.0455609 0.0405788 0.0490889 0.0335927 0.00830099 0.299448 0.051936 0.0635756 0.0920154 0.0598954 0.0730422 0.0901025 0.141191 0.0351233 0.113065 0.161769 0.0463239 0.108659 0.0211124 0.13411 0.0575043 0.00265151 0.0462194 0.0802784 0.0676068 0.0560995 0.0652162 0.163609 0.00441006 0.0715183 0.0600424 0.0657479 0.102244 0.000389288 0.0255316 0.0525823 0.0949163 0.0620745 0.0942507 0.0278023 0.100156 0.175955 0.0258524 0.104959 0.087321 0.0738594 0.0891293 0.0266318 0.134068 0.0711776 0.0336756 0.119525 0.107417 0.0808864 0.0937179 0.00773847 0.0430618 0.0551339 0.170016 0.0834197 0.147205 0.0281499 0.0100769 0.0821323 0.0368376 0.11089 0.100858 0.0531648 0.0778082 0.0151376 0.0831666 0.100374 0.00767318 0.231996 0.164856 0.0999398 0.0490746 0.10896 0.00957295 0.0346741 0.0835321 0.0459919 0.164446 0.0709829 0.0514002 0.0602408 0.108968 0.109104 0.0172037 0.095292 0.0456733 0.0156653 0.0640071 0.131527 0.0369738 0.0361815 0.0495891 0.00140194 0.0871059 0.0620586 0.0809538 0.00576535 0.102929 0.0475144 0.209282 0.08869 0.057283 0.081825 0.0180339 0.0428103 0.153718 0.0157898 0.0936044 0.0615696 0.118311 0.0482133 0.0500223 0.0590987 0.132299 0.111751 0.0797933 0.0918654 0.0269835 0.0577886 0.0335809 0.0818198 0.089644 0.147549 0.134431 0.0291291 0.0819702 0.0695035 0.0715408 0.0292182 0.143642 0.087841 0.341842 0.107664 0.0311271 0.207539 0.042222 0.0855133 0.0910464 0.00150341 0.0816686 0.123708 0.00824272 0.114191 0.0328153 0.124631 0.0147699 0.138995 0.0140347 0.0278149 0.100685 0.17049 0.0220093 0.0319646 0.144721 0.162081 0.0671357 0.0522458 0.166427 0.216147 0.112913 0.0748485 0.105609 0.176798 0.0993731 0.13224 0.107913 0.10068 0.109394 0.0278734 0.143482 0.086777 0.00719246 0.023328 0.100982 0.10857 0.212326 0.0541255 0.0389107 0.0659112 0.0798708 0.150858 0.15296 0.0312927 0.156309 0.079556 0.0248923 0.111321 0.0462272 0.151406 0.122319 0.184204 0.026002 0.0206979 0.0478621 0.0468454 0.0949895 0.0657765 0.0337209 0.116546 0.0767853 0.18711 0.0279196 0.0613081 0.247718 0.103552 0.0607226 0.141608 0.0360073 0.236443 0.000103329 0.0762948 0.00658631 0.0316772 0.130996 0.105596 0.0597036 0.285431 0.0697681 0.0599647 0.090269 0.122822 0.0337714 0.0339294 0.106083 0.0216541 0.0563937 0.0899299 0.269433 0.0716902 0.0471104 0.0612831 0.0935259 0.153317 0.073707 0.139353 0.186795 0.0397901 0.00480868 0.127504 0.0468859 0.0847669 0.224891 0.0863873 0.0258291 0.0026214 0.00428174 0.0307138 0.0369799 0.0421138 0.0552471 0.0725038 

network 0 1000
edges0
37 73 37 37 231 73 73 37 2 231 231 291 73 37 2 73 291 2 129 231 37 291 129 231 37 136 2 73 86 2 231 136 129 73 291 37 129 209 136 291 86 37 2 73 231 231 86 140 37 129 209 291 2 136 136 129 37 266 291 209 140 86 2 73 231 266 291 9 136 209 86 231 37 140 73 129 2 140 291 266 2 86 231 86 37 138 2 9 231 291 73 140 136 129 209 73 136 86 140 266 37 182 231 2 105 129 28 9 105 291 231 73 182 136 138 209 2 140 86 266 9 28 266 231 209 291 140 138 157 69 28 209 73 136 291 266 140 129 86 37 105 136 231 105 73 86 209 141 140 291 136 9 37 231 209 2 105 69 291 209 138 2 86 141 266 37 73 2 268 86 138 182 9 219 138 136 37 209 140 129 86 141 69 157 2 291 73 231 209 140 9 86 243 129 69 28 141 291 37 138 268 140 182 37 138 157 86 2 129 73 105 266 69 129 136 268 37 266 105 157 73 138 266 291 243 2 141 136 86 69 140 69 86 140 125 138 141 157 266 243 2 86 209 125 219 28 73 69 179 9 219 140 69 266 136 231 138 182 86 2 140 219 86 231 178 243 9 37 140 73 129 157 210 138 86 266 175 157 141 37 136 231 73 69 209 9 20 140 175 157 219 138 125 209 210 291 37 141 105 264 69 28 136 140 291 268 210 178 157 266 105 69 96 219 240 9 69 136 73 20 27 2 136 210 138 10 266 157 73 179 291 86 69 231 105 209 129 178 28 182 291 73 243 125 175 69 266 10 138 141 86 153 9 129 86 37 105 138 20 209 140 242 202 138 129 268 141 73 9 96 37 105 136 2 242 69 86 73 175 69 291 178 28 202 266 231 209 86 125 138 291 264 129 2 27 182 10 294 178 136 219 210 202 10 168 99 242 138 28 202 291 37 175 266 231 2 27 140 69 73 231 86 266 28 182 268 105 149 209 141 105 73 240 37 178 99 136 138 69 129 20 27 140 268 231 242 69 294 141 264 175 125 209 201 294 141 99 179 209 28 219 152 84 10 99 111 149 138 266 20 162 240 201 138 283 266 27 37 231 20 209 86 266 9 231 268 138 168 48 157 2 210 49 291 129 219 175 210 140 86 291 73 138 243 49 266 2 201 283 84 231 99 277 140 69 291 49 141 125 37 201 9 266 2 99 48 141 9 268 266 283 138 37 27 277 136 209 99 49 140 182 86 268 157 175 240 223 138 73 242 231 266 141 216 37 178 9 10 99 175 111 69 105 266 175 202 291 48 138 9 288 268 141 69 209 106 162 266 175 2 129 37 210 140 129 48 162 101 201 129 243 27 241 209 105 138 284 9 268 69 237 69 216 241 231 149 288 175 291 96 20 105 175 210 48 209 134 37 240 283 268 153 149 43 291 202 106 266 178 140 141 134 172 69 9 284 84 210 223 141 136 216 86 201 243 106 266 263 284 175 182 27 105 140 277 86 157 288 266 28 241 219 231 175 111 283 210 37 138 209 69 73 268 202 27 175 86 266 157 257 28 125 2 37 69 291 106 288 276 51 2 138 37 268 178 129 140 210 73 9 111 182 266 231 157 37 268 138 198 69 288 243 136 175 101 291 48 37 219 138 9 153 201 241 266 138 86 27 20 37 125 201 138 162 2 111 105 231 216 175 86 219 276 138 291 27 37 240 97 134 99 105 86 140 201 257 210 291 257 140 69 190 115 49 27 123 276 28 138 201 284 243 2 175 84 223 241 223 216 291 10 138 136 118 140 105 175 129 134 69 10 120 268 37 202 141 209 240 115 106 105 182 175 48 202 86 198 263 241 140 110 111 37 190 20 210 201 73 140 210 266 86 291 219 141 99 105 138 182 48 99 37 243 141 138 105 20 86 73 2 266 48 263 69 162 28 123 113 209 168 51 231 129 201 2 291 178 216 110 266 209 140 178 111 138 231 97 281 28 210 243 129 110 237 190 105 2 43 201 7 141 37 209 153 138 280 172 264 37 291 294 73 288 175 123 141 49 237 201 209 242 90 283 198 86 175 138 209 178 291 37 266 284 268 111 115 216 86 28 123 13 266 69 190 291 209 182 216 13 134 123 74 141 136 266 49 84 182 73 157 141 266 129 207 269 237 134 28 275 86 162 7 173 2 134 96 49 268 105 209 291 257 96 10 140 209 115 141 99 136 140 231 110 129 69 178 210 281 129 231 145 97 182 190 43 157 275 86 162 101 123 202 283 69 123 202 27 138 201 266 
edges1
73 231 231 2 2 2 291 291 291 291 129 129 129 129 129 136 136 136 136 136 136 86 86 86 86 86 86 86 209 209 209 209 209 209 209 209 140 140 140 140 140 140 140 140 140 266 266 266 266 266 266 266 266 266 9 9 9 9 9 9 9 9 9 9 9 138 138 138 138 138 138 138 138 138 138 138 138 182 182 182 182 182 182 105 105 105 105 105 105 105 105 105 105 105 28 28 28 28 28 28 28 28 28 28 28 69 69 69 69 69 69 69 69 69 69 69 69 69 69 69 157 157 157 157 157 157 157 141 141 141 141 141 141 141 141 141 141 141 141 141 141 219 219 219 219 219 219 219 219 219 125 125 125 125 125 125 125 268 268 268 268 268 268 268 268 268 20 20 20 20 20 20 20 20 243 243 243 243 243 243 243 243 243 243 243 243 178 178 178 178 178 178 178 178 178 178 178 178 178 178 178 10 10 10 10 10 10 10 10 10 10 10 10 84 84 84 84 84 84 84 210 210 210 210 210 210 210 210 210 210 210 179 179 179 179 179 179 179 264 264 264 264 264 264 264 264 264 264 264 153 153 153 153 153 153 153 153 153 153 149 149 149 149 175 175 175 175 175 175 175 175 175 175 223 223 223 223 223 223 223 223 223 96 96 96 96 96 96 27 27 27 27 27 27 27 27 27 27 27 27 27 27 240 240 240 240 240 240 240 240 240 240 202 202 202 202 202 202 202 202 277 277 277 277 277 277 277 277 277 168 168 168 168 168 168 168 168 168 168 242 242 242 242 242 242 242 242 242 242 242 242 242 242 111 111 111 111 111 111 111 111 111 111 294 294 294 294 294 294 294 294 294 294 294 294 294 294 162 162 162 162 162 162 162 99 99 99 99 99 99 99 99 99 99 99 99 99 99 99 99 99 99 99 48 48 48 48 48 48 48 48 48 48 48 48 201 201 201 201 201 201 201 201 201 201 201 201 201 201 201 152 152 152 152 152 152 106 106 106 106 106 106 106 106 190 190 190 190 190 190 190 190 190 190 288 288 288 288 288 288 283 283 283 283 283 283 283 283 283 283 283 49 49 49 49 49 49 49 49 49 216 216 216 216 216 216 216 216 216 216 216 216 216 216 134 134 134 134 134 134 134 134 134 134 134 134 134 134 134 134 134 134 134 257 257 257 257 257 257 257 257 257 257 257 257 101 101 101 101 101 101 101 101 101 101 101 101 101 101 284 284 284 284 284 284 284 284 284 284 284 284 284 284 241 241 241 241 241 241 241 241 198 198 198 198 198 198 198 263 263 263 263 263 263 263 263 263 263 263 263 263 191 191 191 191 191 191 191 191 237 237 237 237 237 237 237 237 237 237 237 43 43 43 43 43 43 43 43 43 43 43 43 172 172 172 172 172 172 172 172 172 172 172 275 275 275 275 275 275 275 275 115 115 115 115 115 115 115 115 115 115 115 115 115 269 269 269 269 269 269 276 276 276 276 276 276 276 276 276 276 276 276 276 145 145 145 145 145 145 145 145 145 51 51 51 51 51 51 51 51 51 51 51 51 51 51 51 51 54 54 54 54 54 54 54 54 54 54 54 54 54 186 186 186 186 186 186 186 186 186 186 186 186 186 186 113 113 113 113 113 113 113 113 123 123 123 123 123 123 123 123 97 97 97 97 97 97 97 97 97 97 97 97 119 119 119 119 119 119 119 119 119 119 119 119 119 119 118 118 118 118 118 118 118 118 118 118 118 118 213 213 213 213 213 213 213 213 120 120 120 120 120 120 120 120 281 281 281 281 281 281 281 281 281 281 281 281 281 110 110 110 110 110 110 110 110 110 110 110 90 90 90 90 90 90 90 90 7 7 7 7 7 7 7 7 7 7 7 74 74 74 74 74 74 74 74 74 74 74 74 74 164 164 164 164 164 164 164 280 280 280 280 280 280 280 280 280 280 280 207 207 207 207 207 207 207 207 207 207 207 207 207 207 207 0 0 0 0 0 0 0 0 0 0 0 0 13 13 13 13 13 13 13 13 13 13 13 13 13 13 13 13 218 218 218 218 218 218 218 218 218 218 218 218 218 183 183 183 183 183 183 183 183 183 183 183 183 253 253 253 253 253 253 253 253 253 253 253 253 253 173 173 173 173 173 173 173 173 173 173 173 173 194 194 194 194 194 194 194 194 194 124 124 124 124 124 124 124 124 14 14 14 14 14 227 227 227 227 227 227 227 227 227 19 19 19 19 19 19 19 19 19 19 244 244 244 244 244 244 244 
weights
-0.00316709 0.000916774 -0.00510222 0.00317759 -0.00458675 -0.0199081 -0.0105027 0.00274913 0.00764366 0.00670725 0.000119707 0.00409343 -0.00578755 0.00401712 -0.0622626 0.0020996 0.00165104 -0.0189978 -0.0125579 0.017001 -0.0134336 0.0598071 0.00411005 0.0159004 -0.00450626 0.0020883 0.00577253 -0.00180181 -0.0576268 -0.025209 0.0106268 0.00264424 0.00162189 0.00774569 0.0322137 -0.0466215 0.0226641 -0.0107451 -0.035797 -0.0948548 0.0330629 -0.0312803 0.047778 -0.00179663 -0.0053997 -6.90513e-05 -0.00848296 0.0241007 0.0287077 -0.0987935 -0.0322199 0.0183868 -0.00343747 -0.00342875 0.0049053 -0.0184904 -0.0483803 0.00818037 0.00795208 -0.0194909 -0.0094499 0.0104499 -0.0203593 0.0248707 0.00160072 -0.0139323 0.0289399 -0.00108791 0.0307075 0.0176137 -0.1276 0.0199608 -0.010489 0.00537564 -0.0520101 0.0191482 -0.0409642 0.0288956 -0.0169503 -0.0384299 -0.00706091 -0.000921709 0.00231813 0.011366 -0.0318779 0.0720103 -0.00973852 0.00240085 -0.0241131 -0.000674978 0.010756 0.0110632 0.00423605 0.00191173 0.00442222 -0.00578964 0.0252841 -0.0635983 -0.0136964 -0.00473667 0.0219737 0.00382175 0.0110064 0.0135283 -0.00217007 -0.0806335 0.0167525 0.0134143 0.0364667 -0.0131292 0.0112301 0.0150236 0.027636 -0.0766918 0.0273777 0.0121219 0.0277511 -0.0368079 -0.0401236 -0.0251386 0.00236658 -0.0178256 -0.019272 0.0196998 0.00401037 -0.030503 0.0364247 0.0202157 -0.00549306 -0.0243376 -0.040912 -0.0402831 0.0240017 -0.00111461 -0.0121191 -0.00587269 0.00485825 -0.0369675 0.0283044 -0.00346954 0.00098086 0.00689263 0.00716231 0.0193793 -0.0484032 -0.0282081 -0.0454872 0.00172688 0.0561958 -0.0415907 0.00989031 0.0266055 -0.0564589 -0.0417877 0.00624112 -0.00593821 0.105997 0.043751 -0.0125941 0.0142547 -0.0282225 -0.00831685 0.0661547 -0.0101595 0.0169369 -0.0408583 -0.0260884 0.0254117 -0.0765069 0.00470125 0.006015 0.00823617 0.00534017 -0.016962 -0.0415126 0.0308622 -0.0183318 0.00887421 -0.00754426 0.0247218 -0.00292534 0.00521702 0.00669076 0.0187307 0.00174779 -0.0784937 -0.000197482 -0.0139798 0.0387828 -0.0383908 0.0050155 0.0164926 -0.00286825 -0.00132519 0.00588226 0.0195791 0.00768727 -0.00163439 0.161257 0.00434158 -0.0420732 0.0109126 -0.029784 0.0352508 0.0180827 0.00580361 -0.00682935 -0.0634633 -0.0150272 -0.039401 0.0267751 0.0168976 0.0481141 -0.0738385 0.0194396 -0.0255617 0.0275544 0.0063702 0.00238787 0.0191325 -0.00191516 -0.0207845 0.0197683 -0.000645643 -0.00747581 -0.0042122 -0.0609947 0.0401302 -0.0325597 0.0157449 -0.0877089 0.0015665 -0.00743809 -0.0558003 -0.021444 -0.0557724 -0.0314511 -0.0176817 0.0172625 0.0634304 0.00397417 8.75301e-05 0.00525128 -0.0752196 2.31558e-05 0.0219315 0.00556499 0.00661228 -0.026297 -0.00370388 -0.0327284 -0.0267747 0.018317 -0.00194835 0.00570871 -0.0295039 0.0586103 -0.00130544 0.0219709 0.0148321 0.010899 -0.0293972 -0.00914618 0.00244894 -0.0077763 -0.0109856 -0.0533084 0.0108305 -0.0201522 0.0421523 0.0314377 -0.00643739 0.0225906 -0.00838809 -0.0356049 -0.0330388 -0.0365459 0.0359959 0.00787977 -0.0169777 -0.0536154 -0.0236294 -0.0209593 0.00529938 0.00332496 0.013514 0.011262 -0.00755963 -0.0164757 -0.00667071 0.0346244 -0.0314694 0.0142353 -0.00510647 0.013683 0.0140691 -0.0106226 -0.045698 -0.0393456 -0.00773242 0.00191517 0.00200532 -0.022202 -0.0198335 -0.0624961 0.0423028 0.0222693 0.0313334 -0.00723914 -0.0464792 -0.00273413 0.00122526 -0.00456566 0.00212936 -0.0557125 0.0408776 0.00423438 0.0093771 -0.0262034 0.0463742 0.00711662 -0.0324664 0.00935369 -0.0302527 -0.00900772 -0.010987 -0.000267593 0.00362065 0.0370618 0.0092517 0.0234359 0.00861827 0.007052 0.0133462 -0.0178993 0.0302989 0.0210346 0.0157104 0.0423788 -0.0828213 0.0445841 0.0477991 0.0234268 -0.0126982 0.0106485 0.0365182 -0.00583469 -0.00679591 0.0440328 -0.0463352 -0.0266582 -0.00352626 0.0644778 0.0216061 -0.0188111 -0.0352535 0.000514064 -0.000184457 -0.0393681 -0.00731662 0.00941333 0.0389203 0.00617652 0.00463882 -0.0136204 -0.0221782 -0.00208208 0.042454 -0.085957 -0.0151273 0.00053212 -0.0384292 -0.0172172 0.00140212 -0.039024 0.0157606 -0.00987782 0.00193525 -0.0260843 -0.0152979 -0.0356815 0.00716703 0.0929523 0.00265709 0.00492411 0.00139404 0.00939744 0.0148791 0.0456906 0.0660607 -0.000114452 0.0536783 0.0124026 -0.00896847 -0.0157367 -0.0157343 0.0304604 0.00785546 0.0051102 -0.00992847 0.0372252 0.00541384 0.00670241 0.00464012 -0.0656779 0.010305 -0.113632 -0.00625933 -0.0105611 0.0144263 0.0190387 -0.0285793 0.00173342 -0.0159341 0.0861032 0.000311662 0.0170121 0.00836906 0.0136617 0.00188523 0.0271873 0.0271495 -0.00312514 -0.0268228 -0.0627112 0.0248884 -0.060839 -0.0301693 -0.00622286 0.00951337 0.00493349 0.0496409 -0.0809221 0.0146501 -0.0177933 0.0940737 0.014309 -0.00889857 0.0102152 -0.00421529 0.00104987 -0.0377451 -0.00608159 0.0161931 0.0252454 -0.0585331 0.0829649 0.0353283 -0.00532783 0.0310205 -0.00232558 0.0581584 -0.0881678 -0.0484738 0.00812019 0.000162399 0.00602075 -0.0475435 -0.0225636 0.00716442 -0.00591149 -0.0160798 0.0656919 -0.0218837 0.000650305 -0.0147567 -0.00439057 -0.0507451 -0.0346555 -0.00780668 -0.0143213 -0.0062945 -1.53784e-05 -0.0200605 -0.0465175 0.0635871 0.0250797 0.041789 -0.0195139 -0.00724681 0.0100828 0.0156197 -0.0454103 0.0154347 -0.0792584 -0.00877084 -0.00839313 0.00679893 0.0138599 0.0254405 -0.0406202 0.00583171 -0.0777579 -0.0231063 -0.016203 0.0310142 0.0187353 0.00576423 0.047082 0.016174 0.0534346 0.013172 0.15268 0.0225514 0.00620599 -0.00971428 0.0544257 -0.021139 0.0148817 -0.0309143 0.0201081 -0.0615717 -0.045075 -5.03855e-05 -0.0196639 -0.0139426 -0.0165484 0.00427067 0.0080041 -0.0327065 0.00246646 0.0343685 0.0134022 0.0202142 0.00344911 -0.0328125 -0.0477126 -0.0101328 0.0218316 -0.00150726 0.112296 0.00644801 0.00243415 -0.0429133 0.0180431 -0.0356743 0.00749 0.0178257 -0.000553158 0.0141018 -0.00965928 -0.00231054 0.0579254 0.010477 -0.0274856 -0.00228665 -0.0471482 -0.00460878 0.0080146 -0.00172678 -0.0490707 0.0207725 -0.00461647 0.0365128 -0.00363981 0.0105807 -0.000558151 -0.00125828 0.0109688 -0.00569471 0.00997699 -0.0252753 0.00562972 0.0115656 -0.00308061 -0.00494103 -0.0168356 -0.0460997 0.00607723 -0.0182102 0.000464925 -0.0297086 -0.0179194 -0.0702991 -0.00638568 -0.00678805 -0.00726585 -0.0261601 -0.0209318 -4.64071e-05 0.0350824 -0.000995389 -0.00416843 0.0276709 -0.00108555 0.00075693 -0.00243397 -0.0151466 0.0232812 -0.0196475 -0.00905017 -0.0405627 0.00875149 0.00520232 0.0181194 0.019463 0.0265153 0.00823915 0.0125035 -0.0530931 0.0151323 0.000765544 -0.0516717 0.0147237 0.000111914 -0.00210258 -0.00763031 0.0238625 -0.0084845 0.0620368 0.0496214 -0.000438367 -0.0138758 -0.0269625 0.0198923 -0.0137315 0.0870965 -0.0227101 0.00219285 0.005944 -0.0253288 0.0118962 0.0134132 -0.0339693 0.0140391 -0.0576144 0.107124 0.000962417 -0.0188144 -0.00108816 0.00403759 0.000663156 -0.126816 -0.00117453 -0.0602839 0.0100198 -0.0157429 0.00582636 -0.0168006 0.0127883 -0.0480505 -0.0356985 0.0062187 -0.00918074 -0.00156447 -0.0164785 0.0111952 -0.0379822 0.00951742 0.0700854 0.0534434 -0.0230332 0.0230747 0.0642999 -0.001289 -0.00252504 -0.0966412 0.04568 0.0157849 -0.0187805 0.0204823 0.00709536 0.0420346 0.0200863 -0.000661177 -0.0280554 0.0223784 -0.0309088 0.00843689 0.0180847 -0.0346886 0.000495142 0.0296784 -0.0108311 0.00322111 -0.00163765 0.0171216 -0.00221686 -0.00175398 0.00408227 0.00489316 0.0643663 -0.0240517 0.010176 -0.00877899 0.0113258 0.00828001 0.0394897 0.0339542 0.00107279 -0.0362174 0.00379996 -0.0206518 0.00980321 0.010945 0.0311133 -0.00297614 0.000399705 -0.00621736 0.0032233 -0.00213996 -0.0492357 0.00357479 -0.00151999 -0.0054752 -0.0229626 0.0339768 -0.00730329 0.0317275 0.0327086 -0.00133604 0.00164716 0.0018183 -0.0018359 -0.0339725 -0.0563337 -0.0112249 0.0329217 -0.00237 -0.0133544 0.0393509 0.0131045 -0.0170116 -0.00501247 -0.00990457 0.00393598 -0.0174681 -0.0658173 -0.00870565 0.0154953 -0.000837075 -0.0113488 0.0071364 0.0308109 0.0122192 -0.0129637 0.0486385 -0.0317187 0.00958968 -0.0510958 -0.0165157 0.0132854 0.0433233 0.00875923 -0.0202233 0.0107993 -0.0138507 0.0926282 0.00708384 -0.0128638 0.0216736 -0.000748607 0.00182094 0.00634949 -0.00943025 0.00347033 0.00567112 -0.0259935 -0.0420994 0.00396616 0.0205793 -0.0104182 -0.0143844 0.0164295 0.00308265 -0.0443076 0.0358418 0.0119418 -0.0690341 -0.000315965 0.0354219 0.0309612 0.00399773 -0.0397707 0.016766 -0.00181379 -0.0484386 -0.048724 0.0208086 0.0213395 0.0526295 -0.0344324 -0.0450565 0.0242556 0.0109759 -0.0183526 -0.00280988 0.0133479 0.00858743 0.00818657 0.00268683 -0.0261165 -0.0838952 0.00653967 0.00706893 0.0147473 0.108194 0.0174277 -0.0421435 -0.0159735 0.0365526 -0.00315194 -0.00280115 0.0300863 0.0415008 -0.0473054 -0.00246469 -0.00718758 0.0207134 0.0165016 0.0105375 0.0861192 0.00333931 -0.0259191 0.00312821 -0.00715005 0.00315739 0.0497519 0.00421677 0.0416747 -0.00373293 -0.0316183 0.0215121 0.0340353 0.0116393 0.0353286 0.00196905 0.0198667 -0.000237744 0.000658883 -0.0169958 0.0336146 -0.0196064 0.0192554 0.0149348 -0.024459 0.00727277 -0.0237533 0.0221598 -0.00408889 -0.0173206 -0.00118998 -0.0139922 -0.00857912 9.48942e-06 0.00907718 0.0132336 0.00394501 0.0296069 0.00425289 -0.0227926 -0.0431874 0.0107609 -0.0194743 -0.022027 0.0162864 -0.00952295 0.0166482 0.112386 0.0339553 0.00550584 -0.00959181 -0.00795577 -0.0108855 0.0486749 -0.00668489 -0.0217351 0.0167445 -0.0122822 -0.0579139 0.0188935 0.00142034 0.0559951 -0.000467084 0.013394 -0.0955117 -0.0149079 -0.0262869 0.0233635 -0.00411929 0.0094021 0.00138436 -0.019613 0.0533052 0.0158159 0.056249 0.00715687 0.0125701 0.0212763 0.00585235 -0.00499038 -0.0262702 -0.0139998 -0.0250658 0.011419 0.000254415 0.00353652 0.00965553 0.0267184 -0.00197348 0.042557 -0.0218703 0.0206382 -0.00422795 0.0150583 -0.00195414 -0.0461314 0.00902209 -0.0476175 -0.00447348 0.0335947 -0.025879 0.00801334 0.00322244 0.00110791 0.0069944 -0.0527158 0.0339507 0.0191918 0.000834092 0.0033782 -0.018183 0.034704 -0.0750851 -0.00329 0.0171496 -0.018656 -0.0217587 -0.00259318 -0.0431364 0.0139661 0.0311089 -0.00924297 0.0742553 -0.0442334 0.0366705 -0.0307299 0.0387526 -0.00429446 0.0123966 0.0246112 7.03515e-05 -0.000640949 -0.00912096 0.0418208 -0.025602 0.0364784 -0.0449062 0.170615 -0.00125563 0.00898746 0.00919596 0.0324438 -0.0127892 -0.00271203 -0.0738424 0.0221202 -0.0285343 -0.0141816 0.0813233 -0.0254053 0.00968044 -0.00338569 -0.0110096 0.00992093 0.0313735 0.0661788 -0.0168912 0.0482261 -0.0240733 -0.0295431 0.00560297 0.0711229 0.0196495 -0.019874 0.0351766 0.0356937 0.000242961 -0.00596654 -0.0277417 0.00319958 -0.00118576 -0.00666966 -0.00165987 -0.043643 0.0369828 0.0443746 -0.0285771 -0.043825 -0.0127672 0.0142684 -0.0222548 -0.00845779 0.0110978 -0.00541743 0.00118696 -0.00990391 0.00363237 -0.00203888 0.00639406 

network 1 1000
edges0
130 267 130 66 267 130 66 130 167 267 267 66 167 258 130 258 286 167 267 130 66 258 267 254 130 167 66 130 254 225 286 66 267 167 258 286 66 267 258 225 130 167 67 254 225 67 130 258 66 254 267 286 15 167 254 67 258 267 295 66 286 225 167 15 130 267 286 67 46 130 66 66 254 225 167 258 286 46 267 67 130 295 154 254 258 15 67 267 286 254 15 46 67 258 225 130 154 267 232 66 267 66 295 225 258 130 232 167 67 286 46 258 225 66 232 254 122 130 295 195 15 167 144 154 267 166 130 67 232 258 66 122 46 166 225 130 167 232 15 295 254 122 68 195 267 67 144 15 258 295 46 68 67 167 154 130 130 92 166 46 66 15 295 258 286 33 254 122 267 232 195 225 144 254 144 286 295 68 92 154 195 67 130 15 92 130 154 225 267 33 122 68 166 295 267 254 247 122 167 15 66 65 67 144 66 130 295 15 65 167 267 225 195 68 254 122 247 92 46 67 46 225 15 65 33 267 67 93 286 92 68 46 195 295 122 15 167 67 65 225 68 295 66 67 267 95 46 130 195 122 184 167 67 225 130 295 122 258 166 232 88 46 158 93 154 66 68 65 295 295 184 167 267 122 68 24 67 15 232 195 270 254 78 65 258 122 167 24 232 127 166 66 286 154 184 130 68 144 295 254 66 127 38 232 15 166 67 225 46 88 247 254 225 93 127 295 166 286 154 267 232 225 286 95 167 258 88 144 65 247 24 205 130 166 295 195 267 88 144 166 167 299 225 258 68 286 15 205 66 67 31 15 68 299 122 88 130 166 24 247 167 267 158 258 286 31 68 258 205 267 154 92 55 254 247 299 55 166 254 127 167 232 67 295 24 15 154 122 92 92 34 95 166 67 24 66 158 144 232 122 188 93 258 254 166 67 46 184 286 63 65 167 15 205 205 93 154 18 195 167 184 286 67 46 238 299 267 103 184 55 295 154 122 63 34 127 166 31 195 24 92 238 122 289 232 184 66 267 103 258 33 122 127 103 122 188 205 144 154 8 195 258 205 65 299 267 31 225 144 130 63 34 155 154 299 188 127 238 225 93 267 33 46 24 15 155 258 299 184 286 65 195 225 258 130 55 184 38 8 67 66 154 127 103 33 24 45 103 267 122 299 239 225 195 67 8 154 65 42 24 166 270 127 8 225 95 46 24 232 137 258 254 103 180 155 165 24 299 295 154 91 258 166 31 238 130 15 130 246 33 92 38 155 66 63 91 68 165 144 62 286 225 258 46 93 15 24 166 270 31 38 42 15 46 258 137 92 289 225 247 180 258 267 232 45 78 122 66 258 295 46 26 130 267 239 67 34 166 130 81 195 286 225 154 295 55 225 154 135 130 246 8 167 122 68 130 166 34 225 167 45 267 65 15 166 295 130 154 18 299 68 103 31 295 154 135 55 289 38 286 158 154 254 130 31 24 224 91 68 232 95 46 68 154 103 166 63 91 92 295 122 167 63 154 135 232 267 238 166 247 195 15 184 68 199 66 67 154 184 144 225 95 5 24 31 299 166 38 246 46 55 26 246 67 31 93 62 232 267 247 22 8 154 66 31 130 247 122 34 88 299 26 63 45 68 166 137 195 295 167 24 154 274 66 15 95 38 31 195 267 15 103 46 258 68 270 137 67 247 15 65 165 225 270 254 267 238 130 246 254 42 274 282 144 166 195 33 286 38 68 46 142 127 130 38 289 158 258 184 238 246 92 68 254 205 91 295 232 1 24 4 184 167 258 66 156 130 62 220 79 147 42 93 68 15 267 165 91 137 254 79 46 225 258 286 8 225 167 79 130 299 15 261 154 63 239 299 267 254 166 167 299 66 65 24 258 15 232 63 8 46 282 88 184 122 230 67 68 246 122 299 254 66 5 5 122 232 34 270 92 144 156 26 137 65 66 195 166 155 187 225 68 270 130 33 122 166 225 137 267 211 205 38 24 299 135 270 67 295 229 144 31 68 225 45 130 81 122 33 247 166 67 95 91 63 68 199 126 205 232 224 195 225 156 147 63 246 254 8 116 92 67 165 24 267 103 232 81 46 46 45 254 122 221 67 267 68 155 38 289 67 45 205 109 62 126 224 258 63 247 256 292 246 93 165 176 130 135 238 158 188 159 258 68 31 81 267 156 42 5 144 24 225 205 66 282 81 135 122 205 4 158 166 167 130 270 188 286 18 68 122 199 93 24 166 167 61 137 229 270 127 299 130 26 254 55 195 117 154 31 
edges1
267 66 66 167 167 167 258 258 258 258 286 286 286 286 286 254 254 254 254 254 254 225 225 225 225 225 225 67 67 67 67 67 67 67 67 15 15 15 15 15 15 15 15 15 295 295 295 295 295 295 295 295 295 295 46 46 46 46 46 46 46 46 46 46 46 144 144 144 144 144 144 154 154 154 154 154 154 154 154 154 154 232 232 232 232 232 232 232 232 122 122 122 122 122 122 122 122 122 122 122 195 195 195 195 195 195 195 195 166 166 166 166 166 166 166 166 166 166 166 166 166 166 166 166 166 68 68 68 68 68 68 68 92 92 92 92 92 92 92 92 92 92 92 92 92 92 92 33 33 33 33 33 33 33 33 33 65 65 65 65 65 65 65 65 65 65 65 65 65 65 65 65 65 93 93 93 93 93 93 93 93 93 93 247 247 247 247 247 247 247 247 247 247 247 270 270 270 270 270 270 270 270 270 270 88 88 88 88 88 88 88 88 88 158 158 158 158 158 158 158 95 95 95 95 95 95 95 95 95 95 184 184 184 184 184 184 184 184 184 38 38 38 38 38 38 38 38 38 38 38 38 38 24 24 24 24 24 24 24 24 24 24 24 24 24 78 78 78 78 127 127 127 127 127 127 127 127 127 127 127 205 205 205 205 205 205 205 205 205 205 205 205 205 205 31 31 31 31 31 31 31 31 31 31 31 31 31 31 31 18 18 18 18 18 18 18 18 18 299 299 299 299 299 299 299 299 299 299 299 299 299 299 299 299 55 55 55 55 55 55 55 55 55 55 55 55 55 55 55 55 55 238 238 238 238 238 238 238 238 238 238 238 238 238 63 63 63 63 63 63 63 63 63 63 63 63 34 34 34 34 34 34 34 34 34 34 34 34 34 188 188 188 188 188 188 188 188 188 8 8 8 8 8 8 8 8 8 8 8 8 8 8 8 8 103 103 103 103 103 103 103 103 289 289 289 289 289 289 289 289 289 155 155 155 155 155 155 155 155 155 155 22 22 22 22 22 22 22 180 180 180 180 239 239 239 239 239 239 239 239 239 165 165 165 165 165 165 165 165 165 165 45 45 45 45 45 45 45 45 45 45 45 45 42 42 42 42 42 42 42 42 42 137 137 137 137 137 137 137 137 137 137 137 137 137 137 62 62 62 62 62 62 62 62 62 62 62 62 62 62 62 91 91 91 91 91 91 91 91 91 91 91 91 91 91 246 246 246 246 246 246 246 246 246 246 246 246 135 135 135 135 135 135 135 135 135 135 135 135 135 135 135 135 135 135 135 135 135 26 26 26 26 26 26 26 26 26 26 26 81 81 81 81 81 81 81 81 1 1 1 1 1 1 1 1 1 1 199 199 199 199 199 199 199 199 199 220 220 220 220 220 220 220 220 220 176 176 176 176 176 5 5 5 5 5 5 5 5 5 5 5 224 224 224 224 224 224 224 224 156 156 156 156 156 156 156 156 156 156 156 156 147 147 147 147 147 147 147 147 4 4 4 4 4 4 4 4 4 61 61 61 61 61 61 61 61 109 109 109 109 109 109 109 109 109 109 109 109 109 109 109 233 233 233 233 233 233 233 233 233 233 233 233 233 274 274 274 274 274 274 274 274 274 274 274 274 274 282 282 282 282 282 282 282 282 282 282 282 142 142 142 142 142 142 142 142 142 79 79 79 79 79 79 79 79 79 79 79 261 261 261 261 261 261 211 211 211 211 211 211 211 211 211 211 126 126 126 126 126 159 159 159 159 159 159 159 159 159 159 159 159 290 290 290 290 290 290 290 290 290 290 290 187 187 187 187 187 187 187 187 187 187 187 230 230 230 230 230 230 230 230 230 230 230 256 256 256 256 221 221 221 221 221 221 221 221 221 221 221 221 221 221 221 221 221 229 229 229 229 229 229 229 229 229 192 192 192 192 192 192 192 192 192 192 292 292 292 292 292 292 292 292 292 292 292 116 116 116 116 116 116 116 116 116 116 150 150 150 150 150 150 150 150 150 150 150 150 150 150 150 89 89 89 89 89 89 89 89 89 89 89 107 107 107 107 107 107 107 107 107 85 85 85 85 85 85 85 85 85 204 204 204 204 204 204 204 204 204 204 204 60 60 60 60 60 60 60 60 60 60 60 117 117 117 117 117 117 117 117 117 71 71 71 71 71 71 71 197 197 197 197 197 197 197 197 53 53 53 53 53 53 53 53 53 53 53 53 259 259 259 259 259 259 259 259 259 259 259 259 185 185 185 185 185 185 185 185 185 185 185 
weights
-0.000552337 0.00401907 -0.00748907 -0.0285022 -0.00845048 -0.0126268 0.023227 -0.00489746 -0.0255782 -0.0192227 0.0728352 -0.0126086 -0.132879 0.00235977 -0.0102835 0.0219473 -0.00136669 0.0108292 -0.00611344 0.0142299 -0.0283344 0.0460298 -0.00988523 0.0384621 -0.0511782 -0.00748037 -0.0463653 0.0107648 0.0164496 0.056253 -0.00950631 0.00456537 0.0218198 0.00979018 0.0189975 0.00169744 0.00857231 0.0518077 0.0466497 -0.0125246 -0.0146717 0.00838996 0.000661686 -0.00122701 0.0075745 0.00900319 0.0474775 -0.0128209 -0.0100609 -0.0659372 0.0909716 0.0187713 -0.06809 -0.000516492 -0.0837244 0.045461 0.00334256 -0.00341543 -0.030468 -0.0240636 0.0081746 -0.00363387 -0.0238064 0.00922017 -0.00380805 -0.0107267 0.00125353 0.000544656 -0.0078715 -0.0535767 -0.0316171 0.00338334 -0.0169084 0.0503573 -0.0204779 0.0243856 0.0122059 0.0296699 0.0211899 0.0607375 0.00137813 0.000116758 0.0272904 0.00352202 -0.0088863 -0.0323717 0.0477445 -0.172756 -0.012319 0.0282064 -0.0153604 -0.00441697 0.0327299 0.0204148 0.00298443 -0.0229774 -0.0415963 0.0311531 -0.0011112 -0.00549966 0.01417 -0.0369105 0.0258227 0.0145718 0.00645375 -0.000337252 -0.0273373 -0.109019 0.0578346 0.00349318 0.00200117 0.0113317 -0.00644813 -0.0119334 0.0323348 -0.0190114 0.0210386 -0.00107972 0.000744758 0.0268762 -0.0394385 -0.00194391 0.00365366 0.0169295 0.0350646 0.0164042 -0.005264 -0.0292295 0.00287701 0.00733086 0.0245051 -0.00891429 0.0936887 -0.0106552 -0.018194 -0.0226217 0.0226908 0.00590521 0.0220618 -0.00580564 0.00170849 -0.00100855 -0.0332189 0.00506902 0.0383474 -0.0257061 0.00202789 0.0197884 0.00125825 -0.0154858 0.0123898 -0.0634131 -0.024433 0.00224141 -0.0239865 0.0450133 -0.00363869 0.00454176 -0.0146977 -0.165729 0.0122162 -0.0401513 -0.0204932 0.00517618 -0.00870336 -0.0377811 0.05806 0.0400377 0.000832865 -0.00385362 0.0406544 -0.0277063 -0.0275805 -0.0285267 -0.0527526 -0.00411653 -0.0302693 -0.0334901 -0.0017649 0.0145965 0.0475838 0.00341387 -0.000869389 0.0110848 -0.00481047 -0.00599181 -0.0108953 -0.00379264 -0.00750473 0.00221143 0.00193091 0.00820973 -0.0664626 0.0323542 -0.0133918 -0.0102021 0.00287292 -0.00634868 -0.026878 -0.0986532 0.0208846 0.0140658 0.0157607 0.0140751 -0.06233 0.0149467 -0.012174 0.0350718 -0.0150486 -0.0222195 -0.00437368 0.0152028 -0.00994672 0.00709188 0.0150889 -0.0311719 -0.00180633 0.0428551 0.135862 -0.036941 0.0229708 0.00372087 -0.00367806 -0.00106213 0.0974844 -0.0175566 0.0102275 -0.00044969 -0.00413133 0.000130605 0.0722269 0.0103905 0.0122832 -0.027006 0.00636602 0.0772447 -0.0770371 -0.0214491 0.00832786 0.0283675 -4.35777e-05 -0.0330833 -0.0161491 -0.0294967 -0.00447868 -0.000169492 0.0134175 -0.0201415 -0.0080299 0.0320148 -0.0119982 -0.0124276 -0.0452787 0.00484664 0.0416233 -0.00839402 -0.0169472 -0.0185764 0.0241954 0.00116015 0.0627527 -0.0171829 0.0122515 0.0107466 0.0180469 0.0225929 0.0358518 -0.0149685 0.00413713 -0.000231901 0.0169083 0.012233 0.0194443 0.0404475 -0.00895013 0.0539478 -0.0152858 0.0220695 -0.02201 -0.0993992 0.0232202 -0.0333215 -0.0135403 0.00668052 0.030504 0.00525007 -0.0506539 -0.00917065 0.00565291 0.00859796 -0.00186277 0.0275223 -0.00491873 0.0460516 -0.024955 0.0152264 0.000874663 -0.0125061 0.00827591 -0.0256423 -0.0291441 0.0304503 -0.00228037 0.0124744 -0.0251642 -0.0209838 -0.046028 -0.0106603 -0.0600642 0.00863834 -0.0106673 -0.00463938 0.0508319 -0.0035344 -0.0392511 -0.0110369 0.00427328 -0.0102624 -0.0159504 0.0180468 -0.027731 -0.0167582 0.000159184 0.0175693 0.0123014 -0.0494708 -0.00359389 0.0982823 0.014254 0.0765952 -0.0536815 -0.00384554 -3.82463e-05 0.0260779 0.039084 0.0183333 -0.0171423 0.00957989 0.0198895 0.0415113 -0.0211899 -0.0238749 -0.00798857 0.00688752 0.0175379 -0.0482205 -0.0120623 0.000752089 0.0443071 -0.026519 0.00603904 0.0118617 -0.0233205 0.0593682 0.00553612 0.00826004 -0.105316 -0.0143213 0.0544679 0.045063 0.00355471 -0.0165094 -0.00283715 -0.0898334 0.0262197 -0.055122 0.0510162 0.00433057 0.0147954 -0.00617293 0.000488907 -0.0642397 -0.000294361 -0.0564662 -0.0272679 0.0226785 -0.00894 -0.0231906 -0.0901758 -0.0832411 -0.0578467 -0.0246398 -0.00257207 0.0273567 -0.0384837 0.00884302 -0.0188522 0.0266085 -0.0449916 0.0187199 -0.00811609 -0.022421 0.015986 0.0735197 0.0322348 -0.0346573 0.0664817 0.00320548 0.00282909 -0.0181574 0.0130585 0.0130851 -0.00585436 -0.0186229 0.0823212 -0.000709514 0.0597099 0.012527 -0.0165735 -0.029618 -0.0463681 0.0121762 0.0223812 -0.0443836 0.00960143 -0.00678477 0.0593965 0.0233923 -0.0112441 0.0349976 -0.0166088 0.0469472 -0.00329745 -0.0123906 0.00852503 -0.0170818 -0.00648778 -0.0119345 -0.00678291 -0.0203854 0.0208311 -0.0085889 -0.00103801 -0.0127187 0.0010808 -0.0305585 0.0130475 0.0560036 -0.00120258 0.00406757 0.00443263 -0.0463647 0.00446913 0.000554413 -0.0485254 0.0147277 0.0117327 0.0312173 -0.0195556 -0.044606 -0.00243442 -0.00136927 -0.00139509 -0.00781913 -0.0361452 0.0246971 -0.0130339 -0.0130083 0.00653283 0.0121649 -0.00248501 0.0482445 -0.0168167 -0.00230866 -0.000995802 0.00999822 0.000197505 0.0317342 -0.0186683 0.00567398 0.0429826 -0.0177405 0.00173004 -0.00564902 0.017742 -0.0178391 0.0293007 -0.00292402 -0.0069706 0.000492756 0.0294721 0.000922063 -0.00348406 0.00316825 -0.0089366 -0.0388303 -0.00348821 0.0483612 0.0133381 0.0221625 0.0291517 0.00436502 -0.00374858 0.0498866 0.055269 -0.00601386 -0.012125 0.0161555 -0.0737971 -0.0156434 -0.0353182 -0.00339911 -0.0314398 -0.0146708 -0.000312544 0.0443103 0.00401467 0.0205372 0.0150112 -0.00861453 -0.00552617 -0.00152916 -0.0122158 0.00260372 -0.00696756 0.0217716 0.0169123 -0.0098817 -0.023009 0.00112758 0.00944966 -0.00810299 0.0182455 0.0168359 0.00621393 0.028695 0.0294645 -0.0742089 0.00829198 -0.0135974 0.0581001 0.0946389 -0.0077808 0.00927062 -0.00151044 0.00460951 0.0294738 0.0428107 -0.0131479 0.00575666 -0.0137566 0.0112926 0.0991781 0.0525606 0.00862705 0.0575509 -0.00801655 0.00362403 0.0347878 0.0164589 -0.00710491 0.0202693 -0.00855594 -0.00150015 -0.00951908 -0.0484601 -0.0146566 0.0680191 0.0236871 0.00680307 0.0157408 0.00110747 0.00130203 -0.00430289 -0.00117867 0.0147572 0.0200139 0.00992955 0.0089098 -0.0167387 -0.0203194 -0.0347029 0.0103167 0.0158786 0.0303096 0.0168667 -0.0103696 -0.0230198 -0.00293496 -0.021183 0.0271273 -0.0222694 0.0664203 -0.0102741 0.00957443 0.0200244 -0.0024923 0.0368706 0.00576342 0.0311213 0.0718631 0.0230794 -0.00719478 -0.0116279 0.0631545 0.0155848 0.00645302 -0.0232128 0.032029 -0.00563912 0.0226946 -0.0737481 0.00172972 -0.00675893 -0.00452033 0.00712715 0.0412373 -0.00833146 0.0327219 0.0120795 0.0739092 -0.032013 0.00349076 0.00939599 -0.00850534 -0.00357878 -0.0296787 -0.00611691 -0.00917595 0.0621208 0.0234806 0.00630289 0.00789786 -0.0575029 -0.00703772 -0.0119585 0.0125764 0.00104437 0.0140067 -0.00361314 0.0121846 0.0267333 0.0488398 -0.00426423 0.00244558 0.0300749 -0.007726 0.000572947 0.0527768 -0.000739988 0.00784692 -0.0420386 0.00177289 0.0221658 0.00450414 -0.0185832 3.93909e-05 -0.0217403 -0.00989742 0.0841068 -0.0187378 -0.00586671 0.0482002 -0.0587304 0.000501323 -0.0144224 0.054356 -0.00219531 0.00886924 0.00457553 0.0214755 0.0263222 0.0119943 -0.00914842 0.00978883 -0.0319406 0.0181795 0.0228944 -0.0389231 -0.0281926 0.0213889 0.00871037 0.00933198 -0.00271515 0.0277526 0.00888417 -0.0175112 -0.0339132 -0.0402311 -0.0660901 -0.00364214 -0.00676828 -0.0640879 0.0140083 -0.0856151 -0.0424623 0.00570679 0.0356954 -0.0196036 0.0205867 0.0197947 0.016141 -0.00582234 0.0281877 0.00232518 0.0396355 -0.0152254 -0.0132329 -0.00451236 -0.0129735 -0.0185613 -0.00758409 -0.00200781 0.0135195 0.0122586 0.00123317 -0.0590051 0.019886 0.00951548 0.00213709 0.00574009 0.000472875 0.0159904 -0.0263644 -0.00381326 0.0524724 -0.0273034 -0.0166679 0.027749 0.0135899 -0.00624753 -0.034457 -0.0243323 -0.0324643 0.00592912 0.0200099 0.024368 -0.00326774 0.0098579 0.0109737 -0.0235665 0.0357772 0.00628035 0.00788823 -0.00646698 0.00826828 -0.00603574 -0.020734 0.0262223 -0.0217538 -0.0185446 -0.00496098 0.00765906 -0.0207434 0.0105266 -0.0647602 0.0111345 -0.00677278 -0.0796355 0.0235788 0.000993218 -0.00303615 0.0218999 0.0289765 -0.00487514 -0.00396087 -0.0098486 0.0120967 -0.0219432 0.00598182 0.000737637 -0.0244443 -0.0101534 0.000334411 0.0499724 -0.0216155 -0.0431072 -0.00632068 0.0326027 -0.0175739 -0.0431908 0.00416254 -0.00260616 0.0266644 0.0185533 0.0689981 0.0286096 -0.0106879 0.0936979 0.0614844 0.0419963 0.00835043 -0.0387431 0.0616611 -0.0123876 -0.00614886 0.00736436 -0.0507025 -0.00959636 -0.0124449 0.0184543 -0.0397469 -0.0507587 0.0471162 0.00039453 -0.0168297 0.0128191 -0.026547 -0.0262964 -0.00429576 -0.0242823 0.0211243 0.0675395 -0.0373694 -0.0198556 0.000465648 -0.0217698 -0.00279829 0.0375642 -0.0269437 0.0129012 0.0294496 -0.0319441 0.00628669 0.00901499 0.0192662 0.0607191 0.0338015 -0.000691842 -0.0530998 -0.0182803 0.00294325 0.00532236 -0.00169137 -0.0676344 -0.0370057 0.00643447 0.000794218 -0.00137142 -0.062325 -0.00321938 0.00155352 0.00708301 -0.0181151 -0.0210773 -0.0523619 0.0134177 0.00908728 0.00126368 -0.00285142 -0.00337098 -0.00587669 0.00276507 -0.0146799 0.0564285 0.0202875 -0.0022719 0.0168431 -0.0446769 -0.032087 0.000216083 0.0138211 0.0132799 -0.00983242 0.00200314 -0.00657153 0.00924867 0.0229587 0.12311 -0.00183878 -0.0277252 -0.00721135 0.00478658 0.0177024 -0.0101759 0.00162191 -0.0213858 -0.0269923 0.0422357 -0.0179119 0.0104624 0.0046698 0.00110103 0.00545291 0.0071232 -0.0494752 -0.0132148 -0.0230726 -0.00219585 0.0199711 0.0172996 0.0935223 0.00472919 -0.116713 -0.00100503 -0.0288902 -0.00704241 -0.0225251 0.00330711 -0.017866 -0.0140274 -0.00582781 -0.0132808 0.0804992 0.00127162 -0.000696642 0.0163904 -0.0397656 0.0427522 0.0126838 -0.0407186 -0.0466581 -0.0286055 0.0189463 -0.00853694 -0.00387079 -0.0140188 0.0508981 0.00387455 -0.0398045 -0.0803702 -0.00675721 -0.025791 0.0862486 -0.0293939 0.00210356 0.00573133 -0.0268688 0.0143883 -0.00333169 -0.00348709 0.000223545 -0.00229217 0.000136424 -0.00529051 -0.00133312 -0.00934116 -0.00316326 -0.00582625 -0.0202788 -0.00606425 0.00790665 -0.00771426 -0.0117705 0.0794235 0.0288695 -0.0251297 -0.00514818 -0.00617411 -0.0178747 0.00989389 0.0116357 -0.0562596 -0.0113301 -0.0133129 -0.00441232 0.000513687 0.0241809 -0.0435804 -0.00153276 -0.0304177 0.108597 -0.000227346 0.00830073 0.0099284 -0.105047 0.00224175 -0.0101256 0.0113196 0.0221115 0.0196551 -0.00761375 -0.0216392 0.0428426 -0.0180938 -0.0272635 0.0209813 0.00769314 -0.00488647 -0.0160217 -0.0384641 0.00335705 -0.0227347 0.0156489 -0.0380035 0.0535936 0.0503172 -0.0130406 0.0704996 0.00985091 0.00228024 -0.110929 0.0378043 -0.0293925 -0.00343781 0.00472191 0.00709997 -0.0279501 0.00832319 0.0101079 -0.0335958 0.00130548 -0.0321837 0.00267798 -0.00883407 -0.018074 0.00278022 0.0166565 -0.0353861 0.0133006 

network 2 1000
edges0
189 214 189 214 189 82 214 189 25 82 25 128 82 214 189 214 82 128 16 25 189 25 214 128 16 82 39 189 189 39 16 214 104 128 25 82 104 189 214 128 39 128 16 189 214 104 82 25 208 39 139 189 82 174 39 104 25 214 64 208 139 214 82 174 189 39 16 128 104 139 64 189 39 83 82 16 104 25 83 64 39 82 139 189 128 174 273 208 214 181 104 189 64 214 83 25 208 128 39 16 139 83 82 64 208 181 39 273 128 189 265 25 189 39 64 128 83 174 214 189 104 163 181 25 64 112 139 189 82 83 163 214 174 208 25 82 64 273 104 181 208 214 139 25 214 278 16 64 181 39 265 273 208 174 163 82 189 104 189 16 214 64 208 265 112 128 39 83 112 163 25 104 189 64 64 70 104 128 83 278 214 25 265 104 208 214 64 174 76 181 128 265 189 25 200 128 189 70 208 181 82 174 59 163 39 16 265 83 83 82 181 25 121 76 104 214 273 174 208 139 76 83 82 64 189 181 139 272 200 114 248 273 214 189 139 174 278 25 114 128 64 83 265 82 83 181 214 104 39 121 163 174 200 112 265 21 108 174 59 139 83 248 278 64 272 39 104 273 82 163 189 70 226 114 265 278 139 108 121 189 272 255 273 16 25 200 108 83 83 272 112 174 39 181 226 139 25 64 189 161 64 181 104 82 121 161 189 265 200 59 272 273 83 98 21 6 39 200 121 76 108 82 112 174 104 114 21 163 226 128 39 83 200 82 114 112 296 214 64 25 104 255 143 214 189 83 143 21 200 161 255 181 273 59 143 296 255 181 208 16 272 139 265 83 41 181 64 265 128 16 114 59 189 200 25 139 39 39 143 200 25 139 64 161 234 278 128 76 189 234 161 214 82 208 255 64 114 139 200 163 39 44 41 234 272 143 70 139 174 265 44 41 174 32 160 161 146 296 83 128 189 278 265 128 114 143 39 121 104 128 255 226 77 108 296 56 59 278 255 161 160 226 114 98 234 174 200 163 296 128 83 104 44 121 265 139 200 114 273 58 296 104 59 163 208 255 278 83 161 265 214 114 104 44 146 30 39 163 272 41 174 200 248 25 296 265 214 39 163 77 30 208 59 200 114 77 56 70 226 104 236 248 128 41 64 50 272 23 39 70 25 21 121 214 16 59 58 114 296 121 30 278 200 59 163 36 174 128 189 272 214 265 21 226 160 83 189 59 82 41 146 163 215 214 30 77 58 278 36 25 226 272 250 128 98 143 64 104 236 215 58 56 108 64 143 21 234 83 200 72 128 39 121 41 163 272 174 83 181 160 132 278 121 189 174 181 265 121 80 293 255 214 208 44 50 6 41 100 64 83 226 30 208 39 248 251 169 83 160 174 58 114 265 121 21 98 226 160 250 250 255 82 25 226 235 163 169 58 208 143 25 143 278 255 236 189 104 39 128 250 214 161 121 58 139 272 236 11 278 104 82 214 36 76 44 215 214 272 121 208 251 226 82 139 163 215 50 251 235 80 59 236 215 265 298 234 143 58 82 139 174 98 278 39 108 248 83 21 174 36 39 249 236 200 273 16 64 121 212 200 143 298 215 36 72 39 128 64 98 212 82 44 169 163 234 58 214 16 189 39 114 293 169 217 249 151 80 83 64 104 82 44 170 30 151 56 50 121 146 296 248 41 47 174 170 100 104 76 174 235 121 83 104 146 293 163 278 200 80 56 82 200 104 163 143 160 298 52 58 151 181 226 100 114 50 76 64 212 41 255 265 151 25 151 114 47 25 174 44 163 39 57 273 181 132 80 252 189 236 132 143 44 279 100 6 83 52 82 114 200 57 98 72 114 21 255 214 41 82 212 104 75 44 174 114 83 25 143 6 214 39 47 64 128 70 82 262 170 139 234 151 77 298 98 39 21 293 83 234 64 251 163 139 293 189 285 160 108 161 57 132 36 255 77 72 279 70 271 39 200 39 200 30 76 163 174 98 272 272 143 170 214 160 255 56 121 215 273 278 151 181 226 174 104 58 212 64 83 298 82 139 245 234 163 272 83 249 296 200 189 250 251 226 77 278 139 41 212 273 36 83 44 203 50 50 298 161 265 296 174 40 146 212 214 171 163 250 64 80 200 296 196 56 200 59 193 64 80 75 83 76 21 41 94 64 77 200 249 252 59 41 52 222 189 215 272 121 39 296 260 98 285 64 181 133 83 44 114 143 222 100 212 248 193 296 298 128 82 41 189 36 59 163 285 39 83 25 214 108 139 
edges1
214 82 82 25 25 25 128 128 128 128 16 16 16 16 16 39 39 39 39 39 39 104 104 104 104 104 104 104 139 139 139 139 139 139 139 139 208 208 208 208 208 174 174 174 174 174 174 174 174 174 64 64 64 64 64 64 64 64 83 83 83 83 83 83 83 83 83 83 83 273 273 273 273 273 273 181 181 181 181 181 181 181 181 181 181 181 181 181 181 265 265 265 265 265 265 265 265 265 265 163 163 163 163 163 163 163 163 163 163 163 163 163 248 248 248 248 248 248 112 112 112 112 112 112 278 278 278 278 278 278 278 278 278 278 278 114 114 114 114 114 114 114 114 114 59 59 59 59 59 59 59 59 59 59 59 59 59 59 70 70 70 70 70 70 70 70 70 21 21 21 21 21 21 21 76 76 76 76 76 76 76 76 76 200 200 200 200 200 200 200 200 200 200 121 121 121 121 121 121 121 121 121 121 121 121 121 121 121 272 272 272 272 272 272 272 272 272 108 108 108 108 108 108 108 108 6 6 6 6 6 6 161 161 161 161 161 161 161 161 161 161 161 161 296 296 296 296 296 296 296 296 296 296 296 296 296 296 226 226 226 226 226 226 226 226 255 255 255 255 255 255 255 255 255 255 255 255 255 98 98 98 98 98 98 98 98 98 98 236 236 236 236 236 236 236 236 236 236 236 236 44 44 44 44 44 44 44 44 44 44 44 44 44 44 44 44 143 143 143 143 143 143 143 143 143 143 143 143 41 41 41 41 41 41 41 41 41 41 41 41 41 41 32 32 32 32 146 146 146 146 146 146 146 146 234 234 234 234 234 234 234 234 234 234 56 56 56 56 56 56 56 56 56 56 56 56 56 160 160 160 160 160 160 160 160 160 160 77 77 77 77 77 77 77 77 77 77 77 132 132 132 132 132 132 132 132 132 132 132 30 30 30 30 30 30 30 30 30 30 30 50 50 50 50 50 50 50 50 50 100 100 100 100 100 100 100 100 58 58 58 58 58 58 58 58 58 58 58 58 58 58 58 80 80 80 80 80 80 80 80 80 80 80 80 80 80 215 215 215 215 215 215 215 215 215 215 215 215 215 215 215 215 235 235 235 235 235 235 235 235 23 23 23 23 23 23 23 23 23 23 23 23 23 251 251 251 251 251 251 251 251 251 251 251 36 36 36 36 36 36 36 36 250 250 250 250 250 250 250 250 293 293 293 293 293 293 293 293 293 293 293 293 72 72 72 72 72 72 72 72 72 72 72 72 72 72 72 11 11 11 11 11 11 11 11 11 11 11 169 169 169 169 169 169 169 169 298 298 298 298 298 298 298 298 212 212 212 212 212 212 212 212 212 212 212 212 212 212 212 212 212 212 94 94 94 94 94 94 94 94 94 217 217 217 217 217 217 217 217 297 297 297 297 297 297 297 297 297 297 297 279 279 279 279 279 279 279 279 279 279 279 279 47 47 47 47 47 47 47 47 47 47 47 47 47 47 262 262 262 262 262 262 249 249 249 249 249 249 249 249 249 228 228 228 228 228 228 228 228 228 228 228 228 228 151 151 151 151 151 151 151 151 151 151 151 148 148 148 148 148 148 148 148 148 148 170 170 170 170 170 170 170 170 170 170 170 57 57 57 57 57 57 57 57 57 57 52 52 52 52 52 52 52 52 52 52 52 52 193 193 193 193 193 193 193 193 193 193 75 75 75 75 75 75 75 75 75 75 75 222 222 222 222 222 222 222 222 222 222 222 177 177 177 177 177 177 177 177 177 177 177 177 177 252 252 252 252 252 252 252 252 252 252 252 133 133 133 133 133 285 285 285 285 285 285 285 285 285 285 285 285 29 29 29 29 29 29 29 171 171 171 171 171 171 171 171 171 171 171 171 171 171 260 260 260 260 260 260 260 260 260 260 260 260 260 260 260 271 271 271 271 271 271 271 271 271 271 35 35 35 35 35 35 35 35 35 35 35 35 35 245 245 245 245 245 245 245 245 203 203 203 203 203 203 203 203 203 203 203 203 87 87 87 87 87 87 87 87 87 87 40 40 40 40 40 40 40 40 40 40 40 196 196 196 196 196 196 196 196 196 196 196 196 196 12 12 12 12 12 12 12 12 12 12 12 12 12 12 12 12 206 206 206 206 206 206 206 206 206 206 206 206 102 102 102 102 102 102 131 131 131 131 131 131 131 131 131 131 131 131 131 131 17 17 17 17 17 17 17 17 17 17 17 287 287 287 287 3 3 3 3 3 3 3 3 3 3 3 3 3 
weights
0.000954436 -0.0301847 0.0320956 -0.0156472 -0.0127251 0.0390044 0.14738 0.0518503 0.00105353 -0.00147421 0.0287235 -0.00203325 0.0163988 0.00631112 0.0213917 -0.018206 -0.0179028 0.00135503 -0.00736403 0.00468801 0.0358862 0.0163219 -0.0464144 0.0753771 -0.0350891 -0.0211725 -0.0850085 0.00125242 -0.00124161 -0.0323067 0.0146834 -0.0439071 0.0130324 -0.0114301 0.00261337 -0.0642479 0.0477332 0.0144009 -0.0523497 0.0276646 0.00570798 0.00157609 -0.00501173 -0.0403494 0.0379046 0.0237936 -0.00449007 -0.080945 0.0286021 0.00426884 0.0424467 -0.0027631 0.00442586 0.0400528 -0.000604824 -0.0236742 -0.00192938 0.0373354 -0.00329523 0.0693634 -0.0311847 -0.0137234 -0.0250345 0.018546 -0.0165987 0.0116071 0.0107159 -0.022537 -0.0955651 -0.00212647 0.0129952 0.0109815 -0.017896 -0.0151402 0.0150416 -0.0268704 -0.015584 -0.0459063 0.0176952 0.0412532 0.00454276 0.0461233 0.016135 0.0093034 -0.00457046 0.0085949 -0.0123761 -0.0142775 -0.0175928 -0.0103596 0.00850159 0.0316953 -0.0841675 0.00333423 0.0119206 -0.00603586 -0.0799672 0.00793264 0.0117374 -0.0409197 -0.00504196 0.00144624 -0.00380404 -0.00112431 0.0199583 0.0343869 -0.03034 0.0274217 0.00927953 -0.0335422 -0.0216141 0.0257766 0.0169732 -0.0226524 0.0294997 0.00238423 -0.01448 -0.0107706 -0.00752445 -0.0237874 -0.00845116 0.0257833 0.0158066 -0.00090492 -0.0227259 0.110906 -0.0324393 0.00815455 0.00897918 -0.013174 0.00329348 0.00353075 0.0606522 0.0071083 -0.000725634 0.00210491 -0.00778674 -0.136914 0.0529436 -0.0488032 0.00906943 -0.0190243 0.0563585 0.0188919 0.0620764 0.053515 -0.00886237 -0.000171541 0.0215557 0.00592212 0.025311 0.0238357 0.00175851 0.00834123 0.00265088 -0.00928843 0.0283131 -0.00871412 -0.0273881 -0.0181577 -0.0022634 0.00616632 0.00143604 0.0349174 -0.0193214 -0.0182675 -0.0249385 0.0298785 -0.00935688 0.0435439 0.0124426 0.0310212 -0.000486501 0.0215895 -0.0842072 0.0254951 -0.0178772 -0.00313711 -0.00784878 0.00776527 -0.00538844 -0.0194054 -0.00596304 -0.0943887 0.0254829 0.0593906 -0.0779393 -0.00334211 0.011469 -0.0465466 0.00124716 0.0202464 0.0464969 -0.00514685 -0.00622347 0.0315148 0.0187542 0.0101607 0.0290837 0.0386045 0.0532053 -0.0571818 0.0298684 0.11481 0.0455958 -0.0285981 0.0180091 0.0144039 0.0440139 0.00476196 0.0234541 -0.0187276 0.000577606 0.0535573 0.00460513 -0.0268955 0.0835593 -0.0224946 -4.88745e-05 -0.00750694 0.02865 -0.000448134 -0.00497907 0.00647511 0.00785554 0.00261513 -0.0483233 0.0060619 0.00704399 -0.00526918 0.00955846 -0.00474864 0.00585695 0.0040619 0.0231256 0.0443738 -0.0015192 -0.0253133 -0.0317176 -0.00787337 0.0101593 -0.00700656 0.0141503 -0.0207951 0.00372011 0.00788025 -0.00868481 -0.00316967 -0.0164756 0.019603 -0.0662311 0.0788285 0.0201561 0.0277325 0.0109917 0.028818 -0.0225641 -0.00577179 -0.00393399 -0.01574 0.0172922 0.0309922 0.0321611 0.0127206 0.0575053 0.00134376 0.0213417 -0.00634426 -0.0119135 -0.0141652 -0.0236554 -0.0397321 0.0383921 0.0193827 -0.00997974 -0.0038015 0.0366265 0.00259603 -0.000163597 0.0160546 -0.00337725 -0.0223549 -0.0040509 0.0383694 0.0153478 -0.0051206 -0.00749127 -0.0094792 -0.0155955 0.00542204 -0.0491237 0.00604245 0.00824371 0.0377582 -0.0117642 -0.0207923 0.025732 -0.023444 -0.0158038 0.0174989 0.0197733 -0.040696 0.00620217 -0.0100513 -0.0207005 -0.010216 -0.00468283 -0.0236381 -0.0033442 -0.00400745 -0.00020867 0.00779451 0.0177022 0.0133842 0.00686229 -0.00712714 0.00456391 -0.0397636 0.0401797 0.0305727 0.0754896 -0.0672929 0.0595004 -0.0320444 0.0388397 0.0647816 -0.0555494 0.0243173 0.000919099 0.0295185 0.0302069 -0.0232136 0.00332245 0.023177 -0.0470801 0.00782855 -0.00815939 -0.0149117 0.013811 -0.00630713 0.0176097 -0.124252 -0.024525 -0.0220666 -0.0142834 -0.0296359 0.0139554 0.00175501 -0.00746802 -0.0862574 0.00411711 0.0230408 0.00474026 0.00496552 0.00840353 -0.0050095 -0.0809433 0.0146522 -0.00413448 0.00670588 0.0336368 -0.00040087 -0.0133456 -0.0367581 -0.0781278 -0.0312713 -0.00248304 0.00454368 0.0090011 -0.0433025 -0.00914038 0.0545672 0.0197325 0.00580717 0.0667852 0.00572539 -0.00215341 0.0434464 -0.0324874 0.000737598 -0.0227017 -0.0122163 0.0533667 -0.0155284 0.0596091 -0.00390301 -0.0144627 -0.00409871 0.0161582 -0.000272164 -0.00138591 -0.0149856 0.0102164 -0.0895903 -0.0182967 -0.0230205 -0.0345585 0.000770174 -0.0255874 0.00661888 -0.0159462 -0.0179918 -0.0133715 0.00467079 0.0947162 0.0315838 -0.0506874 -0.00934631 -0.0110006 -0.0146386 -0.0325728 -0.000687156 -0.0368557 -0.0149149 0.0473252 -0.0334323 -0.000388258 -0.00718744 0.0247832 0.0304925 -0.0255695 0.0174578 0.0454933 -0.0126593 0.0801012 -0.00858878 -0.0769331 -0.0669084 -0.000909959 0.0654686 -0.0247687 0.0276018 0.028003 0.00972931 0.0032296 0.0354876 0.00253654 0.0273461 -0.00671974 0.0407796 -0.00817046 -0.00554444 0.00723193 -0.0156688 -0.00252291 0.0427623 0.00551858 -0.0257014 0.0181455 -0.0272569 -0.0138405 0.00150089 -0.0557241 -5.74891e-05 0.00428121 0.00172233 -0.0265269 -0.0116567 -0.0161584 -0.0487965 -0.0323071 -0.00845184 0.0337515 0.00678594 0.0135239 8.24174e-05 0.0365228 0.0266601 -0.0164219 -0.0307711 0.0254222 0.0087133 0.0365289 -0.00155041 0.00205055 -0.0247871 -0.00363819 0.0132161 -0.0237368 0.00899422 0.0274416 -0.00020531 0.0919846 0.00268885 -0.0533682 0.00279498 -0.0485949 0.0162597 0.0183271 -0.000259283 -0.00652199 0.0381177 -0.0125092 0.0561348 0.0535675 0.017406 -0.0199752 -0.0129432 0.0122945 0.011675 0.00407109 -0.0087708 0.0748609 -0.00407511 0.00951709 -0.0209311 -0.0174346 -0.0206863 -0.00191904 0.00180154 0.0112727 0.00650405 0.0987964 0.00451546 -0.00851304 0.0264073 -0.00777504 0.0416089 0.0115036 0.000337971 0.0318658 0.0120917 -0.014203 -0.0287079 -0.0204314 0.0564851 -0.0162565 -0.0788326 -0.010126 -0.00498755 0.0874324 0.00141054 -0.0342453 -0.0172822 -0.0438809 -0.0179161 -0.0126963 -0.00387695 -0.021655 -0.0279326 -0.0276389 -0.00984162 -0.0249457 -0.0310305 -0.035603 -0.00503872 -0.0178998 -0.020589 -0.00253445 -0.043166 0.015747 -0.00112842 0.0103302 -0.0221928 0.0200426 -0.00677591 0.00718982 -0.0074107 0.0113191 -0.00758188 0.0293789 0.00651703 -0.0209641 0.0275329 0.038996 -0.00237873 0.0480745 -0.00368094 -0.00733884 -0.0128218 -0.0196891 -0.0167672 0.0245403 0.0211655 0.00462824 -0.071676 -0.0027379 -0.00244585 0.00332956 -0.0178673 0.0144137 -0.0737326 -0.0118015 -0.0109653 0.0163944 -0.00669574 0.0523612 0.00418881 -0.00278316 0.0547579 0.0267129 0.00977592 -0.0487548 0.000197333 0.0474953 -0.00661383 -0.0287043 0.0150986 -0.0129276 -0.00257523 -0.0216517 -0.0383648 0.0713074 0.0753265 0.0303611 0.0675383 -0.00545477 -0.0132673 -0.0392301 -0.0361279 -0.0244896 0.0135985 0.0978874 0.0329646 -0.0192457 -0.00635782 -0.0181705 -0.00285352 0.0727984 0.00510517 -0.05071 0.00556955 -0.00131805 -0.0282439 -0.0357302 0.0393174 -0.0116984 -0.0264014 0.0118692 0.0499022 -0.023638 -0.029224 0.00602999 0.0287284 0.0220165 0.029285 0.0123262 -0.00434604 0.00230545 0.0120811 0.0104424 0.0329892 0.00575353 0.0286606 -0.0425454 -0.0168335 0.0019614 -0.010509 -0.00204288 -0.0334566 0.00960034 0.0147718 0.00309119 -0.00642999 -0.040929 -0.0584009 0.00475952 -0.00947211 -0.0446035 -0.0257421 -0.0229641 0.00490314 -0.0138815 -0.0195343 0.0128783 -0.0210023 0.000479349 -0.013194 -0.0343988 0.00193715 -0.0319068 0.0150504 -0.00821298 0.019265 -0.0284745 -0.0265147 0.00702344 -0.0128665 0.0420979 0.00751905 -0.00767607 -0.0384202 -0.00697764 0.00419951 0.00599395 0.0228686 0.0314888 -0.0156558 -0.059578 0.0385637 -0.0399391 0.010072 -0.0187509 -0.0113759 -0.00988303 -0.00957998 -0.0256196 -0.00291634 0.00200832 0.048772 0.0096133 0.0892152 -0.0185663 0.00338558 -0.0690625 0.0534738 0.0282728 0.0179628 0.0683635 -0.000492495 -0.00553828 -0.000543397 0.0300734 0.0542289 0.029315 0.0267146 0.0282333 0.00499874 -0.0563722 0.00735263 -0.0444052 -0.00136874 -0.0169096 -0.00467947 -0.00327001 -0.022769 -0.00309842 0.0140983 -0.00799241 0.00859589 -0.0106554 -0.0431402 -0.00981667 -0.019969 0.0130856 0.0106695 0.0266838 0.0753494 -0.0411599 -0.0115586 -0.036008 0.0361325 0.0410937 0.033065 0.0506827 -0.0486645 -0.00335073 0.00838564 -0.00373397 0.0399943 -0.00993252 -0.00538541 0.00566384 0.000760135 -0.0150548 0.052 -0.00851378 0.0294345 0.0272205 0.0182913 0.0169579 0.0882437 0.00765733 -0.00750472 -0.0127955 -0.066158 -0.0637873 0.015414 -0.0181622 0.00244747 -0.0382628 -0.0593519 -0.0246411 -0.00241466 0.018525 0.0256742 0.0686582 -0.00469386 -0.0207345 0.00873194 0.00870724 0.00557657 0.0185532 -0.0244929 0.0240105 -0.0150188 -0.00194755 0.0156584 0.006518 -0.000799946 -0.0182504 -0.0250158 -0.0242467 0.00593211 -0.0112909 -0.00482783 -0.00219494 0.00871028 -0.0154989 0.0288288 -0.053957 -0.000650482 -0.00676199 0.0332949 -0.0117789 0.0279166 0.00796967 0.0307496 -0.00906696 -0.0352606 -0.00883445 -0.0353954 -0.00501677 -0.0303902 0.00615168 -0.00568331 -0.038862 0.00562589 0.0438312 -0.00480576 -0.00957767 -0.0037024 0.0264518 0.026319 -0.00101009 -0.00534691 -0.00865676 0.00739311 -0.0458377 0.00830938 -0.017797 -0.0209437 -0.00327669 -0.049153 -0.00168917 -0.0281838 0.0550072 0.109453 0.00948013 -0.0311298 0.0155233 -0.0202782 -0.00102294 -0.00260893 0.0332902 -0.00962056 -0.0443062 -0.0109993 0.00531223 0.0905918 0.0088214 0.0156339 0.0029926 -0.0862589 0.0122846 0.0560863 0.00538243 0.0256598 -0.0146564 0.00232628 0.00482078 0.00555387 -0.00735613 0.00107049 0.00395456 0.00378716 0.00561546 0.0176486 0.0366681 -0.0233286 0.0626635 -0.0040372 0.0444488 0.0085976 0.0726537 0.0184349 -0.0466978 -0.00372556 -0.00132156 -0.0232761 -0.12615 0.0457473 -0.00809118 0.0161889 0.00788911 0.0895949 0.00710333 -8.78797e-05 -0.0546412 -0.0123142 0.00567851 0.00579076 -0.0644146 0.0382302 -0.0127399 0.0111995 0.00869725 0.0233684 -0.0338499 0.0244483 0.0250378 0.000286877 0.0183152 0.0112358 0.00890061 0.00811572 -0.00078336 -0.0183854 0.0630432 -0.00241765 -0.0474733 0.00806938 0.0745371 -0.0345506 0.0264318 0.0666364 -0.0640542 0.010312 0.0241648 -0.0385701 0.00759698 0.0782956 0.0710136 -0.0147844 0.0129552 0.0050496 0.0917211 0.0610568 -0.00314317 0.0275337 0.000396419 -0.030605 0.00170197 0.00289758 -0.00278329 0.0211936 0.0177811 -0.00141661 -0.021652 0.0376822 0.00711986 -0.0369607 0.0264044 0.0214193 -0.011943 0.00212426 0.0311014 0.0593213 0.0511386 -0.0118537 0.0354675 -0.00401853 0.00685112 0.0187007 -0.0276737 -0.0114523 0.00222165 -0.0151934 -0.0194623 0.0105862 0.0408916 0.022771 0.00746255 0.0203482 0.0322013 0.00447079 9.35504e-05 0.0110089 0.0040879 -0.0276547 -0.0223901 0.0220874 0.0535835 0.0129394 -0.0498246 0.0100778 0.0162981 0.00883963 0.0163806 0.0250893 0.00771295 0.0277789 -0.00566856 -0.00637393 0.0170334 -0.0124265 -0.0490014 0.00508672 -0.0218484 -0.0162155 -0.00144277 -0.0470565 0.0183014 0.022857 0.00479701 0.0166063 -0.0132352 0.0299697 -0.0131393 -0.0591366 
