400
200
400
1000
500
3
0.333333	0.666667	
0	2	0.00186476	0.0339528	0.0918207
1	0	0.00228213	0.0319144	0.039996
2	2	0.00256145	-0.135519	0.0760419
3	2	0.00309313	-0.0410974	0.0221945
4	2	0.00396475	-0.0269664	0.00148472
5	2	0.00662756	0.0448913	0.0394691
6	0	0.00665896	-0.0226066	0.0881307
7	2	0.0114017	0.0305419	0.0424404
8	0	0.011548	-0.050467	0.0513911
9	2	0.0121369	-0.0159578	0.00354742
10	1	0.0134849	0.0399986	0.110871
11	1	0.0139972	-0.033951	0.077868
12	1	0.0140528	0.0349639	0.0376568
13	0	0.0144259	0.0304646	0.0209505
14	0	0.0151417	0.0547948	0.0497053
15	2	0.0154299	0.0562307	0.0529271
16	2	0.0169532	-0.0605911	0.009261
17	1	0.0171126	0.0681315	0.097569
18	0	0.0173234	0.0339558	0.0131171
19	1	0.0198666	-0.143048	0.112649
20	0	0.0239061	-0.0038703	0.0829294
21	1	0.0249763	-0.175494	0.122233
22	2	0.0257753	-0.0181179	0.129601
23	2	0.0260962	0.0553104	0.0101319
24	0	0.027071	-0.0865491	0.0595465
25	1	0.0291238	-0.024116	0.115272
26	0	0.0323719	-0.0360684	0.0490777
27	0	0.0326928	0.0966396	0.0363127
28	1	0.0334314	-0.100449	0.106045
29	2	0.0337812	0.0144504	0.0755674
30	2	0.0347025	-0.0413112	0.00433233
31	2	0.0350953	0.00455625	0.022712
32	2	0.0357576	-0.0218558	0.0411213
33	1	0.0358782	0.0758477	0.00806602
34	2	0.0360318	0.0579883	0.0627238
35	1	0.0361211	-0.0994365	0.0535683
36	0	0.0396066	0.0445348	0.027625
37	2	0.0400548	-0.109384	0.00536443
38	1	0.0400674	-0.106704	0.0522681
39	2	0.0402153	0.0156747	0.0072778
40	0	0.041148	0.0146138	0.0345488
41	0	0.0413644	0.0475909	0.00311709
42	0	0.0440487	0.057611	0.0339448
43	1	0.0441737	-0.065454	0.0246846
44	0	0.0449651	-0.0846964	0.0394978
45	2	0.0469192	-0.0760291	0.031111
46	2	0.0475172	0.0355664	0.0358894
47	0	0.0499147	0.0181178	0.0340389
48	0	0.0499876	-0.0393004	0.0260617
49	1	0.0509137	-0.0502222	0.0840398
50	0	0.0512852	-0.024341	0.0544582
51	0	0.0518134	0.0188794	0.00900015
52	0	0.0518514	-0.00537121	0.0433761
53	0	0.0519307	-0.0338092	0.014806
54	2	0.0522868	0.0804709	0.117781
55	2	0.0527355	-0.0346902	0.0599236
56	1	0.0535454	0.0923724	0.0195653
57	0	0.0539765	-0.0223209	0.025664
58	0	0.0564146	-0.00795397	0.056732
59	1	0.0579286	0.0346503	0.0857233
60	0	0.0606817	-0.0829689	0.0297035
61	0	0.0627863	-0.0183846	0.0150836
62	1	0.0635177	-0.0199543	0.0470901
63	2	0.0636555	-0.0297953	0.0481834
64	2	0.0641231	0.017433	0.0526365
65	0	0.0646885	-0.0473704	0.0140813
66	0	0.0698319	-0.0590982	0.0211486
67	2	0.07005	0.0310397	0.0407929
68	2	0.0707571	0.0222526	0.0755032
69	0	0.0717756	0.0195243	0.0232667
70	0	0.0730795	0.0644967	0.0605852
71	1	0.0742658	0.0354639	0.0237949
72	0	0.0770397	0.0116777	0.0571925
73	0	0.0774578	-0.0387673	0.000392422
74	2	0.0774663	-0.0162185	0.0693835
75	1	0.079132	-0.0572108	0.0819011
76	2	0.0801317	-0.0369154	0.120192
77	1	0.0828329	-0.0122957	0.00383187
78	0	0.0845593	-0.0316485	0.0168699
79	2	0.0847107	0.0454286	0.0576568
80	0	0.085048	-0.0932472	0.0581596
81	2	0.0856055	-0.0490869	0.0585644
82	1	0.0875328	0.181689	0.0367665
83	0	0.0886642	-0.0528515	0.093241
84	2	0.0901485	0.011952	0.03101
85	2	0.0920882	0.0251652	0.0342203
86	2	0.0932146	-0.103422	0.0800587
87	2	0.0961923	-0.006456	0.123468
88	0	0.0962285	-0.0314955	0.0434521
89	0	0.0968616	0.0513307	0.00802877
90	0	0.098084	-0.0777312	0.0139084
91	1	0.0997559	0.0243637	0.0426812
92	0	0.0998968	0.0131197	0.00340207
93	0	0.100378	-0.0640451	0.0323531
94	1	0.10061	-0.0179754	0.117986
95	2	0.101508	-0.0462296	0.0387854
96	2	0.103968	0.0458396	0.0298585
97	2	0.104862	0.0641206	0.0208811
98	2	0.105734	-0.0734597	0.0476147
99	1	0.106917	-0.0548405	0.108149
100	2	0.10728	0.0914831	0.0247816
101	2	0.107411	-0.00319661	0.0282505
102	1	0.107464	0.0294501	0.0396744
103	1	0.107711	0.017569	0.0719004
104	2	0.109724	-0.0319209	0.0711613
105	0	0.110105	-0.0400279	0.0039699
106	2	0.110748	-0.0705696	0.0869414
107	0	0.111044	-0.00333007	0.00134831
108	0	0.111354	0.00980999	0.0191916
109	0	0.112522	0.023398	0.0653521
110	1	0.113145	-0.0181237	0.0957841
111	1	0.114582	0.0770258	0.0150672
112	2	0.114902	0.0452531	0.00488276
113	0	0.117252	-0.0289051	0.00829997
114	0	0.118263	-0.0851426	0.100471
115	2	0.118671	0.0898679	0.0529405
116	0	0.118795	0.0151486	0.0208291
117	0	0.120396	0.0215792	0.0411685
118	2	0.121063	0.0327381	0.0365567
119	2	0.122451	0.0621089	0.0266068
120	2	0.122758	-0.0726206	0.0666078
121	0	0.123796	-0.00707943	0.0196117
122	1	0.124067	-0.0172135	0.0030905
123	0	0.124152	-0.00267785	0.00147247
124	2	0.124325	-0.0954372	0.0902511
125	2	0.124374	0.0371107	0.0151455
126	2	0.124871	0.0498371	0.0301246
127	2	0.125511	-0.0157308	0.0748775
128	0	0.126512	0.0398214	0.0608207
129	0	0.12787	-0.0661562	0.0708044
130	1	0.128075	0.0862908	0.0317103
131	0	0.129406	0.0341367	0.0858699
132	0	0.129655	0.0227826	0.038905
133	2	0.130101	0.0156871	0.101316
134	2	0.13046	0.0420057	0.148438
135	2	0.131713	0.0356061	0.000914487
136	1	0.14169	-0.038867	0.0635825
137	1	0.144418	-0.0722561	0.0751695
138	2	0.144903	-0.0200039	0.0480975
139	2	0.145643	-0.0857479	0.0475056
140	2	0.146624	-0.0923917	0.0168084
141	2	0.147262	0.0917339	0.038949
142	1	0.147425	0.136256	0.0317818
143	1	0.147922	-0.059794	0.000420499
144	1	0.148148	0.0631248	0.033033
145	2	0.148758	-0.0510938	0.0828579
146	0	0.148886	-0.00907211	0.0172314
147	1	0.149386	0.0310909	0.08641
148	1	0.150886	-0.0514307	0.0339117
149	1	0.151164	0.0445297	0.0652361
150	0	0.151387	-0.0793672	0.0122987
151	0	0.15186	0.0768041	0.0469481
152	0	0.152922	-0.0109042	0.175782
153	0	0.153051	-0.087566	0.0326067
154	0	0.156751	-0.0871513	0.0153541
155	2	0.157023	-0.0658135	0.00993007
156	0	0.158427	-0.0414356	0.00858817
157	2	0.158844	-0.0587578	0.0656476
158	0	0.159903	0.0405876	0.00549072
159	0	0.160881	-0.00550887	0.0174078
160	0	0.16288	-0.101806	0.033933
161	2	0.163223	0.052393	0.00870429
162	2	0.164883	0.00138098	0.0865148
163	0	0.16505	0.0173374	0.0241137
164	2	0.16547	-0.0200098	0.00819306
165	0	0.16583	-0.0207335	0.0428449
166	2	0.167308	0.0188895	0.034636
167	2	0.168188	0.0660129	0.0738726
168	0	0.168577	0.00986878	0.0456133
169	2	0.170707	0.0415615	0.0523695
170	2	0.17395	0.0158926	0.097391
171	2	0.174268	0.0689217	0.000868404
172	2	0.175461	0.0332208	0.0475624
173	2	0.176076	0.105683	0.0178227
174	0	0.176348	-0.0552505	0.0354909
175	0	0.177131	0.0421688	0.0735734
176	0	0.179068	-0.0364878	0.128185
177	0	0.181541	-0.0621563	0.095934
178	1	0.182687	-0.0194485	0.0193041
179	1	0.183974	-0.00750523	0.0138222
180	0	0.184314	0.0976941	0.025947
181	2	0.186314	-0.0112327	0.0290149
182	0	0.186488	0.0263606	0.083192
183	0	0.18765	-0.0269234	0.0253567
184	2	0.188631	-0.0292095	0.0201741
185	0	0.188849	-0.0494006	0.0219144
186	1	0.18885	-0.0419383	0.104183
187	0	0.18916	-0.0695538	0.044318
188	2	0.191081	0.0350456	0.0387646
189	2	0.191466	-0.0680428	0.0820678
190	1	0.191662	-0.0372535	0.0745089
191	2	0.192246	0.0428402	0.11659
192	1	0.192677	0.0622591	0.0323916
193	0	0.194693	-0.0262622	0.00854266
194	2	0.196069	0.0164105	0.0478956
195	2	0.196487	-0.0729487	0.0153441
196	0	0.199959	-0.0231045	0.0669564
197	0	0.201191	0.0375641	0.0766485
198	0	0.204814	0.0359674	0.0380924
199	0	0.205913	-0.0423021	0.0375193
200	2	0.206359	-0.0326541	0.0296932
201	0	0.208343	-0.0379404	0.0319149
202	2	0.209588	0.00204288	0.0565897
203	2	0.209748	0.0518119	0.00392898
204	0	0.209931	-0.0152648	0.0394293
205	1	0.210907	-0.0489468	0.0465485
206	1	0.212237	0.0257044	0.140878
207	0	0.212683	0.0527504	0.0591579
208	2	0.215063	-0.0415067	0.0645853
209	1	0.215246	-0.148123	0.0578922
210	2	0.215761	-0.119673	0.0382363
211	2	0.216197	0.0970171	0.0317398
212	0	0.217687	0.0957819	0.0322546
213	0	0.220353	0.0257875	0.0543906
214	1	0.220608	0.111576	0.0793001
215	0	0.222056	0.0699995	0.0473505
216	0	0.222064	0.00202891	0.031767
217	0	0.222108	-0.0712656	0.0854723
218	0	0.222525	-0.0252545	0.0144072
219	0	0.222629	-0.0250754	0.0516465
220	0	0.22314	-0.0154273	0.0565909
221	0	0.226794	-0.0356965	0.0703415
222	1	0.23043	0.028657	0.064053
223	0	0.232309	0.0442625	0.0078123
224	2	0.233398	0.0513782	0.073909
225	0	0.233845	-0.0361755	0.0292653
226	2	0.234039	0.0702676	0.0138773
227	1	0.234199	0.0275672	0.100646
228	0	0.235232	0.0221951	0.0345538
229	0	0.236347	0.0106606	0.0341205
230	1	0.23664	-0.0522191	0.0842392
231	1	0.236701	0.100176	0.053609
232	0	0.2381	0.00686993	0.065193
233	0	0.238328	0.0437793	0.0410573
234	2	0.238883	-0.0763185	0.0303529
235	2	0.239614	0.0198118	0.00653476
236	0	0.240798	-0.0608946	0.00280062
237	0	0.24254	0.013117	0.0372235
238	0	0.243442	0.0232133	0.0331805
239	0	0.243722	0.017758	0.00751141
240	0	0.246099	0.0118956	0.0310372
241	0	0.246717	-0.0239877	0.0722538
242	1	0.249257	-0.0835875	0.0279676
243	2	0.2496	-0.0188917	0.0531921
244	1	0.249696	-0.0349585	0.074435
245	0	0.249827	-0.00630644	0.0423641
246	1	0.24992	0.00563861	0.156745
247	0	0.250768	-0.0527047	0.0240581
248	2	0.251888	-0.0630703	0.0389231
249	1	0.252076	0.0509977	0.0264858
250	2	0.252105	0.0338125	0.0478592
251	1	0.253347	-0.148951	0.0512084
252	0	0.253558	-0.0284558	0.0761263
253	2	0.25434	0.0725222	0.0501473
254	2	0.255402	0.05305	0.108887
255	2	0.256082	0.0140923	0.0329217
256	2	0.256114	0.0472445	0.0166298
257	0	0.257286	-0.046866	0.00134459
258	2	0.257643	0.0175042	0.0122128
259	0	0.258198	-0.0267176	0.0621342
260	2	0.258919	-0.0283451	0.0015148
261	0	0.259045	-0.0318309	0.0199698
262	0	0.259176	0.00397022	0.0218192
263	2	0.259467	-0.0285382	0.0734009
264	2	0.25954	-0.0712307	0.0365174
265	2	0.261423	0.0190848	0.0710301
266	0	0.261706	0.00322404	0.0479153
267	0	0.261947	0.017995	0.0234847
268	1	0.263192	0.0941656	0.0794437
269	2	0.263213	-0.00664179	0.0171291
270	1	0.26338	0.0740706	0.0476089
271	2	0.263472	0.0211229	0.0185083
272	0	0.264457	0.00615888	0.0750258
273	0	0.267002	-0.0330893	0.0494254
274	2	0.26762	-0.0469899	0.00324945
275	1	0.268793	-0.00710172	0.0491459
276	0	0.269811	0.0445199	0.0114632
277	1	0.270768	0.034933	0.0610442
278	1	0.271574	0.0486786	0.0144089
279	0	0.271821	0.0433613	0.0746072
280	2	0.273423	-0.040947	0.0329497
281	1	0.273994	-0.1375	0.0270999
282	2	0.274857	0.0238844	0.00898689
283	2	0.27546	-0.0130044	0.0119032
284	0	0.276531	-0.0378344	0.118397
285	0	0.278055	0.0263915	0.0511642
286	0	0.278125	0.0446812	0.0381181
287	0	0.279055	0.0371893	0.00867662
288	0	0.279233	0.0532652	0.00743235
289	0	0.280092	0.0228783	0.0259777
290	2	0.280425	0.0790137	0.0112143
291	2	0.280543	-0.0335087	0.0467837
292	2	0.281208	0.0831565	0.0481345
293	1	0.281766	0.01502	0.00638859
294	2	0.282158	-0.0564021	0.032076
295	0	0.283241	-0.0330161	0.0682029
296	1	0.284012	-0.0616143	0.0384885
297	0	0.285946	-0.0139525	0.00261724
298	2	0.286367	-0.00870483	0.0996387
299	0	0.287023	0.0105475	0.03112
300	2	0.287197	-0.0110804	0.0169261
301	2	0.287515	0.0544868	0.0237354
302	2	0.290438	-0.0585944	0.0572368
303	2	0.290494	-0.0486478	0.0528234
304	2	0.293671	0.0309275	0.00993845
305	0	0.297029	-0.0406805	0.00616559
306	2	0.297855	-0.0868773	0.0212802
307	1	0.297919	0.0608066	0.166276
308	1	0.300567	0.0596233	0.00466871
309	1	0.301652	0.029626	0.0487717
310	1	0.301691	0.108328	0.0525879
311	0	0.301795	-0.0229934	0.0282861
312	0	0.302555	0.116421	0.0751483
313	0	0.302574	0.0411088	0.0408087
314	2	0.30567	-0.0336456	0.0027133
315	2	0.306018	0.00478299	0.0128985
316	0	0.30722	-0.02714	0.0210741
317	0	0.307578	-0.0249411	0.0274331
318	1	0.308229	-0.0908105	0.213118
319	2	0.309819	0.0462214	0.0582377
320	1	0.310659	-0.0739787	0.0993764
321	2	0.31253	0.0440972	0.0133807
322	0	0.313824	-0.0394402	0.102844
323	2	0.317072	0.0055476	0.003439
324	2	0.31778	-0.021569	0.0340751
325	0	0.318708	-0.0537115	0.0298464
326	0	0.318759	0.0175717	0.0602397
327	0	0.318938	0.0145105	0.00632077
328	2	0.321026	0.0097572	0.0268373
329	2	0.322001	0.0212401	0.00405195
330	0	0.322579	-0.0488598	0.0408895
331	0	0.326033	-0.0538314	0.022572
332	2	0.326601	0.0392839	0.106923
333	0	0.328997	0.0788945	0.0426066
334	0	0.329981	0.0247722	0.0523288
335	0	0.330539	0.0079018	0.0894494
336	0	0.330554	-0.0232401	0.011948
337	2	0.331173	0.0158671	0.0516989
338	0	0.332247	0.0421402	0.026734
339	0	0.333626	0.0591797	0.0152408
340	2	0.333641	0.0238387	0.0314871
341	1	0.333761	0.0273762	0.0275425
342	0	0.334182	0.0420446	0.0118449
343	2	0.33451	-0.0375722	0.05295
344	0	0.334843	-0.0304212	0.0310914
345	0	0.336496	0.0246379	0.0428961
346	2	0.341935	-0.00987748	0.0144363
347	0	0.342412	-0.00474178	0.0331309
348	2	0.344569	-0.0646036	0.033588
349	1	0.345836	-0.0365911	0.0106083
350	0	0.346523	-0.079398	0.0572789
351	0	0.349568	0.00426573	0.0534877
352	1	0.349716	0.0223885	0.0492797
353	0	0.351108	0.00796198	0.107376
354	0	0.351827	0.0164629	0.00267243
355	1	0.351861	-0.108491	0.00915627
356	0	0.352424	0.0190661	0.00277763
357	0	0.35245	0.026119	0.0760338
358	0	0.352619	0.081294	0.0104248
359	1	0.35282	0.117298	0.0487972
360	2	0.354419	0.0503043	0.0381642
361	0	0.35533	-0.0864535	0.0167004
362	2	0.35587	-0.0611951	0.0500339
363	0	0.355894	-0.0136201	0.0483419
364	0	0.358449	0.011137	0.0201035
365	2	0.358634	-0.0232801	0.0284467
366	0	0.358794	0.220988	0.0224528
367	0	0.360623	0.0633236	0.0409331
368	0	0.360977	0.0612369	0.0135136
369	2	0.36319	0.013713	0.0291952
370	0	0.364235	-0.0389632	0.0355318
371	1	0.364354	0.0105302	0.088154
372	2	0.365525	-0.0215297	0.0316117
373	2	0.366252	-0.0208582	0.0405193
374	0	0.370026	-0.0194168	0.00290152
375	1	0.372704	-0.0606224	0.0391957
376	2	0.373218	-0.0311083	0.0194568
377	2	0.373712	0.0287192	0.00930483
378	0	0.375406	-0.0213423	0.0134716
379	1	0.377674	-0.0202515	0.02785
380	0	0.378634	-0.0165518	0.000484748
381	2	0.378952	0.0503371	0.0373362
382	2	0.379673	0.0295133	0.0213114
383	0	0.382512	0.0925298	0.0276332
384	2	0.383136	0.0395432	0.00279841
385	1	0.384334	-0.0400691	0.057571
386	1	0.385521	-0.0841403	0.0347661
387	0	0.387476	0.066785	0.0119644
388	0	0.38781	-0.0192303	0.0657086
389	0	0.388872	-0.0150279	0.141621
390	2	0.390721	-0.0950462	0.0948985
391	1	0.391173	-0.0480867	0.116656
392	2	0.391592	0.068046	0.133591
393	0	0.391977	-0.110216	0.00972165
394	0	0.392761	0.024276	0.0337883
395	0	0.393692	-0.0643727	0.00639434
396	2	0.396965	-0.0789269	0.0134048
397	1	0.396997	0.0782914	0.0388554
398	2	0.398889	-0.0334123	0.0175597
399	2	0.400151	0.0331302	0.041839
400	1	0.400636	0.0430124	0.130294
401	0	0.40065	-0.0802524	0.0868622
402	2	0.401252	0.0457933	0.034799
403	0	0.402627	0.0140596	0.0109583
404	2	0.40268	-0.0245162	0.0178036
405	1	0.402753	0.0439321	0.0391277
406	1	0.403415	0.0370741	0.0513697
407	2	0.403562	0.0272331	0.0711518
408	1	0.405929	0.0696521	0.128215
409	2	0.406333	0.0269528	0.00453535
410	0	0.408857	0.00933008	0.0179729
411	0	0.411753	-0.0441535	0.0256306
412	2	0.413032	0.0335809	0.0296934
413	0	0.413149	-0.0198831	0.0788271
414	1	0.413407	-0.0491082	0.022384
415	0	0.415972	-0.00772835	0.0236223
416	2	0.417439	0.0425416	0.0326789
417	1	0.417754	-0.030553	0.00885408
418	1	0.417873	-0.0430434	0.191384
419	2	0.418275	0.0186443	0.0250483
420	0	0.419302	0.0131434	0.01502
421	2	0.420978	-0.117683	0.064393
422	2	0.421506	0.035241	0.0643305
423	0	0.421659	0.078425	0.0452095
424	1	0.42275	0.0249627	0.0719039
425	2	0.423372	-0.0287819	0.0343263
426	2	0.424038	-0.0442725	0.0422538
427	0	0.425968	0.0411432	0.038686
428	2	0.426648	0.0927997	0.0286955
429	2	0.427441	-0.0129052	0.0712374
430	1	0.428788	0.0171306	0.183548
431	2	0.429953	0.0576128	0.0786831
432	0	0.430416	0.036588	0.014454
433	1	0.43058	0.14937	0.0569215
434	0	0.433083	0.014498	0.03737
435	0	0.434136	-0.0444175	0.109546
436	2	0.43493	0.0176723	0.0391747
437	0	0.436138	0.0476476	0.0788524
438	0	0.436299	-0.0391905	0.0591455
439	0	0.436333	-0.0851868	0.0327686
440	0	0.437236	0.0631796	0.0603216
441	0	0.438003	0.0441581	0.0631147
442	2	0.439609	0.011446	0.0150476
443	2	0.442371	0.0590752	0.0157783
444	0	0.442723	-0.0150086	0.0357552
445	2	0.446638	-0.0116699	0.0616185
446	2	0.446823	0.0466434	0.0405065
447	1	0.447211	-0.0777382	0.0272029
448	2	0.449486	-0.0402069	0.0599967
449	1	0.449496	-0.0390427	0.0739562
450	2	0.449929	0.00992666	0.00162011
451	2	0.451882	0.018381	0.0253936
452	2	0.453254	0.0167252	0.0375708
453	2	0.453954	-0.034164	0.047068
454	0	0.454229	-0.0372607	0.0383035
455	2	0.455167	0.0270981	0.111795
456	2	0.455633	-0.0374242	0.00156859
457	2	0.456382	0.0289765	0.0444754
458	0	0.456976	0.0281328	0.00933086
459	0	0.458471	-0.0597895	0.0288547
460	0	0.458572	0.0254239	0.11419
461	1	0.458655	-0.0134129	0.108307
462	1	0.458885	-0.0621874	0.106734
463	2	0.460917	0.0373036	0.0685107
464	0	0.461204	-0.0485693	0.0181565
465	0	0.461672	-0.0320416	0.0203899
466	0	0.461882	-0.017682	0.0214848
467	2	0.462118	0.0081009	0.0392199
468	2	0.462886	-0.100183	0.0787039
469	2	0.463232	-0.0191303	0.0687113
470	1	0.463232	-0.111551	0.0156698
471	0	0.463995	0.0395985	0.00862769
472	2	0.464131	0.0418562	0.00930052
473	2	0.464219	-0.0487976	0.079529
474	0	0.465925	-0.0111104	0.0574162
475	2	0.466537	-0.0102994	0.0688427
476	0	0.468799	0.00625355	0.0311755
477	0	0.468984	0.044618	0.0935287
478	1	0.469006	-0.146062	0.0284882
479	2	0.469314	0.0303082	0.0228898
480	0	0.469797	0.0332596	0.00169996
481	2	0.47006	-0.0264473	0.0131099
482	2	0.470533	0.0310295	0.0629698
483	2	0.471405	0.0312647	0.0211822
484	2	0.471981	0.0488749	0.00700743
485	1	0.473759	0.00694879	0.0659717
486	0	0.474079	-0.0570252	0.0202383
487	2	0.475929	-0.0103511	0.0317298
488	0	0.476004	0.0158938	0.112767
489	1	0.476096	0.0721619	0.114461
490	1	0.481175	0.0139997	0.0248207
491	2	0.48156	-0.0566548	0.0326447
492	0	0.482565	0.045453	0.00439808
493	0	0.482626	-0.0910902	0.0585033
494	0	0.484255	-0.0643563	0.017954
495	2	0.48529	-0.0216242	0.0334169
496	1	0.485386	0.130572	0.0796251
497	2	0.485431	0.0117522	0.0378508
498	2	0.486893	-0.139258	0.00443262
499	2	0.491787	0.0410305	0.113172
500	2	0.495162	-0.0482308	0.0718217
501	0	0.497475	0.0537919	0.0652993
502	1	0.498486	0.0483615	0.0120649
503	2	0.498622	-0.125215	0.0140573
504	0	0.499176	0.134882	0.0278376
505	0	0.499219	0.0850901	0.0253898
506	2	0.499502	0.0293052	0.0176512
507	0	0.499779	0.0396471	0.0219891
508	1	0.499873	0.0483451	0.0275603
509	0	0.500244	-0.0413286	0.0286207
510	0	0.500369	0.169953	0.0201903
511	0	0.500557	0.0421657	0.0634972
512	1	0.501387	-0.0172167	0.0866777
513	2	0.502036	0.0291875	0.0188005
514	1	0.502121	0.108528	0.0706607
515	1	0.504758	0.0904972	0.0946645
516	2	0.5069	0.0335301	0.109822
517	0	0.50804	-0.0135736	0.0515075
518	1	0.508772	0.0584815	0.0547542
519	0	0.508906	-0.0683533	0.00928484
520	0	0.510829	-0.0491422	0.0588343
521	2	0.511109	-0.0330148	0.029473
522	0	0.511905	0.00704024	0.0386047
523	2	0.512056	-0.0476153	0.0290061
524	1	0.513156	-0.00672667	0.135248
525	0	0.513312	-0.0515088	0.0328109
526	2	0.513823	-0.0442455	0.0141795
527	1	0.515184	0.0594963	0.0380043
528	0	0.515236	-0.0122135	0.0686121
529	0	0.515381	0.0537536	0.0321362
530	1	0.51719	0.024661	0.0548021
531	2	0.518095	0.0317835	0.0230239
532	0	0.51816	-0.042281	0.0155664
533	0	0.518473	-0.159948	0.00536975
534	0	0.518785	0.0353762	0.0844878
535	0	0.518843	-0.0265362	0.0522919
536	1	0.519536	0.00847196	0.0475816
537	0	0.5199	0.037965	0.010366
538	2	0.522278	0.027622	0.00302563
539	0	0.522839	-0.0223295	0.00176557
540	2	0.523898	-0.00737673	0.0176827
541	0	0.52503	0.0662471	0.0136367
542	1	0.527545	0.0140897	0.0607092
543	2	0.527763	0.0695828	0.113373
544	2	0.534158	0.0417457	0.0130496
545	0	0.534386	-0.0604497	0.00636467
546	2	0.536649	0.0304628	0.00729849
547	2	0.539859	0.116426	0.04397
548	0	0.540533	-0.00942089	0.0233986
549	1	0.540773	0.0267413	0.0249176
550	1	0.543327	0.0575365	0.0249775
551	2	0.544332	-0.0206143	0.0173452
552	0	0.544672	-0.0147143	0.017539
553	0	0.54526	0.0540662	0.0302701
554	2	0.546657	0.0274462	0.0243402
555	1	0.547171	0.00978826	0.0233257
556	0	0.547623	0.0289201	0.0494131
557	0	0.550461	-0.00473303	0.0365921
558	0	0.55066	0.0358888	0.040204
559	1	0.551539	0.0429964	0.000681365
560	0	0.552119	-0.023577	0.0693038
561	1	0.55322	0.0796319	0.0276454
562	1	0.553673	-0.0261108	0.0673228
563	0	0.554382	-0.0105447	0.0236707
564	0	0.554833	-0.0095497	0.0503932
565	1	0.555499	-0.0432007	0.015144
566	0	0.556006	-0.0183836	0.0440677
567	0	0.556456	-0.0607086	0.0183318
568	2	0.557121	0.0300198	0.0823738
569	1	0.557207	0.0451964	0.05533
570	0	0.559116	0.0451223	0.0443631
571	2	0.560019	0.0249553	0.0818245
572	0	0.562773	-0.0335924	0.0686789
573	2	0.563346	-0.06571	0.0257856
574	2	0.565324	0.059742	0.114772
575	0	0.566765	0.0239637	0.0322737
576	0	0.57209	-0.0778837	0.0129628
577	1	0.57228	0.0458746	0.0191367
578	2	0.573035	0.0538151	0.0261795
579	0	0.573692	0.0269114	0.0460024
580	2	0.575442	0.0554454	0.0469124
581	2	0.578725	-0.0736085	0.112497
582	1	0.57966	-0.0281063	0.0993652
583	0	0.580544	0.0569553	0.0386921
584	0	0.580734	0.039589	0.0535194
585	2	0.581076	0.045656	0.00476612
586	2	0.583611	0.0164875	0.0499859
587	1	0.583876	-0.207799	0.0269076
588	0	0.585313	-0.0103405	0.0524896
589	1	0.590444	0.0127737	0.0101383
590	2	0.590586	-0.0310362	0.00968701
591	1	0.592334	-0.0429045	0.027584
592	0	0.594562	0.0237904	0.0525534
593	2	0.59723	-0.0200325	0.0241751
594	1	0.598612	-0.0774783	0.000552161
595	2	0.599122	0.091424	0.0180046
596	2	0.599705	0.0134618	0.00487162
597	1	0.601794	-0.0506963	0.0407997
598	1	0.602103	-0.156736	0.000982419
599	2	0.60511	-0.0541827	0.0145691
600	2	0.606416	-0.0360217	0.0227125
601	2	0.608185	0.0263473	0.0271761
602	2	0.608547	0.0104112	0.0551629
603	0	0.609894	0.0479817	0.00600079
604	0	0.610175	0.02512	0.0346667
605	1	0.610188	0.0550213	0.0532446
606	2	0.610319	0.0283388	0.101631
607	0	0.610479	0.0201543	0.0108122
608	1	0.610834	-0.158013	0.0232337
609	0	0.611324	-0.0509433	0.0661237
610	1	0.61264	0.0914649	0.0402386
611	2	0.613255	0.0740278	0.0373844
612	2	0.615463	0.0789642	0.0400916
613	1	0.618247	-0.050944	0.0568636
614	2	0.619244	0.0150026	0.0712756
615	0	0.619271	-0.0292221	0.0553743
616	0	0.619301	-0.0721953	0.152681
617	1	0.620076	0.0248561	0.0753643
618	0	0.621385	0.0232812	0.106424
619	2	0.622137	0.0669262	0.0135267
620	0	0.622578	0.0397386	0.0949943
621	1	0.622651	-0.0313493	0.156816
622	1	0.623698	-0.0472721	0.0873447
623	0	0.624843	-0.0467098	0.0127881
624	2	0.625871	-0.0531695	0.0735898
625	1	0.625938	-0.0408434	0.00856503
626	2	0.628319	-0.0583795	0.076327
627	0	0.63155	-0.0512986	0.0115462
628	2	0.633942	-0.0528007	0.00766534
629	2	0.635535	0.043924	0.00441563
630	2	0.639374	-0.0507819	0.00347428
631	2	0.64	0.0265099	0.0316397
632	2	0.640003	0.0612404	0.0333216
633	0	0.640612	-0.0898641	0.0120628
634	2	0.642076	-0.0388667	0.0359726
635	0	0.645151	0.0180368	0.00423716
636	0	0.6466	-0.019735	0.0815775
637	0	0.647648	0.0253131	0.0310528
638	2	0.647895	0.020121	0.000823512
639	1	0.649022	0.116043	0.0426713
640	0	0.650415	0.047865	0.0337665
641	2	0.650704	-0.0083266	0.0116528
642	2	0.651324	0.0165488	0.0546397
643	2	0.651364	0.0256124	0.0641677
644	2	0.653964	-0.122286	0.0505718
645	1	0.65445	-0.0228963	0.0246924
646	2	0.655422	0.099175	0.022638
647	2	0.656197	-0.0323319	0.0140264
648	0	0.657032	0.0263615	0.0564676
649	2	0.658189	0.0142182	0.00514763
650	0	0.659353	-0.0288339	0.0114375
651	2	0.660432	-0.00159885	0.0236773
652	0	0.66156	0.0153608	0.0305874
653	0	0.662066	0.0337332	0.0662414
654	0	0.663838	-0.0121569	0.0409735
655	0	0.664064	0.0790458	0.0206803
656	2	0.664838	-0.084583	0.00244444
657	1	0.665045	-0.0444451	0.00140267
658	0	0.666827	0.0521053	0.0915431
659	0	0.666999	-0.0433624	0.0935606
660	1	0.669318	0.0909761	0.0392762
661	0	0.671267	-0.0381669	0.0829105
662	2	0.671652	0.0402941	0.0344296
663	2	0.676968	-0.0558795	0.109496
664	0	0.67741	-0.0191549	0.137846
665	0	0.677492	-0.0343666	0.0278731
666	2	0.67821	0.0501397	0.0789741
667	2	0.678569	-0.0220825	0.0436555
668	1	0.679384	0.0700514	0.0386237
669	2	0.679472	-0.0200586	0.00396644
670	0	0.680254	0.0357249	0.059895
671	0	0.680376	0.0231538	0.0171616
672	0	0.680444	-0.021933	0.0457963
673	2	0.681861	0.0118252	0.0335577
674	2	0.681975	-0.066087	0.00086375
675	0	0.684971	0.0440277	0.0377821
676	2	0.685025	0.0440314	0.0227387
677	1	0.686095	0.0521937	0.0453445
678	0	0.687321	0.00716162	0.0352984
679	0	0.690683	0.00881745	0.0479111
680	2	0.692908	0.025116	0.029515
681	2	0.693885	-0.0781077	0.0267493
682	0	0.693905	-0.0716807	0.060157
683	0	0.695191	-0.0507176	0.0454545
684	2	0.695861	0.0476513	0.0304129
685	0	0.696576	0.0527169	0.0284038
686	2	0.696822	-0.0714316	0.0841495
687	2	0.697585	-0.0203266	0.0520315
688	2	0.697936	0.0422647	0.0717162
689	2	0.698058	0.088696	0.0490982
690	0	0.69821	0.0293114	0.0534303
691	2	0.698707	0.0634878	0.0401576
692	0	0.700091	-0.0460215	0.0372366
693	0	0.700286	0.019543	0.0871001
694	0	0.700312	0.0829467	0.0714184
695	2	0.700318	-0.0803373	0.0167066
696	0	0.700635	0.0666055	0.0319323
697	0	0.701041	0.0159553	0.0572755
698	2	0.702662	0.0104524	3.74857e-05
699	0	0.702869	0.0245037	0.00638863
700	0	0.703488	-0.0459272	0.0409592
701	0	0.703783	0.0266363	0.0780461
702	0	0.705016	-0.032822	0.0442595
703	0	0.705593	0.0148223	0.0512257
704	2	0.705637	0.0132913	0.0162515
705	2	0.70601	0.0381228	0.168042
706	0	0.7073	-0.0324657	0.00461993
707	0	0.709353	0.0144943	0.0637224
708	1	0.710064	-0.0223895	0.0726741
709	0	0.710684	-0.128044	0.0218712
710	1	0.711257	0.0214474	0.0120517
711	2	0.711794	-0.0371139	0.0675963
712	0	0.711936	0.0481108	0.00976339
713	0	0.712008	0.022049	0.0204371
714	2	0.712423	0.0119181	0.108832
715	2	0.716898	0.0428681	0.00239514
716	2	0.717108	-0.0801083	0.0138608
717	1	0.718108	-0.0770083	0.0126039
718	1	0.719336	-0.0942245	0.0302498
719	0	0.719849	-0.112234	0.000877714
720	2	0.722318	-0.017292	0.0468975
721	1	0.723211	0.0199462	0.0155815
722	1	0.723682	-0.0480071	0.00927249
723	0	0.723769	0.0845145	0.0399369
724	1	0.725518	0.01549	0.013018
725	0	0.726662	0.0237911	0.0115504
726	2	0.727	-0.0355471	0.0381485
727	0	0.727848	0.0305515	0.017554
728	0	0.729293	0.031339	0.0253383
729	1	0.729448	-0.0135516	0.0361749
730	2	0.730782	-0.065736	0.0381493
731	1	0.732288	-0.0817113	0.0675875
732	0	0.733046	-0.00647301	0.0254355
733	2	0.734269	0.0522348	0.0452825
734	0	0.734457	0.0428385	0.131136
735	2	0.736152	-0.0138986	0.016221
736	2	0.737387	-0.0824695	0.00538577
737	0	0.738062	0.00615822	0.00954786
738	0	0.73909	-0.120556	0.0198849
739	2	0.740102	-0.0510743	0.0319722
740	0	0.741152	-0.0659284	0.0675188
741	0	0.746102	0.0275272	0.0490808
742	0	0.746953	-0.0581082	0.0176543
743	2	0.749717	0.139333	0.0108791
744	0	0.751048	0.0188984	0.0161981
745	2	0.75208	0.0627908	0.0841562
746	0	0.752315	-0.0372351	0.0540669
747	0	0.753069	0.0335718	0.0446728
748	1	0.753199	-0.0806436	0.0497179
749	0	0.754744	0.0678566	0.0409601
750	0	0.755185	-0.0063779	0.0176231
751	1	0.755266	0.051604	0.0948593
752	0	0.755572	-0.138603	0.0178867
753	2	0.757276	-0.05577	0.0583838
754	0	0.757807	-0.0486625	0.0790688
755	0	0.758481	-0.0413126	0.071528
756	2	0.759217	0.0122786	0.0380364
757	2	0.759935	0.120814	0.0232572
758	2	0.761364	-0.0325561	0.0326176
759	2	0.761538	-0.0131754	0.0656503
760	0	0.765545	0.0241524	0.0496914
761	2	0.766321	0.0223724	0.0554795
762	1	0.766532	0.00225183	0.0525895
763	0	0.767116	-0.0107753	0.00497325
764	2	0.767125	-0.0475063	0.054755
765	0	0.768036	-0.0086112	0.0180311
766	1	0.768333	-0.116659	0.0360986
767	0	0.768371	-0.0731839	0.000712757
768	1	0.770006	-0.0852915	0.000652729
769	0	0.770235	0.0286364	0.0248147
770	0	0.771038	0.00823945	0.0420687
771	1	0.772892	-0.0422511	0.133135
772	0	0.773106	0.0714931	0.0335004
773	2	0.77321	0.0512629	0.0641353
774	2	0.773214	-0.0415954	0.10282
775	1	0.773215	0.130162	0.0045155
776	2	0.774196	-0.0606436	0.0334496
777	2	0.774717	-0.0756909	0.0743899
778	2	0.775706	-0.0598082	0.0149898
779	0	0.776603	0.0706456	0.00317143
780	2	0.776891	0.0529281	0.0578026
781	1	0.777352	0.0268513	0.0757153
782	2	0.778114	-0.0261332	0.021318
783	2	0.780294	0.0788806	0.00921836
784	0	0.780424	-0.0182738	0.0397239
785	2	0.780801	-0.0289028	0.0511826
786	0	0.781021	-0.0291468	0.0218538
787	1	0.782095	-0.0271153	0.121752
788	0	0.782809	0.00403747	0.117619
789	2	0.785247	-0.0166355	0.0508849
790	2	0.785458	0.0290706	0.0474023
791	2	0.786041	-0.0977591	0.0298566
792	2	0.788338	0.0903722	0.0100373
793	1	0.788891	0.0796244	0.0642157
794	2	0.789566	0.038476	0.0192356
795	2	0.789954	-0.0311636	0.0426073
796	0	0.792936	-0.0410767	0.101947
797	2	0.793751	0.0316563	0.000293047
798	2	0.794511	-0.0407355	0.0356108
799	0	0.794744	-0.0285889	0.0779988
800	1	0.795406	0.0435386	0.0187789
801	1	0.796874	-0.0708999	0.191872
802	1	0.797453	0.0282741	0.05562
803	0	0.798171	-0.0197506	0.0621218
804	0	0.79821	0.0125677	0.0301186
805	0	0.799734	0.082571	0.0577487
806	0	0.800799	0.0461642	0.011493
807	2	0.801246	-0.0248935	0.0245035
808	2	0.802375	-0.0429348	0.0467595
809	0	0.802991	0.0323903	0.0662022
810	0	0.804312	-0.0146521	0.0546838
811	1	0.805242	0.0257897	0.112565
812	2	0.805625	0.0524786	0.0363991
813	2	0.805807	-0.0288744	0.00928188
814	2	0.806008	0.0442109	0.0122761
815	0	0.806019	0.0570603	0.0208638
816	2	0.807253	0.0266759	0.0841936
817	2	0.807465	0.0395914	0.0264191
818	2	0.807698	-0.0570987	0.033097
819	0	0.807722	-0.00897531	0.00218236
820	1	0.808189	-0.0469412	0.0746082
821	2	0.808635	0.0204398	0.000878248
822	1	0.809375	0.0465411	0.0639679
823	2	0.812867	-0.0253814	0.0431771
824	2	0.813524	0.0170468	0.0268054
825	2	0.814563	-0.01503	0.0407214
826	2	0.814649	-0.0335715	0.0679897
827	0	0.81651	0.00779578	0.0396521
828	1	0.817147	-0.03118	0.0744882
829	0	0.818089	0.0523774	0.0387034
830	0	0.818803	-0.051491	0.00536741
831	2	0.819152	-0.0590436	0.0201916
832	0	0.820031	-0.0086745	0.0267046
833	2	0.820488	0.0247896	0.00593019
834	2	0.820954	-0.0278839	0.00520816
835	0	0.82141	-0.122894	0.0164496
836	2	0.822353	-0.0773624	0.0291651
837	0	0.823704	-0.0288869	0.0624074
838	1	0.824958	0.0410717	0.0378915
839	2	0.829434	-0.0112168	0.0189685
840	2	0.830013	0.0385294	0.0241316
841	1	0.831914	0.0255259	0.0354692
842	0	0.832056	-0.0592945	0.00241462
843	2	0.836185	-0.00332826	0.00432841
844	2	0.836477	0.183163	0.0320011
845	2	0.837156	0.0205633	0.037135
846	2	0.83896	-0.0427139	0.063079
847	0	0.839017	0.0210856	0.04252
848	2	0.839027	-0.0283106	0.0348603
849	2	0.842461	0.0209956	0.0282527
850	2	0.843131	0.046769	0.0599033
851	2	0.844458	0.0200276	0.0352849
852	2	0.846204	-0.0537866	0.0046327
853	2	0.846326	-0.0178143	0.00769494
854	0	0.847334	-0.151381	0.0726518
855	1	0.849418	0.0418584	0.0183394
856	2	0.849791	-0.0344009	0.00230894
857	1	0.850788	-0.0516564	0.0331778
858	2	0.851197	0.0258368	0.0237482
859	2	0.853587	0.0264238	0.0171219
860	0	0.854078	-0.0293904	0.010821
861	1	0.855589	-0.0319351	0.0207075
862	0	0.856332	0.0177749	0.0234531
863	2	0.858542	-0.0507704	0.0539451
864	2	0.859114	0.0399443	0.0600347
865	1	0.860541	0.0346879	0.0628982
866	2	0.863332	-0.0467051	0.0419346
867	0	0.863905	-0.0487575	0.0749264
868	2	0.867444	-0.0600989	0.0341308
869	2	0.868064	0.0262421	0.00980551
870	2	0.870339	0.0409792	0.0440295
871	1	0.870397	-0.0654711	0.00138231
872	2	0.87143	0.0704645	0.0337966
873	0	0.872811	0.046613	0.0155681
874	0	0.873738	0.0733986	0.0290289
875	2	0.874071	0.0260847	0.0110686
876	1	0.875741	-0.0833192	0.0757548
877	2	0.875955	0.032639	0.0259347
878	2	0.876386	0.025733	0.0174346
879	0	0.876605	0.0493042	0.0352044
880	0	0.876732	-0.0854582	0.0403524
881	1	0.877153	-0.075316	0.114494
882	1	0.877897	-0.0833764	0.0224948
883	0	0.878384	0.0351637	0.0666162
884	1	0.878528	0.00903705	0.0388385
885	2	0.878932	-0.0327212	0.0361785
886	2	0.880284	0.069076	0.0324103
887	0	0.880489	0.0552001	0.0110602
888	1	0.880542	0.183588	0.0334444
889	0	0.882466	0.0176379	0.00227582
890	0	0.882927	-0.0245275	0.0262582
891	1	0.883485	0.0921122	0.0844537
892	1	0.884314	0.136805	0.0144807
893	1	0.88762	-0.00158416	0.105954
894	0	0.888201	0.0449406	0.0441818
895	1	0.889633	0.00746021	0.0116896
896	2	0.890122	0.0226989	0.0175916
897	1	0.890525	-0.0980368	0.0844722
898	2	0.8923	-0.0164624	0.048778
899	2	0.896482	0.129199	0.0650888
900	2	0.898063	0.0071015	0.0864181
901	2	0.898648	-0.0331284	0.0145863
902	2	0.899596	-0.0498432	0.0719558
903	0	0.900774	-0.033414	0.00322599
904	1	0.902062	0.0868151	0.0638781
905	0	0.902162	-0.0812758	0.0783749
906	2	0.903004	-0.0484786	0.0392991
907	2	0.903459	-0.0212738	0.0310551
908	2	0.904853	0.0200223	0.0294579
909	0	0.905874	0.0293712	0.0183602
910	0	0.907016	0.0108817	0.0278115
911	1	0.907426	-0.0156522	0.0239431
912	0	0.908097	0.0272723	0.0214095
913	0	0.908127	0.0503137	0.00215515
914	2	0.909801	-0.020026	0.0152176
915	2	0.910187	-0.0591471	0.0310289
916	1	0.910573	-0.00395794	0.0228689
917	0	0.911117	-0.0851653	0.0137292
918	2	0.912233	0.00396925	0.00542617
919	0	0.915524	0.0126256	0.0560059
920	2	0.916472	-0.0352976	0.0453929
921	0	0.917242	0.0443527	0.128612
922	2	0.917659	-0.00329093	0.0408282
923	0	0.918291	0.015517	0.0215158
924	2	0.921116	-0.0416063	0.0238132
925	0	0.921396	0.025048	0.0265471
926	0	0.922665	-0.0204397	0.0784783
927	0	0.924227	-0.0108453	0.033257
928	2	0.92507	0.0100657	0.000286091
929	1	0.925418	-0.00834635	0.117405
930	2	0.926574	-0.0833628	0.00750757
931	2	0.926853	-0.0299166	0.0772609
932	2	0.926998	-0.0454986	0.0666179
933	2	0.928512	-0.0258192	0.0749165
934	1	0.928787	-0.0864758	0.103626
935	2	0.928878	0.0391976	0.0242462
936	1	0.929506	0.0842101	0.0298621
937	0	0.930053	-0.0550391	0.0287495
938	1	0.930612	0.0131717	0.116211
939	0	0.930955	0.0819487	0.0518742
940	2	0.932504	0.00990687	0.0826071
941	1	0.932735	0.110741	0.0762768
942	0	0.935214	-0.00145071	0.0101044
943	2	0.937532	0.0303122	0.0183019
944	2	0.937824	-0.0340409	0.0544379
945	1	0.940078	-0.0377979	0.0983085
946	2	0.941397	-0.0217732	0.018453
947	2	0.942159	-0.00903882	0.00852526
948	2	0.946054	-0.0163151	0.0153081
949	2	0.946607	0.0583869	0.00153742
950	0	0.947421	-0.051152	0.0928156
951	2	0.947473	-0.0050464	0.00809557
952	2	0.948308	-0.0516116	0.0085768
953	0	0.948754	0.0804739	0.0154634
954	0	0.94923	-0.00954378	0.117225
955	0	0.950426	0.00769981	0.0936539
956	0	0.950432	0.0531194	0.0369297
957	2	0.950607	-0.0258311	0.020038
958	2	0.95095	-0.0573782	0.0886321
959	0	0.95222	0.0331256	0.0230955
960	0	0.955837	-0.0678049	0.0724256
961	2	0.956138	-0.0384568	0.0931285
962	0	0.956432	0.0324712	0.0557469
963	0	0.958551	-0.0614442	0.0441346
964	0	0.959817	-0.0958762	0.0703605
965	2	0.960621	-0.0288313	0.0564648
966	2	0.962768	0.0061214	0.052167
967	2	0.964106	-0.052625	0.061047
968	2	0.964665	0.050207	0.0582
969	0	0.964696	0.0207469	0.0329645
970	2	0.965222	-0.0307081	0.047568
971	2	0.966202	-0.013012	0.0218567
972	0	0.967174	0.0408741	0.00504669
973	1	0.968184	0.0349146	0.0435235
974	0	0.969246	-0.0397749	0.0150115
975	1	0.971391	-0.0748016	0.0392005
976	2	0.972706	-0.0152336	0.0056458
977	0	0.973497	-0.00550135	0.0154526
978	1	0.973516	0.0261323	0.0502444
979	0	0.974673	0.0611627	0.00604503
980	0	0.975911	0.0154604	0.051739
981	2	0.977469	0.0576064	0.00542578
982	1	0.97902	0.0464592	0.0048944
983	2	0.980078	-0.075167	0.00921914
984	1	0.980528	-0.0795295	0.0256932
985	2	0.981809	-0.0454109	0.0867666
986	2	0.982914	0.0158952	0.0947994
987	2	0.98356	0.0222226	0.022307
988	0	0.983792	-0.079149	0.0622676
989	0	0.984952	0.0854481	0.0592122
990	2	0.985129	0.0239492	0.000310936
991	0	0.985332	0.0531401	0.0629052
992	2	0.985474	-0.0319695	0.00170376
993	0	0.990413	-0.0211744	0.0944556
994	2	0.991244	-0.0262849	0.0291395
995	2	0.994679	0.00574077	0.109874
996	2	0.996537	0.0299347	0.0179443
997	0	0.997649	-0.0444919	0.0312686
998	1	0.998061	0.093579	0.0599684
999	0	0.998557	-0.00745409	0.0116901
1	297	0.027677
1	432	0.0280322
6	393	-0.033369
6	609	-0.0207644
6	854	0.0285697
6	652	-0.0150036
6	552	0.0199149
6	553	0.0477574
6	358	0.0197161
6	682	0.021118
8	427	-0.00739859
10	371	0.0201318
10	668	0.0364979
13	494	-0.0128964
13	819	-0.0458085
14	368	-0.0148936
14	786	-0.0421065
25	549	-0.0479061
25	214	0.0412007
25	936	-0.0192857
25	418	0.0328176
25	62	0.0502645
25	355	0.0323337
25	222	-0.0292732
25	597	-0.041026
25	10	0.0735736
25	461	0.0278742
25	406	-0.0276014
25	190	0.0178303
25	884	0.0692657
25	892	-0.0802807
25	904	-0.0248827
25	598	0.0865758
25	613	-0.0290884
25	677	-0.0265335
25	385	-0.0452419
25	142	0.0859048
25	625	0.0667835
25	110	0.0585257
25	555	0.0483075
25	231	-0.0523387
38	489	0.0530758
42	534	0.0201753
42	742	0.0298189
49	587	0.0857277
49	911	-0.0157695
49	246	-0.0394659
49	130	0.0327396
49	549	0.0253922
49	214	-0.0466656
49	149	-0.0207397
49	639	0.0533948
49	192	0.0532762
49	391	0.0425167
49	418	0.0572576
49	424	0.0496351
49	621	-0.0244643
49	99	0.0763787
49	597	-0.0497736
49	379	0.0188742
49	934	-0.0242558
49	414	-0.0449525
49	562	0.0318569
49	38	-0.031535
49	657	0.00602119
49	811	0.0410378
49	748	-0.0260552
49	103	-0.0338548
49	536	-0.0586186
49	268	0.0279645
49	59	0.029972
49	718	-0.0223548
49	589	0.0463416
49	35	-0.0423363
49	490	-0.0157491
49	307	-0.0446097
49	822	0.0102219
49	871	-0.0483375
49	982	-0.0294801
49	594	-0.0526947
49	605	-0.0265438
49	359	-0.0437626
50	108	-0.00978932
50	728	-0.0157195
50	620	-0.026711
50	887	-0.0205596
50	239	0.02764
50	769	0.0248974
50	988	0.0255038
50	765	-0.0299994
50	459	0.03118
50	533	0.0127809
50	706	0.0234783
50	153	-0.0208132
50	410	0.0660167
50	165	0.0261754
50	501	0.02881
50	312	0.0322096
50	539	-0.0313871
50	14	-0.0221257
50	331	0.0274604
50	725	0.0539686
50	755	0.0213443
50	950	0.0386154
50	58	-0.0214061
50	763	0.0148707
50	784	-0.0480877
50	493	0.0454704
50	786	-0.0512146
50	40	0.0138929
50	993	0.0174146
50	367	-0.0342222
50	927	0.0154788
50	672	0.0195089
50	707	-0.0437565
53	204	0.0432892
58	727	-0.0301705
60	633	-0.0148354
60	854	-0.0391295
60	458	0.0596024
60	212	0.0243836
60	528	-0.0104141
60	572	0.0386082
62	206	-0.0112377
62	379	0.0174722
62	489	-0.0413758
62	855	0.0343506
62	43	0.0253995
69	734	0.0319266
69	511	0.0138543
69	257	-0.0262936
70	706	-0.0341244
70	539	0.0151773
70	238	0.0273853
70	160	0.0620578
70	763	0.0367471
70	623	-0.0176764
70	788	0.043675
73	969	0.0290178
75	888	-0.0396562
75	35	-0.0758793
77	17	-0.0337655
77	230	-0.0642628
77	582	-0.0422169
80	326	-0.0230849
82	38	0.0846924
82	828	-0.0625555
82	514	-0.0306058
82	43	0.0519414
93	57	0.0241663
99	277	-0.014696
99	998	0.0233029
103	230	-0.0370804
103	209	0.0366038
107	158	-0.0184431
107	182	-0.0222911
107	156	0.051048
107	755	0.017988
107	747	0.0142324
107	537	-0.0282728
107	175	0.0418029
108	223	-0.0207926
108	535	-0.0431784
108	239	0.0372561
108	769	0.0442077
108	988	0.0307296
108	6	-0.0303883
108	867	0.0286608
108	765	0.030202
108	393	-0.0244533
108	193	-0.0290579
108	584	0.0268718
108	685	-0.061309
108	123	-0.0110641
108	165	-0.019003
108	272	-0.0158824
108	507	0.0216038
108	738	0.0184399
108	342	-0.03663
108	80	-0.0175585
108	411	0.0274584
108	403	0.0451432
108	364	-0.0370929
108	474	-0.05581
108	767	0.0287485
108	213	-0.061169
108	289	-0.0636699
108	121	0.0277733
108	910	-0.03753
108	27	-0.024302
108	131	0.0488945
108	51	-0.0165806
108	401	-0.0411137
108	18	-0.0253182
109	804	-0.0240866
109	132	-0.0335826
109	919	-0.0415705
109	50	-0.0152961
109	108	0.0363488
109	728	-0.0266229
109	887	0.0607209
109	954	-0.036094
109	241	-0.0309174
109	284	0.0281897
109	760	0.0210105
109	769	-0.0208887
109	988	0.0321822
109	563	-0.0304039
109	6	-0.012111
109	505	-0.0328146
109	867	0.045757
109	913	-0.0302497
109	925	-0.0388644
109	107	-0.0281504
109	336	-0.0247619
109	335	-0.0158094
109	706	0.0451881
109	458	-0.0204432
109	685	0.0329274
109	316	-0.0221382
109	652	-0.0434183
109	579	0.010656
109	827	-0.0270935
109	883	-0.0235696
109	528	-0.0124802
109	539	-0.0140426
109	266	-0.0126879
109	912	0.0138504
109	810	-0.0165565
109	156	-0.0216907
109	150	-0.00733914
109	368	0.0237314
109	357	-0.0232056
109	437	0.00934397
109	61	-0.0147435
109	53	0.032974
109	799	0.0320036
109	73	-0.0225207
109	311	0.025156
109	534	-0.0167676
109	557	0.0253695
109	567	-0.0567063
109	520	-0.0202072
109	712	0.0172428
109	572	0.0157662
109	326	0.0109051
109	492	0.0423077
109	917	-0.0221593
109	692	-0.0409285
109	47	0.0228124
109	52	0.0350485
109	697	-0.0167415
109	286	0.0304584
109	566	-0.01375
111	244	-0.0465985
111	91	0.0445829
113	477	0.0193663
113	267	0.0119808
113	799	-0.0160702
113	520	-0.0265259
116	389	0.0373997
116	20	-0.0351417
117	879	0.0219285
122	718	0.0120185
122	502	-0.0460131
123	156	-0.0420561
123	240	-0.0773824
130	249	-0.0176041
130	149	-0.0671488
130	936	-0.0697951
130	424	0.0352996
130	569	0.0536967
130	379	-0.0118619
130	771	0.0470165
130	277	0.0483224
130	77	-0.0490527
130	748	0.029921
130	536	-0.0360377
130	397	0.0397247
130	582	0.0809666
130	352	0.0668451
130	268	0.0426066
130	978	0.0669446
130	142	-0.0626073
130	320	-0.0336374
130	514	-0.0332011
130	179	-0.0688731
130	205	-0.0625559
132	50	0.0138
132	728	0.0127952
132	620	-0.0358827
132	887	-0.00857089
132	223	0.0446276
132	535	0.0357636
132	803	-0.0228281
132	769	-0.0338927
132	991	-0.0464711
132	356	0.0308141
132	563	0.052617
132	867	-0.0540689
132	107	-0.0574724
132	60	0.0150418
132	233	-0.0232942
132	732	-0.0283892
132	13	-0.0162182
132	501	-0.0160344
132	312	-0.0350453
132	221	-0.0276875
132	240	0.031242
132	220	-0.0451091
132	830	-0.019333
132	411	0.0336283
132	476	-0.0256556
132	480	0.0197191
132	519	0.0378206
132	511	-0.0454644
132	257	-0.0418616
132	93	-0.0157288
132	742	-0.0148023
132	48	-0.0191115
132	750	-0.0303161
132	693	0.027291
132	88	0.0293751
132	152	-0.0350093
132	83	0.0211204
132	556	0.052721
132	522	0.0396951
136	17	-0.0421449
136	978	-0.032137
137	639	0.0311955
137	762	0.0559473
137	621	0.0360787
137	379	-0.0405452
137	562	-0.0484471
137	577	-0.0368911
137	998	0.0510344
137	857	-0.0410428
143	801	-0.0446165
144	352	-0.0499965
144	793	-0.0557936
144	227	-0.0491413
149	639	-0.0212419
149	936	0.0264819
149	251	-0.04929
149	268	-0.0342136
149	888	0.0562658
149	490	0.0449376
149	91	0.0342979
149	430	0.00823547
149	542	0.0373478
153	579	0.0238372
153	788	0.026461
153	719	0.0291206
156	432	-0.0171527
156	697	-0.0585513
158	217	-0.0201821
165	693	-0.0268962
182	635	-0.0396351
182	974	0.086276
190	871	0.0244149
192	938	-0.0274861
192	527	0.0463584
192	136	0.0416585
192	17	0.0461332
192	230	-0.0162813
192	485	-0.047335
192	855	0.0545908
193	741	0.0305894
193	827	-0.0166797
193	233	0.0378339
193	905	0.0508696
193	955	0.0174806
196	997	0.031845
197	545	0.0464262
197	616	-0.0672594
198	163	-0.0299262
198	909	-0.0162721
201	476	-0.0194977
206	717	-0.0456121
206	841	-0.0458626
206	478	0.0497533
206	19	0.0905469
207	942	-0.0190542
209	929	-0.00811965
212	299	-0.038986
212	150	-0.034824
212	24	0.0169385
213	354	-0.0310962
214	936	-0.0294154
214	424	0.0564893
214	800	-0.0238571
214	751	0.0215617
214	278	-0.00900653
214	461	0.0396186
214	122	0.0285556
214	828	-0.0372605
214	892	-0.0153504
214	841	0.0409489
214	489	-0.0243214
214	485	-0.0566684
214	400	0.0137228
214	617	-0.0197842
216	517	0.0363544
216	553	-0.0379506
216	411	0.00886656
216	993	0.0336762
216	779	-0.0236782
218	939	-0.0385342
218	572	0.0374315
218	942	-0.0283382
218	415	0.0236208
220	474	-0.0404955
221	289	0.0223281
221	488	-0.014626
222	111	-0.0498382
222	559	-0.0300562
222	793	0.0534045
222	502	0.0213426
222	143	-0.0268614
223	535	0.0152158
223	760	-0.0209207
223	670	0.0191599
223	335	-0.0169443
223	261	0.0188076
223	815	-0.0209683
223	240	0.026702
223	331	-0.0238793
223	755	0.0434483
223	285	-0.0166418
223	237	0.0339583
223	61	-0.0162318
223	219	0.0222648
223	709	0.0152242
223	665	0.00902641
223	712	-0.0280446
223	974	-0.0422868
223	744	0.0320904
223	683	-0.0435653
223	862	0.0243491
223	909	0.0380704
223	466	0.0239653
228	182	0.0269627
228	648	0.0124202
228	511	-0.0328455
228	378	0.0247342
228	874	-0.0192982
233	956	0.0290603
233	58	-0.0652843
233	276	-0.0171817
233	972	0.0356171
237	997	0.028571
238	953	-0.0273517
238	413	-0.0288638
238	460	0.0136068
239	890	-0.0210931
239	356	0.0264344
239	193	-0.0491828
239	165	-0.0218232
239	113	0.0431625
239	752	-0.0110494
239	272	0.0243255
239	696	0.0108184
239	627	-0.0165188
239	432	-0.0498682
239	623	-0.0388272
239	744	0.0171103
239	829	0.0532726
239	683	-0.0503709
241	847	-0.0237383
241	732	0.026713
241	331	-0.0268771
241	437	0.0447495
241	830	0.00832743
241	53	-0.013429
241	494	-0.0293136
241	80	0.0191404
241	784	0.0290816
241	183	-0.0156882
241	910	0.0328098
241	560	-0.0258158
241	556	-0.0242728
241	658	0.0213324
241	558	-0.0184642
244	59	0.0451899
245	980	0.0394297
246	130	-0.0233089
246	549	0.0447538
246	530	-0.0385857
246	214	-0.0343803
246	249	0.0599982
246	762	-0.0710868
246	984	-0.037223
246	386	-0.074385
246	621	0.031752
246	355	-0.042488
246	569	0.0373477
246	597	-0.051871
246	916	-0.00978999
246	771	-0.0450743
246	527	0.0211367
246	461	0.0424052
246	190	0.0486469
246	811	0.039415
246	841	-0.0315523
246	787	0.0237155
246	582	0.0491983
246	352	0.0588123
246	59	-0.0679268
246	385	-0.0394212
246	94	0.0428294
246	433	0.0349971
249	722	0.0882453
249	639	0.0739817
249	192	-0.0449144
249	936	0.0472733
249	418	-0.0452765
249	424	-0.0266112
249	82	-0.0229755
249	309	0.012793
249	371	0.0263817
249	892	-0.040658
249	731	-0.0500634
249	822	-0.0723722
249	205	0.0317256
249	768	-0.0406859
249	565	-0.0319811
249	945	-0.00790536
251	608	0.0406477
252	276	-0.0147479
252	671	-0.0132089
259	727	-0.0126961
261	706	-0.0218704
261	238	-0.0270269
261	665	-0.0354561
261	788	-0.0156859
261	322	-0.0385932
261	354	0.0261189
261	333	-0.0275434
266	14	0.0215596
266	727	0.0303722
268	668	-0.0342792
272	52	0.0210411
276	438	0.0471896
277	275	-0.0459713
277	21	-0.0507685
278	38	0.0345876
278	75	0.0286369
278	147	0.0525462
278	179	0.082852
281	251	0.0527306
284	70	-0.0282566
284	618	0.0385758
284	216	0.0422584
284	956	0.0293218
284	150	-0.0275167
284	331	0.0174154
284	830	0.0148865
284	201	0.0198197
284	486	-0.0126744
284	661	-0.0425889
284	380	-0.0197551
284	664	-0.0320664
284	444	-0.0679436
284	363	-0.033496
284	772	0.0495558
285	342	0.0341275
285	51	0.0471394
299	221	-0.0345459
299	564	0.0359566
299	117	0.00961898
305	989	-0.0311575
305	959	-0.0304624
305	247	0.0607136
305	338	-0.0268768
305	548	0.0163442
309	400	0.0312998
309	617	-0.0431145
312	552	-0.0184489
312	627	0.0427969
312	207	0.00917496
312	997	-0.0315483
316	305	0.0135738
316	959	0.0226124
316	177	0.0129115
320	876	-0.0220699
327	364	-0.0121066
327	926	0.0227187
335	220	0.0355838
335	357	0.0191213
335	696	-0.0329675
335	564	-0.0419732
335	72	-0.0257297
336	584	0.0429318
336	752	-0.0249196
336	357	-0.0135314
336	358	-0.0497846
336	545	0.0354064
336	744	0.0255515
336	746	0.0186287
339	117	-0.033485
339	889	-0.0259312
341	838	-0.0583584
342	682	0.0155642
345	832	-0.0450962
345	212	0.027665
345	709	0.0243256
345	259	-0.022964
345	438	0.0179917
345	279	0.0208022
345	353	0.0320025
345	27	-0.0447727
345	835	-0.0316713
355	461	-0.018948
355	598	-0.0286971
355	147	-0.100672
355	973	-0.0327903
355	768	-0.0487728
356	913	-0.0330656
356	741	0.01389
356	1	0.0124914
356	696	0.0306665
356	201	0.0118663
356	806	0.0214656
356	287	-0.0200205
356	247	0.0391837
357	267	-0.0120285
358	344	0.0241061
368	53	0.0498567
371	490	0.0163931
371	94	0.0509089
378	313	0.0122986
379	657	0.0548524
379	110	-0.0396604
383	671	-0.0191187
386	881	-0.0298663
386	99	0.0761576
386	277	-0.0433834
386	136	0.0168637
386	904	0.0351146
386	35	0.0110555
387	912	0.0251985
387	44	-0.0250427
387	799	-0.0246621
387	545	-0.0399866
387	835	0.0358084
387	435	0.0411103
387	57	-0.0401973
388	685	-0.0379503
388	160	-0.0252343
388	682	0.0271193
388	159	-0.0193909
388	247	-0.0235541
388	860	0.017721
388	325	-0.0441661
391	936	0.0467115
391	762	-0.0435927
391	386	-0.0294751
391	355	-0.0272289
391	99	-0.0189647
391	562	0.0328508
391	190	-0.0442143
391	857	0.0581536
393	212	0.018272
393	685	-0.0371991
393	806	0.0237611
393	259	0.0145529
393	917	-0.024659
393	664	-0.0106232
397	589	0.0154283
403	42	0.0117199
403	740	0.0187389
406	793	-0.0224803
406	610	0.0548051
410	528	0.0417277
410	552	0.0410776
410	403	0.0253927
410	623	0.0263366
410	129	-0.0353931
414	38	0.0499615
414	209	-0.0298926
414	998	-0.0298345
414	142	0.0284928
417	275	-0.0734946
417	91	-0.0174387
418	278	0.0535717
418	379	0.073139
418	82	-0.0514067
418	748	0.0457729
418	251	0.0105825
418	559	0.0507579
418	929	-0.0556129
420	541	-0.0468857
420	216	0.030373
420	847	-0.0233426
420	837	0.0564445
420	58	-0.0200509
420	121	-0.029139
420	279	-0.026345
424	717	-0.0596603
424	559	-0.049158
424	512	0.0359881
437	44	0.0230257
437	525	-0.0284254
458	316	0.0209049
458	285	-0.0338288
458	219	-0.0656103
458	73	0.0147436
458	427	0.0168499
459	964	-0.0335579
459	150	0.0596598
459	725	0.00861045
459	830	-0.0432861
459	207	0.0420205
459	675	-0.0173507
461	244	0.0185826
461	897	0.0649049
465	723	-0.0275865
476	129	0.0543632
477	763	-0.0339636
501	150	0.0152636
501	24	-0.0605179
501	960	-0.0285254
502	929	0.0161501
505	510	-0.0401728
505	228	-0.0177248
505	584	-0.0316232
505	182	0.0214065
505	14	0.0125542
505	999	0.0242773
505	311	-0.0469503
505	942	0.0131903
505	413	-0.0119688
510	158	-0.0329715
510	810	-0.0322468
510	474	0.0371014
510	480	-0.0314289
510	894	0.00519515
510	351	-0.0212214
517	501	0.0310252
517	709	0.0111625
517	701	0.0146432
517	640	0.027106
519	163	0.0230316
524	865	-0.0167847
527	708	-0.0551991
527	811	0.0469606
527	281	0.0450409
527	341	-0.0430707
528	539	-0.0119837
528	361	-0.0400868
530	722	0.0542973
530	137	0.0764477
530	916	-0.051713
530	657	-0.0394335
530	122	0.0707586
530	244	0.0368818
530	417	-0.0463874
530	855	0.0479528
530	577	0.0524215
530	275	-0.0756147
530	591	-0.0317723
530	94	-0.0299744
530	973	0.069262
530	610	0.0177986
530	820	0.0407214
530	865	-0.0548194
530	561	-0.0263356
533	410	-0.0227581
533	749	0.0260784
533	725	0.0226501
533	950	0.0408046
533	486	0.0302595
533	770	0.0250049
533	699	0.0176083
534	289	-0.0531226
535	890	0.0203462
535	6	0.0113139
535	336	0.0206912
535	153	-0.048718
535	158	-0.033244
535	539	-0.0307123
535	912	-0.0190847
535	507	-0.0170836
535	989	-0.0259263
535	58	0.0559527
535	229	-0.0330618
535	344	0.0425217
535	273	0.0249465
535	427	-0.0330761
535	671	-0.0164961
535	570	-0.0307488
535	89	0.0493157
535	700	0.0312504
536	352	-0.0484165
537	910	0.0422392
539	48	0.0213591
541	153	0.0196905
541	219	-0.0309563
541	197	-0.0323916
541	474	0.0422075
541	187	-0.0292989
545	41	-0.0308744
549	530	-0.0359314
549	249	0.0240536
549	424	0.0419657
549	569	-0.0517188
549	597	0.0636728
549	10	-0.0371836
549	82	0.0503289
549	941	-0.0322885
549	717	0.0425275
549	787	0.0345194
549	731	0.0639691
549	577	-0.021801
549	591	-0.0247408
549	781	0.0243547
549	28	0.0480799
549	975	-0.042825
550	230	-0.0295538
550	775	0.0318786
550	820	-0.0468362
553	160	0.0676334
553	486	0.0415914
553	522	-0.0132071
557	701	-0.0339926
562	103	-0.0130164
562	111	0.0384713
562	625	-0.0565451
563	842	-0.00902145
563	61	0.0235067
563	738	-0.0190757
563	201	0.0317293
563	972	0.0197949
563	623	0.0175867
563	229	-0.00873006
563	520	0.0251086
563	525	0.026707
563	65	0.00589662
567	363	-0.0295898
569	136	-0.0699808
569	731	-0.0477939
569	148	0.0370058
576	88	-0.0435317
576	466	0.0640916
579	245	0.0313115
579	441	-0.02221
579	480	0.0316814
579	740	0.0408715
582	897	-0.0486056
584	541	0.0236102
584	305	0.0153986
584	652	0.0306126
587	911	-0.0311508
587	246	-0.0359999
587	130	-0.0152245
587	549	-0.0702043
587	530	-0.0449068
587	214	-0.0634704
587	722	0.045024
587	391	0.0598077
587	936	0.0686886
587	62	-0.0245104
587	881	-0.0323296
587	222	0.0466733
587	597	-0.00944813
587	934	-0.0633182
587	941	0.0379556
587	190	-0.0682469
587	708	0.0287009
587	122	0.0406007
587	309	-0.0543349
587	281	-0.0424703
587	892	0.0327715
587	230	-0.0443561
587	400	-0.0418309
587	502	-0.0780953
587	838	-0.016432
587	33	-0.0325809
587	591	-0.0501221
587	677	0.0247199
587	385	0.0391392
587	781	-0.0506641
587	801	0.0567585
587	71	0.0218923
587	605	-0.0698892
587	270	0.026942
589	33	0.0656733
597	281	0.0517084
597	244	-0.0650175
608	341	0.0431603
608	645	-0.0203479
609	212	0.0192932
609	486	0.0177756
609	423	-0.0336957
609	560	-0.0328972
613	307	-0.0221128
618	245	-0.0432594
618	61	-0.0228857
618	480	0.0343261
618	873	0.020238
620	954	0.0356552
620	650	0.0227113
620	505	0.0300087
620	867	0.0405442
620	765	-0.0370494
620	832	0.0360312
620	925	-0.0372286
620	618	0.0185513
620	685	-0.0310766
620	749	-0.0303078
620	847	-0.0224101
620	13	0.0477022
620	939	-0.011805
620	266	0.0237372
620	956	-0.0285767
620	837	-0.0144075
620	220	0.0459891
620	923	0.0132958
620	747	0.0425336
620	635	0.0154023
620	380	-0.0253101
620	196	-0.0411147
620	616	-0.0186359
620	24	0.0380787
620	525	0.0588354
620	879	-0.0653954
620	460	0.0292896
621	938	-0.02697
621	278	-0.0340332
621	489	0.0573786
621	888	0.0257688
627	83	-0.0266818
633	827	-0.0375881
633	14	-0.0303917
633	534	-0.0386542
633	493	0.0348212
633	326	0.0252915
635	637	-0.0213461
639	562	-0.042025
639	550	0.0261233
639	787	0.069638
639	838	-0.0300521
639	876	-0.0141084
639	433	-0.0400411
650	356	-0.0118808
650	827	0.030571
650	339	0.0238903
650	165	-0.0293678
650	69	-0.0699663
650	950	-0.0295258
650	237	-0.0303671
650	61	-0.0327212
650	441	0.00454093
650	152	0.0286863
650	979	-0.047917
652	879	-0.0159444
652	47	-0.0135188
652	690	0.0355756
653	675	-0.0285659
653	338	-0.0441886
655	919	-0.0293573
655	108	0.0113368
655	728	0.0172725
655	954	-0.0157826
655	535	-0.026057
655	241	-0.0131785
655	345	0.0161562
655	832	-0.0330989
655	913	-0.0185746
655	977	-0.0241091
655	510	-0.0331848
655	388	-0.0527906
655	228	0.0168792
655	533	-0.0185239
655	609	0.0216945
655	218	-0.0188526
655	158	0.0161821
655	123	0.0210565
655	734	0.0191293
655	912	-0.03467
655	113	-0.0185307
655	327	0.0155648
655	357	0.070057
655	272	-0.0098102
655	738	0.0312345
655	959	0.0186789
655	44	0.0525781
655	116	-0.0150702
655	364	-0.0245804
655	476	-0.0381883
655	297	-0.025689
655	389	-0.0231468
655	567	-0.0370068
655	344	0.0298239
655	273	0.0182978
655	640	-0.0303228
655	532	0.0290665
655	979	0.027203
655	288	-0.0353985
655	702	-0.0340892
657	111	0.0279811
657	514	0.0469139
657	478	-0.0487397
659	41	-0.0103711
660	59	0.0385333
660	33	-0.0487646
665	8	-0.0202302
670	563	-0.0152836
670	977	0.0244191
670	228	-0.0282116
670	331	-0.0149242
670	160	0.019132
670	259	0.0392434
670	557	0.0125691
670	196	0.0466405
670	287	-0.0136392
670	217	-0.0186382
677	186	-0.0249783
685	287	-0.0249494
694	92	0.0292947
694	435	-0.0266115
696	471	-0.0509561
706	252	0.0234037
706	221	0.0311455
706	378	-0.0296489
706	974	0.015818
708	38	0.0738693
708	787	0.0267511
708	598	-0.0410558
708	35	0.0590033
709	719	0.0343727
717	103	0.0345637
717	871	-0.0222377
721	589	-0.0468451
721	555	0.0465578
721	729	-0.0220409
722	206	0.047339
722	406	0.0375021
722	811	0.111048
722	904	0.0283438
722	660	0.0232449
722	405	-0.0754254
722	775	-0.042988
725	245	0.0265316
725	477	-0.0426107
728	620	0.022897
728	345	-0.0228653
728	70	0.0133117
728	107	-0.00700338
728	459	0.0480742
728	388	-0.032643
728	60	0.0210025
728	633	0.0143757
728	420	0.0116102
728	964	-0.0253329
728	212	-0.0246941
728	316	0.0229628
728	153	0.00951433
728	652	0.0290121
728	233	0.0192765
728	847	-0.0193477
728	810	0.0385609
728	752	-0.034758
728	368	-0.0294684
728	477	0.0276304
728	659	0.0295972
728	494	0.026938
728	923	0.0300131
728	204	0.0360512
728	199	0.0225356
728	894	0.0422559
728	960	0.0391924
728	955	0.033977
728	737	0.0388507
732	213	0.0646496
732	273	0.0100289
732	471	-0.0154309
734	999	-0.0208957
734	311	-0.0216104
741	750	-0.0396448
741	770	0.0191664
741	128	0.0376146
746	361	0.0177236
748	524	0.0324423
748	515	-0.039365
749	810	-0.0414879
749	570	0.0419303
751	406	-0.0303789
751	884	0.0339675
751	660	0.0349622
751	147	0.0477574
751	148	-0.0334421
751	982	-0.0379546
751	802	-0.0304823
752	175	0.0377071
755	537	-0.0190425
760	70	-0.00686818
760	510	-0.035903
760	252	0.0307018
760	517	-0.030045
760	1	-0.0239636
760	220	-0.0217812
760	80	-0.00884244
760	519	0.0348977
760	784	-0.02934
760	151	-0.0143163
762	206	0.0506263
762	934	0.0344619
762	414	0.0477244
762	277	-0.0438018
762	717	0.0576622
762	485	-0.03031
762	876	-0.0515293
763	176	0.0263779
765	252	0.0391055
765	44	-0.0213342
765	311	0.0276967
765	207	-0.0328863
765	40	0.0282547
766	449	-0.0735757
767	661	0.0359765
767	637	0.0200667
769	335	0.0217213
769	741	-0.022085
769	1	-0.0344532
769	989	0.0238474
769	116	0.0350318
769	564	-0.0206314
769	770	0.0163402
769	532	-0.0177428
771	406	0.0347698
771	190	-0.0422531
771	341	-0.0887491
787	186	-0.0305955
793	508	0.0352281
799	177	0.0203756
800	984	-0.050542
800	10	0.0561453
800	941	-0.0378576
800	608	-0.0593815
800	888	-0.0374618
800	209	-0.0304073
800	71	-0.0376445
800	293	-0.0287986
803	239	-0.0303076
803	505	0.0435857
803	336	0.0475637
803	299	0.0328103
803	837	-0.0512128
803	240	-0.0202467
803	507	-0.0243447
803	659	0.0210653
803	465	-0.0253979
803	747	0.0248581
803	767	-0.0241599
803	176	0.0356521
803	183	-0.0254942
803	175	-0.0260149
803	66	-0.0216062
803	131	-0.0237786
803	322	-0.0187684
803	151	0.0260398
804	132	0.0115305
804	655	-0.0268872
804	919	0.043756
804	50	-0.0210096
804	108	-0.0177675
804	620	0.0196511
804	887	-0.0156944
804	954	-0.060987
804	803	-0.040175
804	239	-0.0264261
804	890	-0.0156902
804	670	0.0326801
804	650	0.0316209
804	988	0.0189877
804	345	-0.0220491
804	356	0.0429199
804	6	-0.0138
804	765	0.0309859
804	925	-0.0213856
804	533	0.0335561
804	335	0.0295873
804	261	-0.0245276
804	964	-0.0208236
804	741	-0.0308711
804	685	0.0530802
804	316	-0.0153951
804	252	-0.0351022
804	749	0.0294992
804	123	-0.0721958
804	339	-0.0181161
804	165	0.0373156
804	939	-0.0445886
804	69	-0.0510416
804	956	-0.041829
804	1	-0.0189383
804	752	-0.026524
804	815	-0.0430735
804	327	0.0276637
804	368	0.0387058
804	950	-0.0420646
804	237	-0.0275224
804	267	0.0311358
804	465	-0.0358801
804	197	-0.034351
804	73	-0.0342759
804	694	0.00773471
804	727	0.0339159
804	204	-0.035501
804	653	-0.040333
804	661	-0.0284695
804	199	-0.0448117
804	570	0.0183724
804	583	0.0155587
804	66	-0.0287908
804	723	-0.0171487
804	174	0.0569332
804	607	-0.0333528
804	809	-0.00634999
804	636	-0.0296223
806	693	-0.0372268
806	703	-0.0347662
810	786	-0.0283764
811	307	-0.0284788
815	159	-0.00698331
815	374	0.0272992
827	299	0.0129426
827	237	0.0751996
827	20	-0.0271209
828	608	-0.0379805
828	417	-0.0442341
832	158	-0.02907
832	956	-0.0283727
832	285	-0.0299122
832	507	-0.0472216
832	494	0.0189178
832	364	-0.0485234
832	262	0.0295575
832	963	0.0277915
837	383	0.0124069
841	731	0.0313934
842	266	-0.0220004
842	734	0.0201184
842	953	0.0368836
842	219	0.0311835
842	276	-0.027014
847	267	-0.0492766
854	749	0.0377434
854	648	0.0225949
854	297	0.0377426
854	121	0.0327187
855	447	0.0182424
861	137	-0.0370089
861	192	0.026241
861	424	0.0312696
861	206	0.0293405
861	569	0.0189492
861	99	0.0226642
861	884	0.0294282
861	550	0.0265528
861	17	-0.0421492
861	144	0.0225659
861	485	0.0522786
861	577	-0.0509168
861	613	0.0358907
861	143	-0.0593521
861	430	-0.0268261
867	765	0.0244806
867	964	0.0390898
867	528	-0.0576538
867	42	-0.00969779
867	747	-0.0619228
867	176	-0.0353381
867	493	-0.0371847
867	713	0.0100043
874	829	0.0289983
881	222	-0.03046
881	771	0.0121556
881	136	0.0280562
881	550	0.0282783
881	718	0.0241702
881	645	-0.0240569
881	594	0.0410101
883	13	0.0695437
883	810	0.022434
883	552	-0.0165154
883	93	0.015986
883	874	0.0334825
884	397	-0.0346175
884	822	-0.0347061
887	954	-0.0280328
887	223	0.0308327
887	769	-0.0331684
887	670	0.0135625
887	988	0.0416174
887	765	-0.0336121
887	913	0.00991673
887	510	0.0154683
887	228	-0.011232
887	842	0.0298897
887	749	-0.0210995
887	732	0.0265501
887	734	0.0594171
887	552	0.0273132
887	564	0.036915
887	972	-0.019487
887	438	-0.0197564
887	380	-0.016939
887	48	0.0512239
887	279	0.0468449
887	889	-0.0298755
890	760	-0.0268676
890	991	0.0304562
890	345	-0.0329907
890	356	0.0138175
890	832	0.0321696
890	618	0.0240665
890	815	0.0243314
890	738	0.0429729
890	659	0.0210622
890	694	-0.0403423
890	199	0.0135108
890	26	0.0185252
892	508	0.0854923
904	320	-0.033377
905	477	0.0490697
905	198	-0.0332926
905	712	-0.0313582
911	246	-0.038718
911	130	-0.0341467
911	25	-0.0354453
911	549	0.0188983
911	530	0.0534324
911	214	-0.0153613
911	722	0.0434958
911	137	0.0289293
911	936	0.0602751
911	386	0.0250719
911	62	-0.0825181
911	938	0.0182991
911	99	0.0300374
911	10	-0.0532607
911	77	0.022342
911	884	0.0310835
911	309	0.028697
911	904	0.029944
911	17	-0.0634774
911	559	0.0467136
911	536	-0.0265183
911	397	0.0660496
911	75	-0.0200608
911	721	0.0685811
911	400	0.0533298
911	598	0.0257004
911	625	0.0313015
911	148	0.033378
911	645	0.0827172
912	257	-0.0104211
912	353	-0.037899
913	388	-0.0208409
913	228	-0.0356479
913	854	-0.036395
913	956	-0.0255567
913	692	-0.0422694
913	72	0.0213555
913	439	-0.0303982
916	10	-0.0262092
916	941	0.0572762
916	251	0.0293514
916	857	-0.0174292
916	349	0.0682377
919	50	-0.0163523
919	620	-0.0334423
919	241	-0.0479465
919	760	-0.014365
919	769	0.0595597
919	670	0.0156101
919	765	0.0160592
919	913	-0.0532258
919	70	-0.0384621
919	107	0.0396717
919	459	0.0180493
919	393	-0.0121041
919	60	0.0200248
919	609	0.0103562
919	964	0.0430621
919	741	-0.0215802
919	252	-0.0154746
919	517	0.0538017
919	218	0.0235556
919	847	0.035167
919	339	-0.0247316
919	13	0.0165972
919	240	-0.0135643
919	999	-0.0491781
919	755	-0.0513775
919	465	0.0147792
919	627	-0.0338091
919	411	0.0227791
919	441	0.0465059
919	389	-0.0134785
919	229	0.0337238
919	92	0.0338339
919	583	0.0242068
919	492	-0.0248634
919	862	-0.0123573
919	423	0.0107394
919	225	-0.0365883
925	459	0.0238132
925	69	-0.0172688
925	327	0.0179116
925	830	-0.0159883
925	923	0.012078
925	353	-0.0225105
925	105	0.0275519
934	281	-0.0217889
934	718	-0.0337973
934	766	-0.0438861
934	512	0.0177442
936	621	-0.0433813
936	569	0.0424119
938	414	-0.0607331
938	122	-0.0425594
938	841	-0.0637549
938	12	-0.0385313
939	383	0.0451154
939	750	-0.0149657
939	796	0.0126181
941	828	0.0354737
941	781	-0.0435893
950	342	0.0275252
953	648	0.0374716
953	8	0.0256143
953	701	-0.0241619
954	535	-0.0120882
954	890	0.0340608
954	760	-0.042807
954	650	0.0471215
954	925	0.029806
954	609	0.0226428
954	854	0.0138958
954	193	0.0480649
954	387	-0.0247143
954	584	0.014936
954	182	-0.030498
954	156	0.0402534
954	999	0.0172548
954	267	0.0273236
954	665	-0.0337169
954	41	0.0398763
954	894	-0.030167
954	159	0.0248801
954	295	0.0105413
954	236	0.0327477
959	413	0.0153044
964	837	0.0281763
964	297	-0.024141
964	860	0.040455
972	575	0.0450815
977	339	0.0293855
977	266	0.0308948
977	245	0.0237808
977	358	0.00870356
977	117	0.0288507
977	198	0.0705078
977	980	-0.0271054
977	174	0.0158477
977	317	0.0333035
978	622	-0.0270193
984	62	0.0248975
984	938	-0.0440479
984	77	-0.0763415
984	371	0.0384339
984	766	-0.0345177
984	405	-0.0435614
984	28	-0.0694609
988	633	-0.0600997
988	579	0.0435904
988	437	-0.0283142
988	272	-0.0199703
988	507	0.0480984
988	648	-0.0628651
988	441	-0.0187928
988	183	-0.0206904
988	576	0.0213465
989	53	-0.0168437
989	604	0.0450924
991	633	-0.0176813
991	458	0.025902
991	123	0.0695868
991	905	-0.0389707
991	923	0.0660056
991	432	-0.0213465
991	616	0.0230367
991	65	0.0473438
991	89	-0.0388475
991	444	-0.017058
991	488	0.0291869
999	742	-0.0250228
