400
200
400
1000
500
3
0.333333	0.666667	
0	0	0.000331641	-0.0159442	0.0167181
1	1	0.000457927	0.0347395	0.18596
2	0	0.000470224	0.0366601	0.0828863
3	0	0.000646459	0.0190643	0.00503497
4	1	0.00275959	-0.0136777	0.0767723
5	2	0.00315235	-0.0432744	0.0920781
6	0	0.00319475	-0.0226813	0.00743795
7	0	0.00379538	-0.0770904	0.0803875
8	2	0.00454828	-0.0647589	0.00539111
9	0	0.00613754	0.0396575	0.115543
10	2	0.00616385	-0.00817529	0.0387333
11	0	0.00688163	0.0231818	0.0121448
12	0	0.00887779	-0.061328	0.0266894
13	2	0.00961916	-0.0489026	0.030192
14	0	0.0108873	0.0225202	0.0115479
15	0	0.0109811	-0.0399497	0.10032
16	2	0.0111914	0.0500149	0.0385289
17	2	0.012199	-0.0520516	0.0269164
18	0	0.0123117	-0.0390745	0.0854355
19	1	0.0125874	-0.030932	0.00987928
20	2	0.0141141	0.017166	0.0249214
21	2	0.0149013	0.0411674	0.0981391
22	2	0.0152372	0.0112627	0.0751193
23	1	0.0164702	0.0665379	0.048653
24	0	0.0164965	0.013702	0.0451751
25	0	0.0176564	-0.0235167	0.0489937
26	2	0.0177921	-0.0791422	0.0314309
27	0	0.0193348	0.0781795	0.107261
28	2	0.0204871	-0.0423933	0.0279201
29	0	0.0206038	-0.14956	0.0531824
30	0	0.0210907	-0.00916033	0.0448736
31	0	0.0213317	-0.0707219	0.0676884
32	2	0.0221456	0.019841	0.0662994
33	2	0.0230102	0.00965997	0.00993098
34	1	0.0236723	0.0467073	0.101659
35	2	0.0241201	0.00443594	0.0794432
36	2	0.0263543	0.0326965	0.0588791
37	0	0.0269748	-0.052186	0.0259901
38	0	0.0271079	0.0362057	0.00105064
39	0	0.0273012	-0.0901477	0.0800805
40	0	0.0293606	-0.0268495	0.0143895
41	1	0.0301788	0.00652692	0.0431998
42	1	0.0316414	0.0162686	0.0507008
43	0	0.0317978	0.0234782	0.0370001
44	1	0.0320257	-0.0226154	0.0596671
45	2	0.032035	0.0418461	0.0766577
46	2	0.0323435	0.0675682	0.0265304
47	0	0.0328066	-0.0269019	0.0270657
48	0	0.0328478	-0.0623443	0.0877163
49	2	0.0332391	0.0560784	0.0233109
50	2	0.0332701	-0.0401642	0.0269814
51	0	0.0333378	-0.0263538	0.0226641
52	0	0.0347179	0.0525838	0.0923479
53	1	0.0347509	-0.0355859	0.0687481
54	2	0.0379536	0.0230096	0.0272768
55	0	0.038017	0.0478166	0.0329003
56	0	0.0399294	-0.0615559	0.0585882
57	2	0.0403106	-0.0283101	0.0199812
58	2	0.0404581	-0.0307969	0.0625466
59	2	0.0418634	-0.0503747	0.0143602
60	2	0.0426735	-0.0198848	0.00801275
61	0	0.0438509	0.0387801	0.0449113
62	0	0.044546	0.0329278	0.084499
63	1	0.0445889	-0.0281244	0.0157231
64	1	0.0450354	0.0141311	0.0441881
65	0	0.046496	0.0490761	0.0217697
66	1	0.0480656	0.0182695	0.103633
67	2	0.0498252	0.024887	0.0633629
68	2	0.0517774	-0.0185874	0.0536216
69	2	0.052573	-0.049838	0.0751367
70	2	0.0525739	0.0200665	0.0241528
71	0	0.0536601	-0.014716	0.0681186
72	2	0.0536815	0.0733829	0.0242628
73	0	0.0553584	-0.0616589	0.0178612
74	2	0.0558748	0.0126511	0.0459066
75	1	0.0573487	-0.0789068	0.176309
76	2	0.0573706	0.0276912	0.121833
77	2	0.0576775	0.0285457	0.117278
78	0	0.0583723	0.0277631	0.0432024
79	2	0.0585274	0.063612	0.019513
80	2	0.0592177	0.0634291	0.0250843
81	1	0.0611666	0.0218483	0.050849
82	2	0.0618333	-0.0144067	0.0357805
83	0	0.0630217	-0.023858	0.00507611
84	1	0.0654839	-0.058305	0.0476989
85	1	0.0676402	0.0114217	0.0134709
86	2	0.0678461	-0.0639943	0.0940825
87	0	0.067861	0.0217588	0.0251342
88	2	0.0681137	-0.0092486	0.05667
89	0	0.0698332	0.00349784	0.0180173
90	0	0.0699295	-0.0229481	0.0644041
91	2	0.070561	0.0858797	0.0292548
92	2	0.070624	-0.0427419	0.0742545
93	2	0.0720414	0.0767325	0.0030809
94	0	0.0727592	-0.0978288	0.0130621
95	2	0.0728387	0.0678456	0.0673643
96	2	0.0735082	0.0247381	0.0284702
97	0	0.0742572	-0.0404642	0.0493378
98	2	0.0755081	0.0528666	0.0214613
99	0	0.0760579	-0.0158831	0.0974731
100	2	0.0778359	-0.0452858	0.00808278
101	2	0.0789419	0.0688867	0.0520912
102	0	0.079969	-0.0144973	0.0273733
103	0	0.0801474	0.0191237	0.00308796
104	2	0.0851171	0.0505918	0.0229919
105	0	0.0857048	-0.0344351	0.0175863
106	1	0.0866322	0.106675	0.110066
107	2	0.0880164	0.0121227	0.0879432
108	2	0.0900148	-0.0280449	0.0357275
109	2	0.0902041	0.0217684	0.0317005
110	2	0.0926571	-0.0587152	0.0659202
111	0	0.095124	0.059391	0.108572
112	2	0.0962619	-0.00918708	0.0220999
113	1	0.0988311	0.0830368	0.152554
114	1	0.099843	0.0797026	0.105846
115	1	0.100667	0.0158041	0.0553694
116	2	0.102058	0.0119118	0.0630974
117	2	0.10297	0.0174998	0.0883877
118	0	0.105564	-0.172696	0.0594424
119	0	0.1057	0.0393622	0.00607018
120	2	0.106848	-0.0256039	0.0280562
121	1	0.107922	0.0169158	0.0753572
122	0	0.110005	0.100295	0.049548
123	2	0.110477	-0.0760448	0.0497853
124	0	0.110937	-0.0928282	0.0245649
125	1	0.11131	0.0374482	0.0848393
126	2	0.11196	-0.0353136	0.00713292
127	2	0.112049	0.0196834	0.0182882
128	1	0.113969	0.0256935	0.0154578
129	0	0.114216	0.00977465	0.0614132
130	1	0.115772	0.153172	0.0503911
131	0	0.117495	0.03043	0.00438769
132	0	0.118103	-0.0411985	0.0803034
133	2	0.119448	0.0184783	0.019636
134	1	0.120674	0.0405608	0.0604338
135	0	0.126406	0.0437751	0.0330677
136	0	0.12726	-0.0069005	0.0355718
137	0	0.127934	-0.016914	0.0194652
138	0	0.128171	0.0191903	0.0478771
139	2	0.129027	0.0433228	0.0363279
140	0	0.12929	0.0125578	0.0522731
141	0	0.129929	-0.0470573	0.0905133
142	0	0.13026	-0.0173793	0.0614232
143	0	0.138631	-0.0736513	0.0104991
144	0	0.140585	-0.0106411	0.0370109
145	2	0.143831	-0.0107336	0.0907681
146	0	0.14499	-0.0289477	0.0332799
147	2	0.145507	0.102701	0.00752353
148	1	0.146489	0.0467661	0.0597545
149	2	0.146623	-0.0513274	0.0507598
150	0	0.147521	0.0500695	0.0267837
151	0	0.154278	-0.0561109	0.0230874
152	2	0.156034	0.0344784	0.0346166
153	0	0.156155	0.0116268	0.0538288
154	0	0.156881	0.116	0.0302201
155	2	0.157496	-0.0121183	0.0159057
156	1	0.157983	-0.0139362	0.0180062
157	0	0.158011	0.0394051	0.0335541
158	2	0.160397	-0.0168316	0.00161904
159	1	0.161636	-0.0417912	0.0497026
160	0	0.16263	-0.0138444	0.110869
161	0	0.166783	-0.0148555	0.0508118
162	0	0.167592	0.0646304	0.0629455
163	2	0.168431	0.0386573	0.0760281
164	2	0.168689	-0.032134	0.00306006
165	0	0.169083	0.0229786	0.0968152
166	1	0.170562	-0.103043	0.0416872
167	0	0.170851	-0.040479	0.000654478
168	0	0.170902	-0.0319011	0.00609062
169	2	0.172247	0.0684333	0.0228393
170	1	0.174287	-0.0483971	0.0324391
171	2	0.174519	0.0578834	0.0638034
172	1	0.174597	-0.0390184	0.16468
173	0	0.176527	0.046597	0.082426
174	2	0.177407	-0.0435012	0.0291889
175	2	0.178969	-0.0361833	0.0278088
176	0	0.178999	-0.0473192	0.0175903
177	0	0.179021	-0.0726582	0.00312787
178	2	0.17921	0.0503257	0.0440523
179	1	0.179437	-0.107635	0.143164
180	0	0.182771	-0.0060703	0.0477235
181	0	0.182805	0.0720071	0.112035
182	0	0.183588	-0.040891	0.0214247
183	1	0.184475	-0.0288498	0.0502255
184	2	0.184872	0.065672	0.0355082
185	0	0.185278	0.00714244	0.0712312
186	0	0.186196	-0.110889	0.0577452
187	0	0.186762	-0.0436675	0.00763906
188	2	0.188676	-0.0479285	0.0879034
189	0	0.190109	0.0593282	0.0687211
190	0	0.192057	0.0198351	0.0414479
191	0	0.192071	0.00969047	0.0387425
192	0	0.192278	0.0614575	0.0337236
193	1	0.192958	-0.0130633	0.119722
194	2	0.194269	0.0273171	0.0181445
195	0	0.194659	-0.0287402	0.00781458
196	1	0.194701	-0.0194621	0.0278249
197	2	0.195383	0.0122823	0.0285551
198	2	0.195434	0.0633512	0.0636135
199	0	0.19628	0.0160678	0.00397083
200	1	0.196897	0.0365319	0.0368778
201	0	0.198	0.0132356	0.0921334
202	0	0.198012	-0.0448335	0.0768548
203	2	0.19839	-0.0417261	0.0219092
204	2	0.198766	-0.0518792	0.0496715
205	0	0.200433	-0.00500492	0.0223673
206	1	0.200601	0.0519283	0.0372082
207	2	0.201664	-0.0664013	0.0421485
208	0	0.201849	0.0525614	0.0915932
209	2	0.202015	-0.0127253	0.0313908
210	0	0.202272	0.045401	0.0485321
211	1	0.203286	-0.0461224	0.00157082
212	0	0.203518	-0.0660444	0.0915918
213	1	0.203911	0.0826013	0.0432227
214	0	0.205789	0.055002	0.0119989
215	0	0.205946	-0.0335464	0.00563183
216	2	0.208776	-0.03186	0.0084081
217	2	0.211361	-0.0549408	0.0281613
218	2	0.214196	-0.00396013	0.00647704
219	2	0.214443	0.0112021	0.0532809
220	2	0.215073	-0.0330327	0.0388741
221	0	0.215541	-0.0033296	0.0118179
222	2	0.215921	-0.0262087	0.0907675
223	0	0.217602	0.0082027	0.0317555
224	2	0.217724	0.0326178	0.0181675
225	2	0.218057	-0.0479782	0.0161968
226	0	0.220183	0.0357338	0.0406059
227	2	0.220342	-0.00571415	0.0183339
228	2	0.220511	-0.0209269	0.0431837
229	0	0.220675	0.0347717	0.0380488
230	2	0.220703	-0.0569056	0.0321927
231	0	0.220791	-0.0174781	0.0182721
232	0	0.220876	0.0114669	0.049424
233	0	0.2217	-0.00696962	0.0656106
234	2	0.222792	-0.070923	0.01095
235	0	0.224872	-0.0854273	0.0324248
236	0	0.228846	-0.0725857	0.0478504
237	2	0.230887	-0.0466682	0.00441055
238	1	0.231565	0.0310056	0.0193381
239	0	0.233067	0.116743	0.0143491
240	2	0.234004	-0.0448726	0.13397
241	0	0.234456	0.01625	0.0191019
242	2	0.234992	-0.0149664	0.119309
243	1	0.236069	0.0356683	0.139102
244	2	0.236288	-0.0395942	0.0244545
245	0	0.242036	-0.0279413	0.0992569
246	0	0.242844	-0.0676872	0.0836451
247	2	0.244424	-0.0294995	0.0156307
248	1	0.246555	-0.0530413	0.0745591
249	2	0.247992	-0.0415929	0.072208
250	0	0.249786	0.015751	0.000642034
251	0	0.253617	0.0285737	0.0680082
252	0	0.254527	-0.127135	0.0359703
253	1	0.254627	0.0425881	0.00232189
254	1	0.254995	-0.0926156	0.00649729
255	2	0.256125	-0.0107644	0.0717892
256	0	0.258134	0.0103603	0.0521676
257	1	0.258846	-0.0377742	0.0821958
258	2	0.259638	-0.0381279	0.0327999
259	1	0.26103	0.047337	0.0383949
260	1	0.261294	0.218218	0.0523686
261	2	0.265053	0.0692316	0.056011
262	2	0.266505	-0.00475922	0.0013287
263	0	0.268212	0.0246042	0.0418588
264	0	0.268623	-0.0520895	0.0341154
265	1	0.268659	0.0944496	0.0278307
266	2	0.270667	0.0865349	0.00984173
267	0	0.27089	-0.0739537	0.0665172
268	1	0.27097	-0.0169917	0.0492005
269	2	0.271374	-0.0476059	0.0577119
270	2	0.275165	-0.0417241	0.0568496
271	2	0.275307	-0.0811493	0.0317859
272	1	0.275403	-0.0265811	0.0517045
273	1	0.277033	-0.118773	0.064545
274	2	0.277372	0.0559962	0.0458844
275	0	0.277569	-0.00276437	0.0695522
276	2	0.280829	-0.0276985	0.0695408
277	2	0.28236	-0.0507977	0.0564666
278	0	0.282555	0.00726394	0.0656088
279	1	0.283652	-0.0292447	0.0486271
280	0	0.283874	-0.027312	0.0342207
281	2	0.286598	0.0200665	0.0400402
282	1	0.288311	-0.0844775	0.0408733
283	2	0.289892	0.0393895	0.0638467
284	2	0.292936	-0.0236859	0.0109236
285	0	0.292997	0.0699107	0.0284031
286	2	0.294325	-0.0164597	0.00618788
287	1	0.294589	-0.0975542	0.0581766
288	2	0.295841	0.0262318	0.0646721
289	0	0.297426	-0.0263682	0.0154141
290	0	0.298559	0.109497	0.0100541
291	2	0.300684	-0.0635253	0.0492075
292	2	0.300915	0.00583234	0.040405
293	2	0.301513	0.0320867	0.0414434
294	2	0.3034	-0.103954	0.0944287
295	2	0.304119	0.0400732	0.0351262
296	0	0.305258	-0.0331592	0.0426834
297	2	0.306305	0.0305616	0.0305145
298	2	0.307166	-0.0659564	0.00637533
299	0	0.307621	-0.0299819	0.0354073
300	2	0.30813	-0.024843	0.0168295
301	1	0.309956	-0.0231671	0.0390447
302	1	0.310187	-0.0379492	0.046129
303	2	0.311672	0.0644846	0.0466056
304	1	0.312141	0.0750865	0.0257611
305	2	0.312522	-0.0322958	0.010268
306	2	0.312729	-0.00799636	0.0711613
307	2	0.314211	0.0214165	0.0160929
308	0	0.314506	0.0362527	0.0892261
309	0	0.315077	0.0438312	0.0227067
310	2	0.315186	0.0460957	0.0694296
311	0	0.31584	-0.0417107	0.00341083
312	2	0.316933	-0.0174737	0.00892698
313	0	0.31731	-0.0590623	0.0450875
314	0	0.318035	-0.00519346	0.00203366
315	0	0.318413	0.027449	0.0513704
316	1	0.318814	0.168804	0.0807136
317	1	0.319475	-0.0721104	0.00354658
318	1	0.319687	-0.113792	0.0261345
319	0	0.322674	0.0782507	0.0574622
320	2	0.324142	-0.0285068	0.0795289
321	2	0.324765	-0.0416628	0.0678266
322	2	0.327343	0.0235621	0.0560609
323	0	0.328774	-0.0661312	0.0505328
324	0	0.328953	0.0205476	0.0485015
325	2	0.329025	0.0684293	0.0347984
326	0	0.331351	-0.022838	0.0274403
327	2	0.331481	0.00794037	0.0906876
328	0	0.334871	0.0698225	0.0044478
329	0	0.336479	-0.0222679	0.0757774
330	0	0.336831	-0.0348123	0.0163235
331	0	0.337181	-0.0691899	0.00304331
332	1	0.340068	-0.140947	0.0122645
333	2	0.345545	-0.0134785	0.0554698
334	2	0.345846	0.00324868	0.00147143
335	2	0.347299	-0.0309514	0.016515
336	1	0.348006	-0.0366746	0.0519471
337	2	0.348489	0.0148484	0.0124532
338	0	0.348841	-0.0221143	0.0469863
339	0	0.3528	0.0582344	0.0242795
340	1	0.353927	-0.0938315	0.0511494
341	1	0.354457	0.0794817	0.0317887
342	2	0.355066	-0.0653814	0.0145728
343	2	0.357152	-0.0264233	0.0737535
344	2	0.360667	0.0366243	0.0026253
345	0	0.36258	-0.0163915	0.0745863
346	1	0.362607	-0.0670097	0.00632263
347	0	0.363039	-0.0567642	0.0222057
348	0	0.365813	0.0497034	0.0217518
349	1	0.366488	-0.0657235	0.0278588
350	0	0.368399	-0.0544435	0.0472089
351	2	0.368409	-0.0139488	0.0269898
352	0	0.369454	-0.0153021	0.0166404
353	0	0.371078	-0.0238006	0.0132736
354	0	0.371083	0.0393486	0.0346539
355	0	0.371406	0.0620507	0.0352476
356	0	0.371562	-0.00440456	0.0534515
357	0	0.372533	0.119047	0.00828866
358	0	0.372637	-0.0189484	0.0607262
359	1	0.373355	0.0918301	0.0141873
360	1	0.373389	0.0231605	0.0853557
361	1	0.375683	0.0304809	0.0182661
362	0	0.376791	0.0497338	0.022014
363	1	0.37704	-0.0431255	0.0874949
364	2	0.377455	-0.0264688	0.0439489
365	2	0.378234	-0.0114864	0.0587216
366	0	0.380244	-0.0463453	0.0188143
367	2	0.381894	0.0144834	0.0362221
368	0	0.383802	-0.0244095	0.148676
369	0	0.384921	0.0338572	0.0283106
370	0	0.386353	0.0512953	0.0686482
371	1	0.392487	-0.0306742	0.0474371
372	0	0.392489	-0.0415917	0.0177051
373	1	0.393354	-0.0223364	0.0980272
374	1	0.393462	0.0930044	0.019065
375	0	0.394549	-0.0219436	0.0126845
376	0	0.39506	-0.12575	0.0450995
377	1	0.395092	-0.127477	0.00899263
378	0	0.396041	-0.0297039	0.0270431
379	2	0.399103	-0.00594727	0.0617927
380	2	0.399681	-0.0140401	0.0404563
381	0	0.401588	-0.0582022	0.00679475
382	0	0.402867	0.0241621	0.0317855
383	0	0.403498	0.0901089	0.025162
384	0	0.404058	0.0278397	0.119593
385	0	0.40419	0.00992856	0.0158872
386	1	0.405121	-0.0577458	0.079373
387	2	0.405802	-0.0240373	0.010122
388	2	0.406806	0.0628745	0.0602896
389	1	0.407457	-0.0478942	0.0904176
390	2	0.407541	0.00341347	0.0605995
391	0	0.408042	0.0148215	0.00157276
392	0	0.410325	-0.00902475	0.0182029
393	0	0.411116	-0.00804895	0.0163474
394	1	0.412749	0.101612	0.0332021
395	2	0.413425	0.0370126	0.00560243
396	2	0.414355	0.0350759	0.0153617
397	2	0.415264	0.0176553	0.0959816
398	0	0.415855	0.0397713	0.00353681
399	2	0.417741	-0.0607481	0.0160371
400	0	0.418042	-0.0649774	0.000425775
401	0	0.419806	-0.0326926	0.075757
402	0	0.420995	0.0517399	0.0288788
403	0	0.42334	0.0439532	0.011114
404	0	0.423455	0.0300944	0.0322631
405	2	0.425374	0.0110832	0.0302188
406	2	0.425511	-0.0286467	0.032598
407	1	0.426646	-0.0476631	0.0894431
408	0	0.426752	0.0851348	0.00619822
409	1	0.426762	0.139351	0.049547
410	2	0.426776	0.0225662	0.0266626
411	0	0.426868	-0.00813417	0.0697433
412	2	0.427511	-0.0546787	0.0529181
413	1	0.428488	-0.0987543	0.00744755
414	2	0.429169	0.037891	0.0120475
415	1	0.431652	0.0414584	0.0186161
416	0	0.433208	0.0265665	0.103577
417	2	0.433451	-0.0388999	0.017473
418	0	0.433521	-0.0958427	0.0364275
419	0	0.434078	-0.00983351	0.0389937
420	2	0.435317	-0.0485371	0.00500495
421	0	0.43643	0.0392619	0.0392435
422	2	0.436876	-0.0480819	0.0492236
423	0	0.438015	0.0179697	0.026026
424	2	0.439148	-0.0298665	0.00162773
425	0	0.439635	-0.0660844	0.0157805
426	0	0.440343	0.00821	0.095412
427	2	0.440362	-0.0224895	0.00452287
428	2	0.441064	-0.0354589	0.0614191
429	2	0.441477	-0.0741165	0.0770818
430	2	0.441689	0.0337112	0.0174538
431	2	0.443211	0.040422	0.0299
432	0	0.44437	-0.0151007	0.00805642
433	0	0.44485	0.0369074	0.0360236
434	0	0.444926	0.0676561	0.0217258
435	2	0.445012	-0.177707	0.0262364
436	1	0.445832	-0.023393	0.0597428
437	0	0.446717	-0.0981465	0.0565813
438	0	0.448112	0.0722639	0.0396669
439	2	0.450199	-0.0414658	0.0230175
440	0	0.453148	-0.0255723	0.0839108
441	0	0.453579	0.0184715	0.0228149
442	0	0.454663	0.0713179	0.0555372
443	0	0.455585	-0.0328073	0.107516
444	2	0.458524	-0.0175406	0.00789706
445	2	0.461608	0.033294	0.0338351
446	1	0.462556	-0.096075	0.106711
447	2	0.462772	-0.0364514	0.0503696
448	2	0.462787	-0.0287894	0.0167837
449	0	0.462984	0.0246436	0.0226703
450	2	0.46379	-0.00688424	0.0163557
451	2	0.465649	-0.0357224	0.0227787
452	2	0.466319	-0.087635	0.0324031
453	0	0.467783	0.0122297	0.0508427
454	2	0.468877	-0.0741768	0.0506652
455	0	0.469707	-0.0562177	0.00586024
456	1	0.470875	0.00532432	0.0439253
457	2	0.470938	0.0119816	0.0473836
458	2	0.471177	-0.034671	0.00835261
459	1	0.473508	0.0337966	0.0862309
460	0	0.473897	0.0105765	0.0461736
461	2	0.474038	-0.018265	0.0173033
462	1	0.474047	0.0192706	0.095706
463	2	0.474899	0.00417488	0.0267047
464	0	0.475385	0.0317611	0.102288
465	0	0.475855	0.0466265	0.0389141
466	0	0.47683	0.0306574	0.0366523
467	0	0.477475	-0.113256	0.0564141
468	1	0.478807	0.0139896	0.0389486
469	1	0.482719	-0.0310994	0.00512223
470	2	0.485631	0.019138	0.0593212
471	0	0.485913	-0.064777	0.0516275
472	0	0.486989	0.0471363	0.0368191
473	0	0.487966	-0.0296241	0.026475
474	0	0.488053	0.0435504	0.0508834
475	1	0.488705	-0.0586731	0.100968
476	1	0.489781	-0.03046	0.0682979
477	0	0.490143	-0.0232369	0.045159
478	1	0.490649	0.16843	0.0834731
479	2	0.492819	-0.0146652	0.0539522
480	1	0.493322	0.00126315	0.014733
481	1	0.494235	-0.216917	0.0972295
482	0	0.494437	0.0131927	0.0547539
483	0	0.495376	0.0408733	0.00121242
484	0	0.495488	0.0585258	0.119086
485	2	0.495597	0.032762	0.0441715
486	2	0.497424	0.0343255	0.084776
487	0	0.49879	-0.0531125	0.00319658
488	0	0.499692	-0.00269259	0.0220613
489	0	0.501893	0.0185794	0.00805244
490	1	0.503704	0.0475474	0.0594903
491	2	0.505243	0.031994	0.0140578
492	1	0.50654	0.0641381	0.0342666
493	0	0.508944	-0.154704	0.0463823
494	0	0.509321	-0.0136199	0.0463579
495	1	0.510439	0.0418995	0.00149108
496	2	0.511189	-0.108905	0.0737104
497	0	0.511554	-0.0179451	0.0799575
498	1	0.512142	-0.0560401	0.0335092
499	0	0.512342	0.0254688	0.0355602
500	2	0.513479	0.0346525	0.042163
501	1	0.515746	-0.00257464	0.0579818
502	2	0.517737	0.013289	0.0104705
503	2	0.517951	0.106987	0.0228517
504	1	0.518209	0.0409888	0.0955234
505	2	0.520606	0.0974948	0.0125243
506	0	0.521929	-0.0958038	0.0469981
507	0	0.522032	-0.00325969	0.0448889
508	0	0.522668	0.0224704	0.0641343
509	2	0.523522	-0.0735044	0.03974
510	2	0.525427	-0.0328991	0.00646077
511	1	0.525568	-0.00997416	0.0207895
512	2	0.527693	-0.0380653	0.0241867
513	0	0.527777	0.00948274	0.10868
514	2	0.528476	-0.0441133	0.0554222
515	2	0.528815	0.0290349	0.00734527
516	1	0.529449	0.134225	0.0515348
517	1	0.529727	-0.0104727	0.0294192
518	2	0.530508	-0.0549437	0.0346568
519	2	0.530695	-0.059906	0.0625201
520	0	0.531255	0.0263417	0.0571631
521	2	0.531596	0.0150821	0.00965501
522	1	0.532896	0.0924854	0.0542111
523	0	0.534032	-0.128506	0.0250423
524	0	0.534204	-0.0289719	0.0495346
525	2	0.534336	0.093904	0.0536598
526	2	0.534575	0.0165865	0.0942664
527	2	0.535333	-0.0245214	0.142287
528	0	0.536884	0.0344112	0.0531241
529	0	0.538862	0.0219968	0.00925829
530	1	0.539049	-0.0402339	0.00483664
531	2	0.539223	0.017758	0.000689772
532	1	0.539797	0.0706226	0.0635142
533	0	0.540614	0.0121218	0.047243
534	1	0.541244	-0.0280989	0.0075031
535	1	0.545427	-0.0236579	0.0663886
536	1	0.545461	-0.117101	0.0246689
537	0	0.548276	-0.00978341	0.00587125
538	0	0.548872	-0.0418664	0.0149015
539	0	0.552325	0.0831113	0.0408991
540	1	0.55387	-0.0804523	0.0617125
541	1	0.5546	0.0208513	0.0382466
542	2	0.554911	0.0554664	0.000261842
543	2	0.555815	-0.0520639	0.0600787
544	0	0.557332	0.00596615	0.00591388
545	1	0.55758	-0.0646095	0.0221906
546	0	0.561341	-0.0433051	0.000685401
547	0	0.561821	-0.0228677	0.0436321
548	0	0.562386	-0.0603466	0.0867546
549	2	0.562579	0.0989982	0.0555754
550	1	0.564119	-0.0352772	0.103882
551	0	0.565465	0.0473621	0.0213966
552	0	0.565865	-0.079384	0.0108202
553	0	0.566081	-0.0317147	0.0741721
554	1	0.566174	0.0672138	0.00713436
555	0	0.566927	0.0719057	0.0201432
556	0	0.56822	-0.0425899	0.0465899
557	1	0.568669	-0.0302831	0.23325
558	2	0.569897	-0.0271074	0.0568943
559	2	0.570033	-0.0162323	0.0143427
560	1	0.570446	-0.0868621	0.0391964
561	0	0.570684	0.0300417	0.0418892
562	2	0.574011	0.0243165	0.0416325
563	0	0.578563	-0.00608223	0.102424
564	2	0.580396	0.133701	0.0178423
565	2	0.580743	-0.0418216	0.0375359
566	0	0.58098	0.0277687	0.0575717
567	2	0.581503	-0.131518	0.00652707
568	0	0.582041	0.0278405	0.0268224
569	2	0.582119	0.0731906	0.12387
570	2	0.583685	0.05809	0.016049
571	0	0.584147	-0.0209539	0.0756077
572	2	0.58426	-0.0738609	0.108421
573	0	0.584908	0.0149678	0.0399761
574	2	0.58622	-0.021694	0.0672793
575	1	0.587639	0.105647	0.0894935
576	2	0.587652	-0.0264851	0.00227793
577	1	0.587698	0.0118455	0.113245
578	0	0.58781	-0.0865484	0.00361826
579	0	0.587826	-0.0300053	0.0558376
580	0	0.588662	-0.0571488	0.107063
581	2	0.58895	0.0206755	0.0748089
582	0	0.589328	0.0889519	0.11031
583	0	0.590146	-0.00597746	0.0163234
584	1	0.590455	-0.0326239	0.0661115
585	0	0.59122	-0.0791522	0.0493353
586	1	0.591887	0.0735844	0.0588534
587	0	0.592193	-0.011631	0.0904787
588	2	0.592461	-0.0357513	0.0212855
589	1	0.593546	0.120858	0.171972
590	0	0.595115	0.0854775	0.0329905
591	1	0.597285	-0.0385859	0.0402327
592	0	0.597858	-0.100973	0.0568778
593	2	0.597888	-0.0881726	0.0455364
594	0	0.601009	-0.121845	0.00184731
595	0	0.601655	0.0228748	0.0693194
596	0	0.602172	0.0594358	0.00507228
597	1	0.602498	-0.0261271	0.00834207
598	0	0.603767	0.115005	0.0501766
599	1	0.604022	-0.0795593	0.0150664
600	1	0.605696	0.0476729	0.228995
601	2	0.606812	0.0779267	0.0537128
602	2	0.607734	-0.0245958	0.0765361
603	2	0.609175	-0.0166831	0.124558
604	1	0.610324	0.00989186	0.0607049
605	1	0.611213	0.0992261	0.0227217
606	2	0.612366	0.0142528	0.0536276
607	0	0.613173	0.0145665	0.041473
608	0	0.613511	0.0189779	0.0403003
609	0	0.613775	0.0571362	0.0388628
610	0	0.614268	-0.051125	0.0397649
611	2	0.617055	0.0133257	0.120791
612	2	0.619639	0.0293144	0.0279125
613	2	0.622579	0.0617024	0.0188659
614	2	0.623602	-0.0155021	0.0275549
615	1	0.623606	-0.0336083	0.130113
616	2	0.624571	-0.115007	0.0575789
617	0	0.626822	0.0765347	0.00369657
618	2	0.626885	-0.0618537	0.0553937
619	1	0.627933	-0.0797329	0.109723
620	0	0.629263	-0.0109513	0.0048427
621	0	0.62982	-0.0276605	0.0283667
622	2	0.630209	-0.0523309	0.00580218
623	0	0.63046	0.0724851	0.0109065
624	1	0.630885	0.00673661	0.0906502
625	2	0.631086	-0.0189407	0.00440893
626	2	0.631318	-0.0490607	0.0702688
627	1	0.632005	-0.0757188	0.0505586
628	1	0.632881	0.0168435	0.0886109
629	2	0.633001	0.0158419	0.076072
630	2	0.633469	0.00957093	0.0401588
631	2	0.634859	0.02609	0.0999536
632	1	0.636139	0.0229085	0.0263943
633	1	0.636142	0.143835	0.0533742
634	2	0.636375	0.0458208	0.0112194
635	2	0.640928	-0.0365905	0.0247403
636	1	0.64116	0.0491968	0.0861686
637	2	0.641435	0.0299106	0.0239507
638	0	0.642037	-0.0196477	0.0533016
639	2	0.642223	0.0345974	0.00793545
640	0	0.644447	0.044537	0.0225412
641	0	0.646494	-0.0284336	0.0189346
642	2	0.646841	-0.019295	0.00385443
643	0	0.64729	0.0356325	0.00322226
644	2	0.648382	0.0107517	0.0645645
645	0	0.648839	0.00931086	0.0569524
646	1	0.649112	-0.0522539	0.00868004
647	0	0.649903	0.0784475	0.0205426
648	2	0.650599	-0.0180698	0.0132847
649	0	0.651975	-0.024132	0.0156736
650	2	0.652474	-0.0260581	0.0312979
651	2	0.652666	0.169811	0.031758
652	1	0.653251	0.0378295	0.0424801
653	2	0.653604	0.0153314	0.0411354
654	0	0.653652	0.016589	0.085843
655	1	0.655767	-0.0733431	0.0618535
656	2	0.656448	0.030003	0.0998909
657	2	0.657698	0.0109343	0.0485156
658	2	0.659062	0.0332736	0.0488016
659	0	0.661978	-0.0230844	0.0024079
660	1	0.66247	0.0214795	0.0939503
661	0	0.66279	-0.0285272	0.0343581
662	2	0.663444	0.0128225	0.0594021
663	2	0.663924	-0.025831	0.0481202
664	0	0.665033	-0.0306907	0.0797205
665	2	0.665595	0.00727085	0.0295189
666	0	0.665878	0.0329707	0.0485959
667	1	0.666016	0.0125842	0.0437273
668	2	0.66755	0.011087	0.0261565
669	0	0.667991	-0.0175654	0.0292674
670	2	0.66812	0.0694557	0.0386032
671	0	0.669083	0.0263007	0.0819172
672	2	0.672127	-0.0339273	0.0461237
673	1	0.67347	0.0914931	0.00045128
674	1	0.674337	0.0331771	0.0137661
675	1	0.674741	-0.0110834	0.0427842
676	2	0.676196	0.00491839	0.0299142
677	2	0.676506	0.0174112	0.0306941
678	2	0.676566	0.01805	0.106435
679	1	0.67742	-0.030489	0.0736205
680	2	0.679195	0.0655212	0.0321933
681	0	0.679335	0.029603	0.100984
682	2	0.679634	0.0132312	0.0271056
683	0	0.681286	0.0898895	0.056003
684	0	0.681815	0.0229056	0.0717433
685	2	0.685728	-0.0319399	0.0389184
686	2	0.686019	0.0649106	0.0389466
687	0	0.691717	0.00581286	0.0383775
688	0	0.693077	0.0964848	0.0199549
689	2	0.69321	-0.0483935	0.0244437
690	2	0.693622	-0.0394842	0.0138994
691	2	0.693749	-0.0295667	0.0343214
692	1	0.69554	-0.0333612	0.00159231
693	0	0.696296	-0.0186046	0.0389774
694	0	0.696461	-0.037718	0.0258285
695	0	0.69673	0.0558907	0.0355574
696	2	0.696806	0.0601019	0.0266439
697	0	0.697101	0.0281198	0.0775763
698	2	0.698407	-0.0583457	0.148412
699	0	0.698432	0.0160214	0.0553973
700	0	0.700276	0.0325231	0.0229355
701	0	0.700881	0.0198027	0.0585706
702	2	0.701991	0.0773766	0.00315257
703	2	0.702047	-0.0261148	0.0326846
704	2	0.703084	-0.0260802	0.0744372
705	0	0.706208	-0.040607	0.0679863
706	0	0.706294	0.0170729	0.000254614
707	1	0.706925	-0.0395798	0.0706243
708	0	0.708333	-0.0179703	0.0021739
709	2	0.708361	-0.0325004	0.058504
710	2	0.70975	0.0460565	0.0200471
711	0	0.710557	0.0304136	0.00298854
712	2	0.710767	-0.12318	0.0236525
713	2	0.710954	0.0376817	0.0981348
714	0	0.713551	0.0609822	0.0760796
715	0	0.715911	0.00554829	0.0461142
716	2	0.717031	0.0270013	0.0086761
717	0	0.717137	0.0535959	0.000234851
718	0	0.718926	0.0458396	0.0822149
719	2	0.719065	0.024762	0.0701682
720	2	0.719395	0.0244085	0.0337989
721	1	0.720276	-0.0492486	0.0719507
722	0	0.721004	0.0559522	0.0346069
723	2	0.721985	0.0521176	0.0417746
724	1	0.722075	0.0482951	0.0417245
725	2	0.723533	0.0484927	0.011921
726	1	0.723597	-0.0963835	0.133188
727	2	0.723696	0.0352936	0.0640164
728	2	0.72405	-0.0391187	0.106318
729	2	0.725419	0.00651077	0.0523322
730	0	0.725647	-0.0200882	0.00566413
731	2	0.725941	-0.0103281	0.0284579
732	2	0.726631	0.00443551	0.0359977
733	1	0.727359	0.125311	0.0331705
734	1	0.728138	0.143753	0.0569358
735	0	0.728222	0.0597782	0.0434907
736	2	0.729191	0.167397	0.0113147
737	0	0.72985	-0.0183534	0.0384679
738	0	0.730471	0.0840381	0.0521195
739	1	0.730561	-0.0116537	0.132685
740	2	0.73142	-0.0365566	0.0209926
741	1	0.731803	0.0446367	0.0741259
742	2	0.733318	0.017451	0.0279478
743	0	0.734861	0.0474528	0.0512574
744	2	0.735003	0.0997621	0.0370376
745	2	0.736838	-0.054181	0.0575052
746	0	0.737538	-0.0259177	0.00289395
747	0	0.737917	-0.0255027	0.00506501
748	1	0.737932	0.0694797	0.00515132
749	2	0.737999	0.0144488	0.000546895
750	0	0.73876	-0.0483704	0.0413211
751	1	0.738793	0.0677942	0.0138854
752	0	0.739008	0.0397038	0.0530561
753	0	0.739397	-0.0145724	0.0121002
754	0	0.739634	-0.0535107	0.0299498
755	2	0.739933	-0.0216068	0.0543986
756	0	0.740966	-0.0365758	0.056577
757	2	0.744633	-0.0175473	0.0476076
758	1	0.744773	0.0402136	0.050594
759	2	0.745001	0.0570574	0.0341036
760	1	0.745301	0.141052	0.00205714
761	2	0.747143	0.0463184	0.0354781
762	2	0.747796	0.0490765	0.0237829
763	2	0.747885	-0.0682707	0.0169406
764	0	0.748072	0.011381	0.0383626
765	2	0.749704	0.0124488	0.0826443
766	1	0.754037	-0.0825406	0.0564507
767	2	0.755492	-0.0326243	0.0831568
768	0	0.756343	0.026919	0.019013
769	0	0.757162	-0.0699014	0.0147205
770	0	0.757338	0.0323904	0.00489458
771	2	0.75745	-0.0722976	0.00868416
772	2	0.757957	0.0572865	0.00908432
773	1	0.759092	0.0565003	0.00644633
774	2	0.759491	0.062077	0.0496099
775	2	0.762469	0.0436069	0.0442539
776	2	0.765332	-0.0289048	0.0147201
777	0	0.765361	0.0374381	0.00987242
778	1	0.765538	0.124097	0.00456774
779	2	0.765578	-0.0244431	0.0568795
780	0	0.767031	0.00141522	0.0277971
781	1	0.767039	-0.0751222	0.168531
782	0	0.767108	-0.0451179	0.0687656
783	2	0.767346	-0.00256386	0.0222628
784	1	0.767627	0.0322338	0.0374704
785	1	0.767636	0.0468204	0.101089
786	2	0.767879	0.0521735	0.0391218
787	0	0.768016	-0.0551973	0.0582549
788	2	0.768432	-0.0139778	0.0299858
789	0	0.771389	0.00555981	0.0330588
790	0	0.771739	0.0799507	0.00736322
791	2	0.772494	-0.0683191	0.0337326
792	0	0.775358	-0.0426915	0.0707602
793	2	0.776117	0.00665358	0.0383992
794	2	0.776187	0.0418296	0.026828
795	2	0.776608	-0.0531792	0.0472952
796	1	0.778283	0.0775274	0.0444617
797	1	0.779621	-0.0292085	0.0434769
798	0	0.780324	0.0283964	0.0654635
799	0	0.780569	0.0246002	0.0433126
800	0	0.782175	0.0153128	0.0225202
801	2	0.784181	0.0142939	0.0740178
802	2	0.784534	-0.0480139	0.0707929
803	0	0.786695	-0.0258028	0.0699483
804	2	0.789546	0.0373687	0.061995
805	2	0.790069	-0.03484	0.031664
806	0	0.790889	0.00665278	0.0308952
807	0	0.791931	0.0214324	0.0226057
808	0	0.791969	-0.0661119	0.0525371
809	2	0.794975	-0.0141373	0.0611663
810	2	0.795003	-0.0244611	0.0419475
811	2	0.795616	0.0112554	0.0235613
812	0	0.796147	0.00804332	0.0136624
813	0	0.79953	0.0250931	0.0171272
814	0	0.801274	-0.0172171	0.00314948
815	2	0.803744	0.0544464	0.0123136
816	1	0.803986	-0.0709425	0.022817
817	1	0.804737	0.0386176	0.0238621
818	0	0.805968	0.0426609	0.0495431
819	2	0.806833	0.0646676	0.0970176
820	0	0.807954	-0.0533014	0.010333
821	0	0.808526	0.0931363	0.0389481
822	1	0.809004	0.0871396	0.0379525
823	2	0.81107	-0.0268338	0.00122529
824	2	0.813103	0.0855561	0.0168222
825	0	0.814581	0.0232911	0.0633788
826	0	0.818129	-0.0857117	0.01255
827	0	0.82492	0.0143542	0.0483851
828	0	0.825833	-0.0559312	0.0416804
829	0	0.829568	-0.0401048	0.0317064
830	2	0.829597	0.0171758	0.0865393
831	1	0.829683	-0.00682663	0.0599244
832	0	0.829808	0.00660897	0.0589123
833	2	0.830074	0.0682214	0.0955865
834	0	0.83081	0.0141186	0.0522569
835	1	0.833901	0.00701654	0.0366602
836	0	0.835006	-0.0637301	0.0059378
837	2	0.836429	0.0448281	0.0631538
838	0	0.837964	-0.0600214	0.0660617
839	2	0.839366	0.006135	0.030599
840	1	0.840138	-0.0103545	0.0211701
841	2	0.840194	0.00721539	0.034047
842	1	0.840502	-0.125317	0.0390531
843	0	0.841853	-0.0218152	0.0366225
844	2	0.841946	0.0431582	0.0257201
845	2	0.843173	-0.115365	0.0312612
846	0	0.843686	-0.0305386	0.0115584
847	2	0.84545	0.0408967	0.0395841
848	2	0.850477	-0.0735824	0.00554809
849	1	0.853369	0.063353	0.032651
850	0	0.853898	-0.0265101	0.0101656
851	1	0.854403	0.0147147	0.10652
852	2	0.856785	-0.0217737	0.109456
853	2	0.857657	0.0389084	0.00367091
854	0	0.857768	-0.0197267	0.0479292
855	2	0.859892	0.0695574	0.0236103
856	2	0.861193	0.0551566	0.0692563
857	2	0.861342	0.00856447	0.017238
858	2	0.861539	0.109504	0.0861226
859	2	0.863792	-0.0423038	0.0298813
860	0	0.86513	-0.0281434	0.0321382
861	1	0.865462	-0.092972	0.0384806
862	2	0.86595	-0.0669007	0.0901404
863	1	0.867573	-0.0947439	0.000113334
864	1	0.870574	0.0695345	0.052393
865	0	0.873183	0.0348636	0.0257761
866	0	0.873288	-0.0226432	0.0242033
867	2	0.874043	0.015144	0.0887589
868	0	0.87566	-0.0247227	0.0487758
869	0	0.876668	0.0974817	0.0321679
870	2	0.877845	-0.060395	0.00164081
871	0	0.877943	-0.0444161	0.0488519
872	0	0.878674	0.0318712	0.100149
873	2	0.883889	0.0811998	0.0788707
874	0	0.885167	0.0227256	0.0214935
875	2	0.886217	0.0914897	0.00636619
876	0	0.887408	-0.00244856	0.0444685
877	0	0.88756	-0.0581437	0.0681053
878	0	0.889311	-0.0391368	0.0692831
879	0	0.889794	-0.0509996	0.00182718
880	1	0.891339	-0.0834971	0.0568974
881	2	0.891554	0.0747019	0.00748004
882	0	0.892116	-0.0116697	0.0181687
883	0	0.892174	0.162179	0.0528331
884	2	0.892569	-0.038502	0.0388147
885	0	0.894858	-0.040338	0.0105538
886	0	0.896147	-0.0183035	0.042264
887	2	0.896742	-0.165614	0.0160115
888	2	0.896945	0.0411719	0.119412
889	0	0.898305	0.0372109	0.0119392
890	2	0.900514	-0.0284347	0.0679203
891	1	0.901261	0.0687094	0.0515416
892	1	0.901674	0.130608	0.0114167
893	1	0.902133	0.0453062	0.0828213
894	1	0.904451	-0.091518	0.0851511
895	0	0.905352	0.0216804	0.0390082
896	2	0.907598	-0.0111855	0.0320532
897	0	0.909153	0.0363543	0.022003
898	2	0.910824	-0.00277036	0.0563643
899	2	0.911022	-0.0230407	0.0255806
900	0	0.911653	-0.0217214	0.0270824
901	0	0.913311	0.0610867	0.0190143
902	2	0.913336	-0.0859771	0.0884825
903	2	0.913612	0.0578557	0.0121509
904	2	0.915586	0.0404171	0.0167448
905	0	0.915811	-0.0629398	0.0194142
906	1	0.916943	-0.0228566	0.00728917
907	0	0.91744	-0.0114611	0.0283865
908	2	0.917558	-0.0566232	0.0194888
909	0	0.918054	0.0223916	0.0497208
910	2	0.918693	0.0147947	0.00404384
911	0	0.919243	-0.0279822	0.0311806
912	2	0.920864	0.032468	0.0218829
913	1	0.924213	0.0175544	0.11268
914	2	0.924313	-0.0451539	0.0955445
915	2	0.926374	-0.0100193	0.0439037
916	0	0.926505	0.0214732	0.0309002
917	2	0.927705	0.0281619	0.0450993
918	0	0.928969	-0.0318217	0.013343
919	2	0.929001	-0.010144	0.0114885
920	2	0.930438	0.0272349	0.00985657
921	1	0.930579	0.00689405	0.105929
922	0	0.930813	0.0189825	0.011064
923	2	0.932551	0.0238523	0.0327178
924	1	0.93354	-0.0387563	0.0254411
925	0	0.933564	-0.0332922	0.0504116
926	0	0.934149	0.105015	0.0379494
927	2	0.938185	-0.0142552	0.00218498
928	0	0.938656	-0.0560351	0.0144167
929	1	0.939037	-0.0593277	0.0437828
930	1	0.942582	0.0742775	0.064132
931	0	0.944247	0.0599265	0.0486449
932	1	0.945077	-0.0289901	0.00552319
933	2	0.946567	0.0763993	0.0169126
934	2	0.946945	-0.0403447	0.0754103
935	2	0.948488	-0.0361132	0.0196382
936	1	0.94852	0.0583393	0.102632
937	0	0.949768	0.0376992	0.0987023
938	0	0.951132	0.00893363	0.0416493
939	0	0.951701	0.0296812	0.0596342
940	2	0.951804	0.045548	0.0790611
941	1	0.952075	0.073322	0.110686
942	0	0.952416	0.039055	0.0214961
943	2	0.952622	0.0377434	0.0103124
944	2	0.952634	0.0512147	0.00519484
945	2	0.953388	0.0416743	0.0278021
946	2	0.95349	-0.0680519	0.0241106
947	0	0.954057	0.0193055	0.0443471
948	2	0.954154	0.0756465	0.00487358
949	2	0.955453	0.0181181	0.0175466
950	1	0.955816	-0.0249947	0.0471904
951	1	0.956959	-0.10298	0.0422427
952	2	0.957219	-0.0662141	0.0327561
953	0	0.957306	0.0199454	0.112443
954	2	0.957408	-0.0150371	0.0484769
955	1	0.960157	-0.132712	0.0489223
956	0	0.962865	-0.0164901	0.0687892
957	1	0.963098	0.0142293	0.0100557
958	2	0.9637	-0.0379986	0.0397829
959	0	0.96506	0.0312763	0.102037
960	0	0.966015	0.0347128	0.000306697
961	2	0.967537	0.0195181	0.0059014
962	1	0.968839	0.0250693	0.0398057
963	1	0.969689	0.0170666	0.0467816
964	1	0.969855	0.0264291	0.116169
965	0	0.969859	0.0423916	0.0631057
966	2	0.969964	0.0390306	0.0291267
967	2	0.97059	-0.0550596	0.0678725
968	0	0.970785	-0.0778242	0.0111282
969	0	0.971511	-0.103375	0.0180334
970	2	0.971914	0.098003	0.0499767
971	2	0.97223	-0.0608372	0.0672528
972	2	0.974681	0.0274269	0.0588589
973	2	0.975853	0.0257928	0.00965056
974	2	0.976282	-0.0316956	0.0272733
975	2	0.977047	-0.0731324	0.0653938
976	0	0.978249	-0.0490667	0.0423006
977	2	0.978265	0.0862231	0.00102781
978	1	0.978882	-0.080608	0.0792761
979	2	0.980111	0.0560423	0.0176334
980	0	0.980173	0.00911884	0.0808886
981	0	0.980751	0.0129275	0.023188
982	2	0.980818	0.11024	0.0302263
983	0	0.981103	-0.0202527	0.0288738
984	2	0.981437	0.0502375	0.02835
985	2	0.982343	0.0292083	0.0148563
986	2	0.985315	0.00834192	0.0525506
987	0	0.986019	0.0106755	0.0173399
988	2	0.986825	0.0451265	0.00672186
989	2	0.987924	-0.0875223	0.0529469
990	2	0.990045	0.0281685	0.00708623
991	0	0.99011	0.0379182	0.0117534
992	0	0.991333	0.0549579	0.0706795
993	0	0.993137	-0.0581776	0.0137854
994	2	0.994189	-0.0223429	0.0140322
995	1	0.994552	-0.0590254	0.0211016
996	1	0.996093	0.103934	0.0176057
997	2	0.997866	0.0105403	0.0365561
998	2	0.998975	-0.0350493	0.0351716
999	2	0.99974	0.116797	0.0471059
4	557	0.0379622
6	494	0.0215886
6	358	0.0469587
6	27	-0.0191831
9	493	-0.0459308
11	717	-0.0140331
11	338	0.0388328
12	587	0.0270266
12	770	0.04669
12	497	0.0209725
12	983	-0.0390319
12	453	0.027412
12	264	0.0233394
14	105	-0.025672
14	544	0.0225524
14	432	-0.0374481
14	752	0.033013
14	901	0.0133575
14	578	-0.0251827
14	548	-0.013594
14	900	-0.0418967
14	507	-0.0345518
14	494	0.0228861
14	499	0.0231364
14	201	-0.0596477
14	385	0.0238762
14	103	-0.0299041
14	918	-0.0364044
14	398	0.0193386
14	43	0.0290342
14	210	-0.0233883
14	215	0.0391452
14	151	0.0133339
14	168	-0.0398366
14	233	0.0242989
14	426	-0.0363862
15	697	0.0390876
18	181	-0.0398519
18	746	0.0252021
18	48	-0.0255239
19	459	-0.0565329
19	394	-0.0297462
19	660	-0.0193556
24	331	0.0306481
25	181	0.0192281
25	339	-0.0323227
29	901	-0.02541
29	499	0.0303407
29	376	0.02905
29	814	0.0457059
29	356	-0.0281252
29	250	-0.0378213
29	790	-0.0476034
30	925	-0.0358201
30	718	-0.0189366
30	471	0.0155241
31	553	0.0249141
40	347	0.0198398
42	936	0.0786038
51	821	0.0441447
56	568	-0.0154857
56	275	0.0262299
56	352	-0.0313807
56	640	0.0353676
56	12	-0.0121831
56	29	0.0295272
56	865	0.0380607
56	313	-0.0143112
56	256	-0.02098
56	182	-0.0350065
56	404	0.0172947
56	214	-0.0191114
56	683	0.0328681
56	212	0.0191575
56	886	0.00580053
56	441	0.027624
56	700	0.0345909
56	738	0.0275893
56	513	-0.00797084
56	173	0.0499934
56	71	-0.0217266
56	499	0.0111023
56	353	-0.0498048
56	931	-0.0179327
56	942	-0.0288265
56	553	0.0201533
56	27	0.0251407
56	687	0.0357291
56	143	0.0230038
56	699	0.0129724
56	236	-0.0166177
56	916	-0.0337045
56	992	-0.0484327
56	89	-0.0139394
56	323	0.0358969
56	609	0.0298463
56	61	-0.0447994
56	694	0.100423
56	877	-0.032646
64	930	0.0531854
71	537	0.0320175
83	353	-0.0183204
90	12	0.0137893
90	102	0.0141666
90	256	0.0288772
90	548	-0.0262731
90	885	0.0154722
90	547	0.0518215
90	25	-0.0184818
90	161	-0.0355309
90	666	0.0444143
90	226	0.0270587
90	850	0.0289193
90	398	0.0338656
90	814	0.0378928
90	968	0.0279499
94	803	-0.0168983
94	40	-0.0481521
94	43	-0.052328
97	553	-0.0186351
99	129	0.0305696
99	787	0.015466
99	770	0.0230771
99	969	-0.026362
99	556	0.0123267
102	993	-0.0347024
102	378	-0.0123795
102	846	-0.021129
105	747	0.0366127
105	529	0.0360765
105	827	0.0460065
106	726	-0.015452
114	906	-0.023433
114	238	-0.0499327
114	363	0.0395167
114	627	0.0216622
114	816	0.0342076
114	600	0.0330625
114	279	0.0631055
114	81	0.0484968
114	84	0.0575264
114	415	0.0246558
114	413	0.0279401
114	628	-0.0844411
118	768	0.0343873
118	770	0.0202728
118	7	-0.0206619
118	402	0.0180352
122	827	-0.0105786
122	706	0.0321505
124	14	-0.0275667
124	185	-0.0177102
124	345	0.0358174
124	153	0.0356889
124	384	-0.0202574
124	90	0.0317347
124	715	0.0252268
124	664	-0.0556193
124	828	-0.0262183
124	911	-0.0211264
124	362	-0.0133131
124	214	-0.0351663
124	905	-0.0374661
124	803	0.0391181
124	900	-0.0272707
124	251	-0.0423129
124	555	-0.0217307
124	598	0.0149914
124	51	0.0250126
124	229	-0.0478677
124	747	-0.0163293
124	882	-0.025968
124	280	0.0201275
124	433	0.0229502
124	143	-0.03758
124	111	0.0149237
124	580	0.0600265
124	267	-0.0405956
125	796	0.053353
125	363	0.0469097
125	560	0.0273545
125	996	0.047778
125	361	0.0729622
125	148	-0.0275588
125	475	-0.0213849
125	121	0.0347274
125	317	-0.0409142
125	481	-0.0767714
125	4	0.0165507
129	6	-0.0196777
129	747	0.0247735
131	27	0.0265789
140	275	-0.0275977
140	345	-0.0262081
140	144	-0.0320213
140	792	0.0228346
140	105	0.043
140	94	0.0214677
140	960	0.0147797
140	199	0.0319151
140	507	-0.0241933
140	555	-0.0139426
140	162	-0.0540476
140	173	-0.0094825
140	834	-0.029092
140	401	-0.0213057
140	821	-0.0576809
140	308	-0.0352806
140	871	-0.0202608
140	800	0.0269403
140	366	0.00833731
140	210	-0.033604
140	356	-0.0168985
140	369	0.0152398
140	135	-0.0364234
140	869	0.0273259
142	418	0.0119578
144	352	-0.0340757
144	715	0.0581208
144	313	0.0110255
144	105	-0.0452391
144	610	-0.0330038
144	507	-0.0253274
144	770	0.0421742
144	30	0.0434433
144	942	-0.0156163
144	590	-0.0181664
144	878	-0.034477
146	872	0.0286996
146	768	-0.0332907
146	756	-0.00495443
146	48	-0.0505437
146	992	0.0306889
146	965	0.0231002
148	272	0.0254086
148	346	0.0468292
150	638	0.0105768
150	885	0.00840323
150	730	0.0241224
150	708	0.031104
150	7	-0.0196106
150	285	0.0375158
150	953	0.0173672
153	330	-0.0232813
153	105	-0.0275717
153	981	-0.0172778
153	683	0.0291671
153	408	-0.0162183
153	900	-0.0356486
153	507	-0.00855588
153	51	0.0443113
153	423	-0.0209997
153	201	-0.0385233
153	528	-0.0332532
153	233	0.0241741
153	467	-0.0228408
153	157	0.0183386
156	894	-0.023323
156	336	0.0321178
156	413	-0.0485254
156	462	0.0208017
156	619	0.0215115
160	221	-0.0365388
160	311	-0.0183092
160	937	-0.0156518
160	684	-0.0467664
160	241	-0.0387771
160	524	0.0180586
160	714	-0.031917
161	27	0.0199561
161	800	-0.0414576
162	860	-0.0332843
162	654	0.0205134
165	684	-0.0423868
166	211	-0.0192643
166	627	-0.0316565
166	673	-0.0278633
166	407	0.0294071
166	891	-0.0262521
166	304	0.0449725
166	273	-0.0689133
166	318	-0.0187389
166	894	0.0324717
172	125	0.0115669
172	501	0.0266763
172	796	-0.049575
172	363	-0.0622929
172	498	0.0689556
172	831	0.0729259
172	996	0.0335771
172	932	0.0302107
172	253	-0.0429493
172	42	0.0319387
172	892	0.0422753
172	415	-0.0491274
172	758	-0.024992
172	481	-0.0159975
172	287	0.0367119
172	963	0.0431857
172	268	0.07882
172	675	-0.0319668
172	200	0.0546649
172	540	-0.0842915
177	722	-0.0170038
179	374	-0.0299047
182	645	-0.0249819
182	398	0.0250495
182	391	-0.0107181
182	780	-0.0727704
183	924	-0.019186
183	591	-0.0487919
185	153	0.0218226
185	865	-0.0251371
185	792	-0.0251754
185	416	0.0219768
185	487	-0.0241344
185	150	0.0341469
185	18	0.0235093
185	432	0.0194844
185	214	-0.0229928
185	221	-0.0179954
185	548	0.0121061
185	882	-0.0338509
185	103	-0.0189759
185	190	-0.030994
185	289	-0.0264514
185	62	0.027613
185	347	-0.0317792
185	382	-0.0160335
186	87	0.0496125
186	202	0.0346601
191	437	-0.0267632
191	798	-0.03673
191	263	-0.0196696
191	916	-0.0237406
191	608	0.00774688
191	176	0.0396507
193	741	-0.0409492
193	892	0.0138591
193	371	0.0380615
196	44	0.0248677
196	349	-0.0163291
196	748	0.0325371
199	882	-0.0293623
199	210	0.00766106
199	878	-0.0156856
206	996	-0.0677589
206	766	-0.0318909
211	741	0.0328031
211	183	-0.0410358
211	692	-0.0204435
211	726	-0.0604416
212	441	0.0239887
212	610	0.0240726
213	84	0.0298199
213	584	-0.0592025
214	649	-0.0255023
214	708	0.025036
221	350	0.0253624
221	356	0.0335612
221	806	-0.0290485
223	907	-0.0392959
226	871	-0.0319695
226	838	-0.0424129
235	205	0.0168805
238	536	-0.0342244
238	957	-0.0308748
238	880	0.0228574
238	674	-0.0602543
238	577	-0.0519061
238	932	0.0115841
238	600	0.0492746
238	739	0.0463489
238	84	0.0358776
238	272	-0.0295604
238	633	-0.118298
239	275	0.0496792
239	384	0.0259501
239	352	0.0378911
239	319	0.0308421
239	18	-0.0382429
239	372	0.0212236
239	118	0.0215931
239	421	-0.042286
239	212	0.0464926
239	355	0.0395659
239	587	-0.0290171
239	83	-0.0689323
239	328	-0.0227401
239	747	-0.0340318
239	931	-0.0563773
239	579	-0.013248
239	40	0.0168684
239	142	-0.0256871
239	52	-0.0391699
239	617	-0.0223707
239	947	-0.0262447
239	37	-0.02095
239	39	0.0226614
239	777	-0.0128811
239	167	-0.0256747
239	659	-0.0225727
239	561	-0.0362351
239	789	-0.021457
246	594	0.0301874
251	246	-0.0329807
251	455	-0.0593363
253	726	-0.108142
254	739	0.0641055
256	425	-0.012629
256	711	0.0331996
256	482	-0.0224308
256	594	0.0081924
257	516	-0.0448375
263	497	0.0314714
263	433	-0.0349164
263	860	-0.0156939
273	318	-0.0344996
275	585	0.0160231
275	641	0.0474786
275	12	0.0384063
275	102	-0.0360007
275	432	-0.0214892
275	129	0.0434816
275	474	-0.0321522
275	355	0.0299426
275	329	-0.0237552
275	513	-0.0321268
275	666	-0.0197041
275	687	0.0387904
275	37	-0.0165222
275	24	0.0307194
275	464	0.032359
275	959	-0.0206756
275	78	-0.034371
279	257	-0.043193
279	53	0.0299747
280	434	0.0155609
280	375	-0.0175127
304	213	0.0171653
304	748	-0.0614519
308	643	0.0251334
311	643	-0.0294544
311	366	-0.0537251
313	226	-0.0269908
313	186	-0.0234474
313	649	-0.0373962
313	236	0.0219231
313	0	0.029036
313	938	0.028679
313	400	0.0184525
314	980	0.0238771
314	753	-0.0227123
314	640	-0.0584599
314	191	0.0142028
314	960	0.0275796
314	768	0.0280719
314	700	0.0242539
314	6	0.0277425
314	738	-0.0425958
314	937	0.0161949
314	186	-0.01132
314	834	-0.0137671
314	764	0.0558444
314	392	-0.0297608
314	860	0.0515569
314	701	0.0318593
314	43	0.0122924
314	718	0.0305672
314	832	-0.0164333
314	47	0.0554884
316	679	-0.0196819
316	121	-0.0152282
317	660	0.0704998
319	94	0.0480433
319	798	0.0237729
319	328	-0.0373427
319	472	0.0366009
319	9	0.0177571
319	484	-0.0243919
319	764	0.0484154
319	580	0.0376091
319	154	0.0282335
319	538	0.0347325
326	51	0.0478166
326	25	0.0150382
326	173	0.0474455
326	73	0.0478182
328	484	0.0313908
329	403	0.0318617
329	381	0.0336526
330	150	-0.0586074
330	146	0.030555
330	834	-0.0484944
330	411	0.00468435
330	874	0.0148778
330	701	-0.0283643
330	846	0.0310437
330	607	0.0321864
330	595	-0.0304363
339	419	-0.0617153
341	816	-0.0643333
341	115	-0.0573639
345	153	0.0526258
345	313	0.0295023
345	544	0.0260441
345	18	0.0224437
345	99	0.01897
345	905	0.0319577
345	94	-0.0467323
345	251	0.0237573
345	499	0.0495078
345	493	0.030345
345	401	-0.0358589
345	592	0.0304798
345	131	0.0232571
345	699	-0.0296851
345	111	-0.0226028
345	189	-0.0322214
352	539	0.0255513
352	311	0.0359477
352	661	-0.0252874
352	942	0.0339692
352	350	0.0195481
352	433	-0.00908439
352	425	-0.0240397
352	418	0.0225012
352	647	0.0562921
352	607	0.0301243
353	983	0.0279081
353	0	0.0252422
355	756	0.0195307
357	290	-0.02917
360	257	-0.022942
360	504	0.0267337
361	106	0.0707298
361	259	-0.0417381
361	373	-0.0283239
362	638	-0.0244145
362	688	-0.0345856
362	103	0.0632479
362	987	-0.0325003
362	73	0.0175928
363	707	-0.0323859
363	206	-0.0334015
363	490	0.0249886
363	816	-0.0537038
363	273	-0.03763
363	632	-0.0233454
363	615	0.0612428
363	962	-0.0399515
366	969	0.0375597
368	939	-0.0270601
368	876	0.0270994
369	400	-0.0270107
370	311	-0.014379
370	735	0.0238608
370	645	-0.0261592
370	553	-0.0103967
370	190	-0.0233135
370	195	0.0217797
372	129	-0.0477353
372	688	0.0352608
372	339	0.0277105
372	722	0.0293652
372	968	-0.0334698
374	386	0.0243107
374	273	-0.0264499
374	892	0.0785763
374	550	0.0621307
376	393	0.0363323
378	423	0.0238451
378	666	-0.0176999
378	472	-0.0156891
378	289	0.0274106
378	523	-0.0241208
384	102	0.0292222
384	256	0.0460105
384	18	-0.0260829
384	566	0.0184771
384	199	0.029086
384	730	-0.0132163
384	181	-0.0359263
384	711	-0.0190406
384	687	0.0114414
384	617	0.0233576
384	190	-0.0349897
384	15	0.0148126
384	187	0.0453965
384	252	0.0536747
385	453	-0.0137958
385	39	0.0429536
386	842	-0.0458136
386	318	-0.0567474
386	721	-0.032017
392	706	0.0389983
393	285	-0.0294092
393	89	-0.0332316
394	66	0.0307728
401	165	0.0482443
404	901	0.0350032
404	507	-0.025408
404	850	-0.057825
404	529	0.0216797
404	235	-0.0476366
404	246	0.0350597
404	992	-0.0347344
407	932	0.0363775
407	615	0.0745678
408	376	0.0427758
408	813	0.0159877
411	594	0.0117568
415	413	-0.0406769
416	487	-0.011253
416	118	0.0268343
416	911	0.0160582
416	408	0.014445
416	326	0.0224315
416	866	-0.0207278
416	231	0.0152221
421	423	0.0185548
421	746	0.029583
421	201	-0.0323686
421	596	0.0544378
423	693	0.0291617
423	879	-0.053701
425	708	0.0203402
432	587	0.0113024
432	25	0.0420836
432	48	-0.0235638
432	449	-0.0223799
432	922	0.019301
433	111	-0.0116929
437	578	-0.0266857
437	408	0.0261815
437	552	0.0215656
437	453	0.035908
437	368	0.0153475
441	83	-0.0432648
441	493	-0.05507
441	192	0.0459683
456	532	-0.0267553
456	172	-0.0326137
456	125	0.0409346
456	501	0.0242654
456	114	0.031797
456	784	-0.026245
456	707	0.0324949
456	589	-0.0759705
456	674	-0.0475713
456	206	0.0392991
456	577	0.0291879
456	490	0.0481456
456	733	0.0325645
456	851	0.0606727
456	260	-0.0316968
456	600	0.0694516
456	304	-0.0805986
456	386	0.0650215
456	23	0.0690349
456	936	-0.0252358
456	633	-0.0590384
456	550	-0.021636
459	893	-0.0438168
459	511	-0.0227634
465	688	0.0404063
465	358	0.0316868
465	7	0.0142234
465	296	-0.0147715
465	482	-0.0168354
465	215	0.0546414
468	636	0.0487801
468	360	-0.0211464
468	41	-0.0319052
468	130	-0.029611
469	456	0.0421092
469	532	-0.02885
469	172	0.0281438
469	125	0.0373371
469	501	-0.0322265
469	778	-0.0257844
469	560	0.0810906
469	166	-0.0328443
469	840	0.0301182
469	784	-0.0345131
469	957	0.090584
469	674	-0.037463
469	468	-0.0414341
469	785	0.0307784
469	206	0.0425172
469	341	0.0453081
469	316	0.0289503
469	816	-0.0383277
469	891	-0.0599141
469	679	0.0461009
469	106	0.0368603
469	81	0.0518088
469	336	0.0185794
469	4	0.0318084
469	773	0.0485209
469	835	0.0369666
472	9	-0.0716614
473	697	0.0140551
474	493	0.0180305
474	392	0.035256
474	473	-0.0224993
475	632	-0.0179228
475	346	-0.0491868
476	114	-0.0283252
476	906	0.0632172
476	840	-0.0579295
476	211	-0.0458618
476	627	-0.0555814
476	673	0.0311598
476	341	-0.0498126
476	407	-0.0386266
476	260	-0.063335
476	360	0.0469501
476	534	0.0237461
476	148	-0.0417014
476	924	0.0722348
476	23	-0.0420828
476	955	0.0707589
476	253	-0.0435062
476	121	-0.0337607
476	44	0.0179531
476	721	0.0798716
476	115	0.0390725
476	511	-0.0295373
476	817	-0.0293833
476	282	-0.0314551
476	265	-0.0721217
476	781	0.0283284
478	316	-0.0287908
478	851	-0.00964156
478	64	-0.0304295
478	272	-0.0283279
480	341	-0.0906024
480	254	-0.0175525
480	604	0.0391069
484	131	-0.0191702
484	609	-0.0171979
487	362	0.0152815
487	355	-0.02149
487	497	-0.0307015
487	756	0.0402811
487	643	0.0291415
487	925	0.035905
490	243	-0.0384675
490	817	0.0458897
492	840	-0.0403428
492	707	-0.0269366
492	498	-0.0396521
492	785	0.0431689
492	636	0.0207146
492	530	0.024051
492	632	0.0232382
492	253	0.0381821
492	446	0.0198279
492	913	0.02416
492	863	0.041003
492	302	0.0330272
494	937	0.0478591
494	669	-0.0148599
495	260	0.0316586
495	459	0.0313802
497	3	-0.0227896
498	156	-0.0417871
498	733	-0.0165562
498	605	-0.0408869
499	922	0.0345896
501	906	-0.0319668
501	166	-0.0228961
501	193	-0.071791
501	577	0.024491
501	490	0.0297626
501	179	-0.0198618
501	341	0.0444411
501	318	0.0368663
501	766	0.0466978
501	734	0.0163548
507	55	-0.0164209
513	358	-0.0473181
517	248	-0.0202936
529	764	0.0202137
530	23	0.0625596
530	864	-0.0691424
532	172	0.0427374
532	125	-0.0706291
532	784	0.0556279
532	498	0.0624055
532	468	-0.0199481
532	577	0.0214915
532	179	-0.031157
532	374	-0.0368712
532	361	0.0344506
532	495	-0.0295686
532	148	0.0360914
532	23	0.0449799
532	545	-0.0305468
532	842	-0.0266244
532	121	0.0186046
532	359	0.027973
532	773	0.0405329
532	557	0.0240133
532	259	-0.0412336
532	849	0.0799545
532	63	-0.0409774
534	42	0.073537
535	501	0.0283821
535	536	0.0427529
535	778	0.0127916
535	840	0.0533067
535	957	0.0318255
535	589	0.0554927
535	480	-0.0176351
535	577	0.028496
535	733	0.0296099
535	478	-0.0502543
535	179	-0.0431216
535	316	0.0163611
535	19	0.0451391
535	279	0.0288515
535	924	0.0442974
535	394	-0.0184133
535	955	-0.057029
535	739	0.0382974
535	615	0.0652443
535	599	-0.056477
535	377	0.06018
535	170	-0.0416376
535	584	0.0247528
535	760	-0.048905
535	302	-0.00520942
535	655	-0.0338475
535	265	-0.0177722
536	957	0.0342636
536	707	-0.027946
536	741	-0.0256979
536	831	0.0316175
536	530	0.0258118
536	23	0.104601
536	81	0.0438241
536	336	0.0300005
536	921	0.042631
539	421	-0.0262748
539	221	-0.0539907
539	592	-0.024232
539	418	0.0184571
539	285	-0.019058
539	829	0.0134069
544	683	0.0183988
544	339	0.0276086
544	177	-0.0324225
544	24	0.0190411
544	278	0.0338839
544	777	-0.0282852
544	3	-0.0367369
545	371	0.0524114
545	85	-0.0910762
545	332	0.0254992
547	735	0.0502825
547	623	-0.0386198
548	472	0.0374282
548	278	-0.0304584
551	160	0.0411112
551	752	0.0388574
551	311	0.0311669
551	638	0.0095184
551	700	-0.0463075
551	161	-0.02158
551	879	0.0215531
551	38	0.0144594
551	909	0.0173123
552	868	0.048792
555	186	0.0345373
560	840	-0.0784427
560	816	-0.0458941
560	407	-0.0381609
560	19	0.0983798
560	600	-0.0477795
560	84	-0.0742887
566	872	-0.00868413
566	885	-0.0308824
566	700	0.0311134
566	328	-0.0353735
566	666	-0.0190181
566	71	0.0514849
566	592	-0.0420357
568	124	-0.0547032
568	737	0.0172236
568	140	-0.0357975
568	14	-0.00946939
568	275	0.0559231
568	641	0.0261261
568	12	-0.0378201
568	664	-0.0639127
568	865	0.0108235
568	828	-0.0210368
568	191	-0.0403176
568	160	0.0383077
568	421	0.0344397
568	214	-0.0337899
568	474	0.0187381
568	683	0.0319686
568	610	-0.0246806
568	960	0.0116611
568	547	0.0136075
568	83	0.0068979
568	555	0.0319678
568	229	0.0225812
568	376	0.0337403
568	529	-0.0148122
568	201	-0.0239113
568	425	0.0474613
568	649	-0.0119176
568	874	0.0258544
568	119	-0.0300347
568	455	-0.00890725
568	580	-0.0224072
568	0	0.0270424
568	62	-0.0466039
568	546	0.0115908
568	907	-0.0295803
568	466	-0.0429626
568	620	-0.0318677
577	842	-0.0390554
577	64	-0.0405219
578	813	0.0191859
579	590	-0.0268787
585	185	-0.0132947
585	345	0.023686
585	102	-0.0513114
585	752	0.00996277
585	441	0.0253903
585	578	0.0145776
585	251	-0.0343729
585	770	0.0352311
585	229	0.0303687
585	688	0.0381786
585	393	-0.0108296
585	931	-0.0133605
585	31	0.00840555
585	717	-0.0318499
585	693	-0.0565412
585	290	0.0393541
585	537	-0.0491433
585	65	0.047232
585	232	0.0205161
586	679	0.0364603
586	591	-0.0611539
586	864	0.0349472
587	942	-0.0316708
587	868	-0.0107501
587	357	-0.0152462
589	183	0.0451747
589	304	-0.0372517
589	766	-0.0218455
589	377	-0.0421945
597	81	-0.047178
597	892	0.0115852
597	446	0.0665006
598	385	0.0228048
598	455	0.054967
598	223	0.0261241
600	964	-0.0536896
608	843	0.0229306
610	700	-0.0432777
610	735	0.0110211
610	296	-0.0259321
610	460	0.0504896
627	597	-0.0175219
627	243	0.0231418
627	301	0.0374929
627	655	0.0323574
632	751	0.0325657
636	254	0.0209452
636	446	-0.0465389
636	268	-0.0694363
636	541	0.0174406
638	229	0.0199068
640	465	0.0618624
640	29	0.0329442
640	664	-0.0334426
640	865	0.0377734
640	105	-0.01293
640	836	0.0183494
640	118	-0.0185698
640	434	0.0262604
640	375	-0.0502571
640	290	-0.0119174
640	440	-0.0237486
641	465	0.0871847
641	29	0.0547148
641	792	-0.0384975
641	313	0.0374746
641	487	0.0463077
641	256	-0.0112682
641	808	-0.0157897
641	97	0.0385572
641	71	-0.01304
641	850	-0.0329674
641	983	0.0226035
641	918	0.0320485
641	296	-0.029318
645	375	-0.0212514
661	411	-0.0329909
661	142	-0.0119658
664	370	0.0156713
664	787	-0.0131077
664	212	-0.0503167
664	661	-0.0234892
664	350	-0.0524353
664	52	-0.0242753
664	820	-0.0249096
664	338	0.0275982
666	280	-0.0405362
667	183	-0.0351872
667	963	-0.0326388
667	63	0.0255747
671	769	0.00706636
671	654	0.0324697
673	495	-0.0297666
673	605	-0.0432344
673	130	0.0536044
673	646	-0.0241285
674	193	-0.0459263
674	468	-0.0176159
674	179	-0.030496
679	287	-0.037697
683	770	0.0313204
683	832	-0.0151934
688	592	0.0282315
692	734	0.0122336
693	684	-0.0259508
699	151	0.0358254
700	229	0.0184719
701	477	-0.0270235
705	56	0.0424778
705	568	-0.0283169
705	124	-0.0265439
705	737	-0.0414877
705	140	0.0215601
705	275	-0.0278523
705	314	0.0220805
705	585	0.0211694
705	345	-0.0311546
705	754	0.0301544
705	153	-0.0260472
705	144	-0.0112622
705	465	0.0223038
705	792	0.0513205
705	539	-0.0296905
705	544	0.0314039
705	836	0.0297492
705	18	0.0251782
705	421	-0.0132612
705	872	-0.0148252
705	221	-0.0291102
705	905	-0.0202728
705	993	0.0336243
705	212	0.0380674
705	901	-0.0292162
705	199	-0.0498348
705	547	-0.00901626
705	97	-0.0159862
705	162	0.033947
705	497	0.0255855
705	376	-0.0325278
705	579	-0.0567176
705	813	-0.0315425
705	392	0.039541
705	122	-0.0246409
705	418	-0.0205788
705	711	0.0154046
705	552	-0.0238482
705	956	0.0569175
705	868	0.0311325
705	52	0.0496421
705	866	0.0732545
705	939	0.0335003
705	119	0.0178277
705	195	-0.068214
705	460	0.0261751
705	348	0.0356697
705	537	-0.0353795
705	154	-0.0209615
705	135	-0.0155806
705	264	-0.025013
705	750	0.0132372
707	498	0.0559301
707	183	0.0651422
707	893	-0.0353535
707	599	0.026825
708	47	0.0101552
711	241	-0.023724
715	465	-0.01182
715	362	-0.0176404
715	803	0.0329194
715	328	-0.0293081
715	350	-0.0169091
715	122	-0.0213162
715	143	-0.0163229
715	231	-0.0558474
715	391	-0.0393697
715	61	0.0450296
717	866	0.039387
722	434	-0.0109035
724	349	-0.0327157
730	348	-0.0184069
730	464	-0.0255671
733	213	-0.0212924
733	504	0.0297137
733	962	0.0435114
734	751	0.0245606
735	695	0.0249643
737	239	0.0122515
737	140	-0.0316436
737	275	-0.0401932
737	585	-0.0189448
737	153	0.0286271
737	12	0.0114069
737	539	0.0228715
737	416	-0.0187794
737	102	-0.0114906
737	118	-0.027633
737	182	0.0139215
737	99	0.0150615
737	474	0.0266284
737	787	0.0270207
737	355	-0.0272152
737	885	0.0212514
737	472	0.0302231
737	401	-0.00805392
737	860	0.0272341
737	453	-0.02319
737	623	0.0222511
737	820	0.0319155
737	39	-0.0333313
737	449	-0.0363749
737	402	0.0138255
737	546	0.0231368
737	324	-0.0222023
738	9	0.0117314
738	11	0.00646195
738	52	0.0210166
738	331	-0.0237382
739	66	0.0466998
741	921	-0.0562439
741	53	-0.0307826
741	835	0.0167805
746	493	0.051569
746	528	0.0340994
747	645	-0.0220721
752	730	0.0307436
752	353	0.0253127
752	529	-0.0356716
752	289	-0.0478248
753	319	0.0337854
753	191	0.0273577
753	256	0.0287279
753	99	-0.0459606
753	146	0.0590033
753	798	0.0540157
753	355	0.0327362
753	548	0.0145892
753	6	-0.0403387
753	513	-0.014465
753	671	0.0186579
754	641	-0.0368818
754	465	0.0133856
754	539	-0.0349536
754	551	0.021925
754	981	0.0268034
754	808	0.0406358
754	251	0.0152115
754	735	-0.00973887
754	850	-0.0363408
754	11	-0.018261
754	142	-0.045581
754	192	0.0339531
754	308	-0.0513737
754	814	-0.0387
754	38	0.0480714
754	621	-0.00882486
754	383	-0.0213475
756	482	0.0280959
764	947	0.0220646
768	51	-0.0172709
768	393	-0.0212973
768	9	0.0319109
778	363	0.0237712
778	880	-0.0330632
778	589	-0.023947
778	478	0.0554862
778	394	-0.0503683
778	692	-0.0558544
778	359	0.0424207
778	894	0.0190189
778	599	-0.101886
778	170	-0.053342
784	480	-0.0184823
784	673	-0.0370368
784	996	-0.0399701
784	254	-0.0718119
784	41	0.0227116
784	462	0.0415047
785	156	0.0591037
785	490	-0.0592593
785	667	0.0413125
785	619	-0.0699449
785	554	-0.0223729
787	263	-0.0318751
787	987	-0.0303784
787	812	0.0273196
792	416	-0.0445086
792	911	0.0164073
792	181	-0.0373001
792	956	0.0208881
792	871	0.0261321
792	595	0.0546509
792	506	-0.0234556
796	193	-0.0494481
796	636	-0.0485258
796	530	0.0575248
796	534	0.0545901
796	924	0.0590806
796	861	-0.0347817
796	913	-0.0532349
796	511	0.0330468
796	34	0.0183802
797	675	0.0348587
798	329	-0.0229298
798	162	0.0273602
798	956	0.0213396
803	97	-0.0310649
803	323	-0.0109372
803	743	-0.0192777
807	705	-0.0169137
807	56	-0.020234
807	568	-0.0374129
807	124	-0.0171535
807	737	-0.0364743
807	239	0.0119344
807	140	-0.0189812
807	14	-0.0255259
807	275	-0.0259125
807	314	-0.041279
807	754	0.0334114
807	641	-0.0280452
807	144	0.0449213
807	715	0.0192713
807	753	0.0296447
807	465	-0.030687
807	29	-0.0167587
807	865	0.0241039
807	828	-0.0622638
807	539	-0.0162548
807	105	-0.0266187
807	372	0.0416806
807	129	0.0111877
807	872	0.0310927
807	803	-0.00996072
807	787	0.047015
807	212	-0.0369187
807	355	0.0270166
807	408	-0.0240412
807	547	0.0229552
807	83	-0.0213993
807	598	0.0249771
807	329	0.047181
807	181	-0.0237684
807	173	-0.0197392
807	71	0.0554431
807	358	0.0274769
807	235	0.0339925
807	882	-0.0153282
807	579	-0.0165853
807	31	-0.0223566
807	246	0.0516831
807	983	-0.0526686
807	528	0.0218438
807	131	-0.0256778
807	192	-0.0350924
807	308	-0.0287637
807	177	0.0242034
807	868	0.0408393
807	617	0.0353944
807	165	0.0284718
807	623	-0.0223201
807	718	-0.0304412
807	195	-0.0214866
807	37	0.0364808
807	354	0.0450961
807	168	-0.0316602
807	769	0.0244495
807	440	0.0101965
807	889	0.0237053
808	214	0.0142696
808	263	0.0243586
808	756	0.0297638
808	552	0.0128702
808	426	0.0276652
816	891	-0.0271222
820	267	-0.0171595
821	443	-0.0258693
828	928	-0.0312246
828	378	0.0316318
828	937	-0.0220175
828	358	0.0454773
828	473	-0.0272492
828	348	0.034669
828	331	0.0258919
828	524	0.0399505
831	932	0.0408273
831	475	-0.0218355
834	874	-0.0148035
836	372	0.0233698
836	182	-0.0419575
836	129	0.0100181
836	94	-0.0167083
836	30	-0.0173124
836	40	-0.0488422
836	419	-0.0226861
840	193	0.0319851
840	480	-0.0598366
840	490	0.0310279
840	941	-0.0301398
842	42	0.0824881
850	55	-0.0486284
851	301	0.0246549
861	409	-0.0341369
863	849	-0.0520479
865	886	0.0312128
865	901	0.0578504
865	925	0.0204503
865	782	0.0127686
865	245	-0.0324241
865	520	-0.0187252
872	437	0.033506
872	578	0.0128162
872	236	-0.0376128
880	741	0.0246121
880	667	-0.0684867
880	851	-0.0407948
880	534	-0.0511713
880	213	0.0534541
880	41	0.0245695
880	517	0.0601646
885	235	0.0740585
885	717	0.0253632
886	326	-0.0369459
886	173	0.0305237
886	55	0.036124
886	187	-0.0450562
891	64	0.0341383
891	760	0.061709
893	758	-0.0635166
893	243	-0.0686301
893	85	-0.0215572
900	161	-0.0140998
900	821	-0.0349005
900	649	0.0467543
901	578	-0.0449766
901	555	-0.0441134
905	638	0.011771
905	226	0.022825
905	192	-0.0388877
905	883	-0.0300931
906	796	-0.0428124
906	560	0.0369662
906	498	0.0253719
906	480	-0.0270571
906	667	-0.0313985
906	459	-0.0660968
906	955	0.0211938
906	758	0.0596183
906	773	-0.0398343
906	797	-0.0567287
906	282	0.0534664
906	340	0.0262384
911	886	0.0226113
911	798	-0.011484
911	813	0.0312551
911	800	0.023834
911	138	-0.0152119
916	357	0.0377761
918	278	0.012138
924	196	0.0393464
928	105	-0.0309359
928	683	-0.0350455
928	441	0.036351
928	97	0.0336764
928	494	0.0199515
928	15	0.0408464
928	938	0.00713224
928	854	0.0275282
928	533	0.0218053
931	411	-0.0408552
931	528	0.00823962
932	481	-0.0467324
937	506	0.040918
939	825	0.0219854
950	501	0.0372121
950	536	0.0475584
950	560	-0.037974
950	784	-0.0720406
950	674	0.0410827
950	193	0.0552966
950	206	0.0292945
950	831	0.0126324
950	179	-0.0828236
950	407	-0.0190404
950	260	0.023482
950	196	0.0507123
950	359	-0.0672185
950	721	0.050962
950	978	-0.0754048
951	535	-0.0508964
951	469	0.0628614
951	476	-0.0393878
951	456	-0.0186852
951	532	0.0407192
951	172	0.038704
951	125	-0.0355101
951	950	-0.0393864
951	501	0.0469304
951	114	-0.0241276
951	796	0.0430887
951	560	-0.040651
951	840	0.0298749
951	707	0.0146969
951	589	0.0234739
951	674	-0.0251393
951	785	-0.0485587
951	211	-0.039687
951	206	0.0674485
951	831	0.0257621
951	316	-0.0234228
951	851	0.0341846
951	495	-0.0519263
951	260	-0.0296965
951	360	-0.0467031
951	279	-0.0349163
951	597	-0.0319487
951	273	0.114535
951	586	0.068842
951	106	0.0341232
951	692	0.029575
951	317	-0.0257548
951	44	0.0419729
951	861	0.0279206
951	936	0.0459276
951	913	0.0499643
951	115	0.0362317
951	517	0.0638174
951	863	0.0221309
951	409	-0.0200851
951	724	-0.0318089
951	930	-0.0147553
951	554	-0.0284758
951	575	-0.0537539
951	652	-0.0445136
956	119	-0.0228624
957	589	-0.0305936
957	468	-0.0491156
957	955	0.05573
957	615	0.0311454
957	248	-0.0391086
960	513	0.02548
960	746	-0.0334097
960	31	-0.0395289
980	12	-0.0461945
980	29	-0.0358891
980	487	-0.037482
980	102	-0.0378875
980	182	-0.0606502
980	808	0.0265902
980	752	-0.0477023
980	214	-0.040373
980	55	0.0177897
980	177	0.0303123
980	223	-0.0483035
980	354	0.0284452
980	483	0.0135152
981	129	0.0167002
981	474	-0.0301096
981	730	0.0188789
981	643	-0.028304
981	460	0.0195182
981	608	-0.0223179
981	647	-0.0221603
981	883	0.0329118
993	638	0.0427249
993	83	-0.0229077
993	947	0.0307919
993	846	-0.0184595
993	309	0.0507484
996	534	-0.0283386
996	504	0.0176508
