400
200
400
1000
500
3
0.333333	0.666667	
0	2	0.000512625	0.0419213	0.0328488
1	2	0.000786895	0.121701	0.0169296
2	2	0.00281296	0.0415219	0.0239137
3	1	0.0031572	0.0446675	0.0194264
4	0	0.00365886	-0.00532544	0.00626744
5	0	0.00386425	0.0469688	0.0802654
6	1	0.00654776	-0.0295019	0.085578
7	0	0.00971574	0.0542876	0.00508288
8	2	0.0106977	-0.00841336	0.0975422
9	0	0.0115687	0.0488025	0.00559903
10	2	0.0124008	-0.0833724	0.015412
11	2	0.0151255	-0.0533294	0.00594453
12	1	0.0158027	0.0684538	0.0136396
13	2	0.0164778	0.0416189	0.0699865
14	0	0.0170373	0.0168149	0.0410803
15	2	0.0185744	0.0283481	0.0433418
16	1	0.0208288	-0.0728768	0.1129
17	2	0.0217135	0.0659446	0.0231749
18	2	0.0229094	0.0143848	0.0561211
19	2	0.0232134	0.0557871	0.0640026
20	1	0.0234875	0.00625888	0.0214191
21	0	0.0241313	0.0236508	0.0787227
22	2	0.0251845	0.0176795	0.0275976
23	2	0.0259054	-0.0338439	0.0448046
24	2	0.025921	0.0962834	0.0103275
25	2	0.0266145	-0.0715923	0.0172382
26	2	0.0267991	0.0413662	0.0656024
27	1	0.0290818	-0.0156672	0.041801
28	1	0.029306	-0.0749903	0.0320867
29	0	0.0295689	-0.0291987	0.059918
30	0	0.0297144	0.0114237	0.0257248
31	0	0.0312416	0.0113168	0.0834976
32	2	0.0318116	0.0150244	0.119418
33	2	0.0322182	0.0501518	0.00749669
34	2	0.0322558	0.0161212	0.0413074
35	2	0.0324113	0.015785	0.0640875
36	2	0.0337665	0.0612803	0.0535986
37	2	0.036235	-0.0516925	0.0228696
38	0	0.0372555	0.0388222	0.0372919
39	1	0.0374404	0.0878305	0.0652574
40	0	0.0383058	-0.051241	0.0209107
41	2	0.0383383	-0.0297313	0.00403719
42	0	0.0388965	-0.028584	0.0310237
43	0	0.0401855	0.0226269	0.0676577
44	0	0.0411554	-0.0256899	0.0745316
45	2	0.0421191	-0.0121336	0.0253545
46	2	0.0426399	0.0167206	0.0502024
47	1	0.0448911	0.0739825	0.0726057
48	2	0.0458534	-0.0549061	0.00382145
49	0	0.0467775	0.0969811	0.0549799
50	0	0.0469666	-0.0610682	0.0452844
51	0	0.0478575	0.0448525	0.0158095
52	1	0.0492192	0.0620829	0.0872499
53	0	0.0497885	0.019551	0.0175944
54	0	0.0508032	0.040399	0.0876032
55	1	0.0510264	0.00327127	0.0221023
56	0	0.0513543	0.0136411	0.0189994
57	2	0.0521512	-0.0327675	0.0419663
58	2	0.0531956	0.0459358	0.0544954
59	1	0.0535675	-0.0348118	0.056486
60	1	0.0546126	-0.0570283	0.0219128
61	2	0.0548805	-0.0197245	0.0152569
62	2	0.0563897	-0.0507849	0.0677667
63	2	0.0575842	-0.0737117	0.00603981
64	1	0.0589161	-0.0284688	0.0849521
65	0	0.0611351	-0.0231765	0.00222732
66	0	0.0649414	0.0111946	0.0043772
67	0	0.0665029	-0.0401801	0.0365063
68	0	0.0666902	-0.0151106	0.0484266
69	2	0.0688572	-0.0051279	0.0286766
70	2	0.0702547	0.0387087	0.0325098
71	0	0.070295	0.0523848	0.0109226
72	1	0.0706896	-0.0142325	0.0812652
73	2	0.0714978	-0.0288479	0.0545213
74	0	0.0725101	-0.0137647	0.0253987
75	2	0.0730978	0.0185683	0.00646028
76	2	0.0733355	0.016092	0.0460376
77	0	0.0733575	-0.0240227	0.0100098
78	2	0.0746689	0.0428413	0.0181571
79	0	0.0752891	-0.0196611	0.0341133
80	2	0.0762535	0.0523336	0.0614139
81	0	0.0772506	-0.00887925	0.0196151
82	0	0.0787512	0.0438765	0.0640837
83	0	0.0790743	-0.0530607	0.0512771
84	2	0.0798264	-0.0257174	0.0818156
85	1	0.0810448	0.0227976	0.0497174
86	0	0.0810528	-0.0498876	0.0472672
87	2	0.0820322	0.0579942	0.00957264
88	2	0.0834022	-0.00334514	0.0836656
89	0	0.0839782	-0.0199681	0.096013
90	2	0.0868673	0.0206169	0.0241118
91	0	0.087613	0.0229879	0.0681849
92	2	0.0899744	-0.00677329	0.0622449
93	0	0.0900509	0.0383193	0.0241277
94	0	0.0901814	0.0270604	0.0178464
95	2	0.0910698	0.0285518	0.00642212
96	2	0.0920037	0.0203748	0.0735469
97	0	0.0924925	-0.0760519	0.0799828
98	0	0.093552	0.0410112	0.0680446
99	0	0.0936877	-0.0453175	0.0238187
100	0	0.0940888	-0.0533865	0.0941273
101	1	0.094155	-0.0372945	0.0697691
102	0	0.0951807	0.00218333	0.0400474
103	2	0.096032	0.0153008	0.0266331
104	0	0.0966412	-0.012192	0.137908
105	2	0.0973856	0.0291241	0.0141442
106	1	0.0977003	0.100831	0.128137
107	0	0.0984017	-0.0744339	0.0649769
108	0	0.0986401	-0.0394125	0.00576785
109	2	0.0986434	-0.0233239	0.0437228
110	0	0.102354	-0.0303028	0.00345448
111	1	0.103457	-0.0178846	0.053786
112	0	0.103911	-0.0700674	0.0467636
113	2	0.105484	0.0536887	0.00832651
114	0	0.108938	-0.00601323	0.0472421
115	2	0.110396	-0.0477073	0.00627801
116	0	0.11131	-0.0123014	0.0428161
117	2	0.112034	0.0227723	0.0686068
118	1	0.112036	0.0310523	0.0214783
119	0	0.114076	-0.0194684	0.00843877
120	0	0.114331	-0.0472328	0.0398679
121	0	0.116639	-0.0187679	0.0243261
122	0	0.117924	-0.0835393	0.072039
123	2	0.118804	0.0423161	0.0285527
124	0	0.119069	-0.046247	0.0918922
125	1	0.119295	0.0459351	0.0841281
126	2	0.120025	0.0162252	0.0579434
127	0	0.121104	0.0190347	0.0357937
128	0	0.1222	-0.0218545	0.00533676
129	2	0.122877	-0.0162924	0.0634546
130	2	0.123397	-0.0526845	0.0869407
131	0	0.123797	-0.00579724	0.101846
132	1	0.124022	0.112268	0.0769345
133	0	0.124335	0.0255237	0.0105332
134	0	0.12447	0.172434	0.0640827
135	2	0.127192	-0.0464215	0.054466
136	2	0.127515	-0.0118542	0.0228521
137	0	0.128091	-0.0325553	0.000822271
138	2	0.128872	-0.0101168	0.0429836
139	0	0.129435	0.026331	0.046206
140	2	0.131585	-0.0272749	0.017876
141	2	0.132356	0.0787056	0.0659519
142	0	0.132829	-0.0509161	0.0276869
143	0	0.133595	0.014976	0.0300649
144	1	0.134163	-0.0220504	0.0436008
145	2	0.134668	-0.00763907	0.0751623
146	0	0.134733	-0.0358904	0.0512915
147	2	0.135224	-0.00832927	0.0356098
148	2	0.136874	0.0434113	0.0537119
149	0	0.138822	-0.00262425	0.0846498
150	0	0.139971	-0.0438978	0.0194118
151	0	0.141719	-0.00735495	0.05423
152	1	0.141855	0.0254919	0.0533208
153	2	0.142636	-0.0845379	0.0296954
154	0	0.142845	0.0206135	0.0109392
155	1	0.143914	0.0334791	0.0329888
156	2	0.144763	-0.0653587	0.00686507
157	0	0.144984	-0.028885	0.0413849
158	2	0.145683	-0.0136506	0.0957348
159	0	0.147665	-0.0478069	0.0440233
160	1	0.148135	0.00984148	0.108576
161	1	0.148559	-0.054408	0.0036941
162	2	0.149377	-0.0209598	0.0597918
163	0	0.150812	0.00711522	0.0366826
164	1	0.152452	0.0604585	0.122019
165	1	0.15351	0.0659892	0.0291417
166	1	0.153543	-0.0188369	0.221198
167	1	0.153764	-0.0308062	0.0895496
168	1	0.154278	0.0386781	0.0153963
169	2	0.155283	-0.0646449	0.0845449
170	0	0.155448	0.0280682	0.0382788
171	0	0.155809	-0.00535541	0.0322255
172	2	0.157386	-0.0790512	0.00938281
173	0	0.159883	0.0257077	0.0821188
174	0	0.159919	-0.0743942	0.051125
175	2	0.160002	0.0253191	0.0545577
176	0	0.161593	0.0224178	0.0199463
177	0	0.16166	-0.0355648	0.0145325
178	2	0.161721	0.0281233	0.00343149
179	0	0.161894	-0.0560833	0.0362121
180	0	0.163167	0.0140912	0.00731379
181	1	0.163592	0.0492976	0.0505048
182	2	0.16428	0.10338	0.0845018
183	2	0.164655	0.00426468	0.0112722
184	1	0.165107	0.029766	0.0249105
185	1	0.165209	0.0367394	0.00372383
186	1	0.16525	-0.0338159	0.0637184
187	2	0.165274	-0.0695082	0.0834037
188	2	0.165593	-0.0215528	0.0159031
189	2	0.167081	0.0289154	0.0253965
190	0	0.168127	0.0665639	0.0119606
191	0	0.168501	0.0154745	8.66569e-05
192	2	0.169191	-0.0304137	0.00557946
193	0	0.169455	-0.0299661	0.0456781
194	0	0.169516	-0.053884	0.0823634
195	2	0.169603	0.0373959	0.205199
196	2	0.170166	0.0138036	0.0394303
197	2	0.170535	-0.115317	0.0662314
198	0	0.17214	-0.0160236	0.0137934
199	0	0.172615	0.011169	0.0196013
200	2	0.172818	0.113493	0.0248131
201	2	0.17308	0.0205897	0.0425561
202	0	0.173395	0.019775	0.0319456
203	0	0.174615	0.107594	0.0408329
204	2	0.176261	-0.0306697	0.050452
205	1	0.17841	0.0414006	0.0412172
206	2	0.182648	0.0105457	0.0174937
207	1	0.183366	-0.00578741	0.0540021
208	0	0.183745	0.0208186	0.0206311
209	0	0.183975	0.0434713	0.0395224
210	2	0.184287	0.0361701	0.0629915
211	2	0.184815	0.0270073	0.0135242
212	1	0.186281	-0.0329845	0.00747321
213	2	0.186287	0.048267	0.0409279
214	2	0.186432	0.030852	0.0409656
215	0	0.187167	-0.0106411	0.0143668
216	2	0.1873	-0.0455047	0.0415403
217	0	0.187424	-0.0573289	0.00682123
218	0	0.18916	0.0837752	0.039086
219	2	0.190337	0.0682177	0.010074
220	2	0.19041	-0.0661043	0.0756756
221	2	0.194255	0.0232217	0.0268287
222	0	0.194503	0.0134393	0.0044136
223	0	0.195785	-0.00336754	0.00541017
224	2	0.196669	-0.0342986	0.0106058
225	0	0.19699	-0.0754439	0.0994558
226	0	0.197073	0.0409751	0.059054
227	0	0.197499	0.0612012	0.127927
228	0	0.198772	-0.026197	0.0313873
229	2	0.200245	0.0413419	0.0451244
230	0	0.200378	-0.029051	0.0399993
231	0	0.200501	0.00744285	0.000321472
232	1	0.20114	-0.0788791	0.0265567
233	2	0.201519	0.0375264	0.0163708
234	2	0.20157	0.0230349	0.0365836
235	0	0.203005	0.0235557	0.0156631
236	1	0.203225	0.12443	0.0320652
237	2	0.203705	-0.0537391	0.0171202
238	1	0.20488	-0.18846	0.00290114
239	0	0.205055	0.0264203	0.00667412
240	2	0.205483	0.0354631	0.00627811
241	1	0.20698	0.0709237	0.0197839
242	1	0.207846	0.00688922	0.0229879
243	2	0.21333	0.0356852	0.043452
244	0	0.214156	-0.0380135	0.062106
245	2	0.214442	-0.0367913	0.00298796
246	0	0.215041	-0.082298	0.0299971
247	0	0.215208	0.00720207	0.0427306
248	1	0.216157	0.0146217	0.114507
249	0	0.216176	-0.0213906	0.049411
250	2	0.219968	0.02934	0.0202055
251	1	0.22033	-0.153788	0.0620626
252	1	0.224801	-0.0257713	0.0239179
253	0	0.225662	-0.0559176	0.0186951
254	2	0.226264	0.0214719	0.00897678
255	2	0.22655	-0.0483844	0.0277614
256	0	0.22671	-0.0174145	0.0118461
257	2	0.227068	-0.0568843	0.016192
258	1	0.228171	-0.0536572	0.0626176
259	1	0.229421	0.0841214	0.0293044
260	1	0.229977	-0.0700266	0.0157174
261	2	0.230724	0.0138107	0.0445827
262	2	0.230805	0.0323876	0.0165583
263	0	0.231593	0.0610253	0.0339013
264	1	0.232612	-0.00514487	0.0440839
265	2	0.232669	-0.00547281	0.0225544
266	1	0.23693	0.0248724	0.0425647
267	2	0.23837	-0.03053	0.00930777
268	0	0.239474	0.0323439	0.0570667
269	0	0.240437	0.042133	0.0329457
270	2	0.241336	-0.0593204	0.078707
271	0	0.244222	-0.0251236	0.00528269
272	2	0.2448	0.098347	0.021827
273	1	0.24587	-0.0807365	0.112099
274	0	0.246845	-0.0108524	0.056897
275	2	0.249502	0.0635436	0.0329983
276	2	0.251501	0.00659286	0.0328647
277	2	0.253084	-0.0242268	0.0297322
278	0	0.25422	-0.0501398	0.0513928
279	0	0.259319	0.0381729	0.0198635
280	2	0.261409	-0.0729221	0.0220297
281	2	0.2615	-0.043602	0.000607311
282	1	0.261766	-0.0941718	0.0457191
283	0	0.263148	0.0557545	0.00472861
284	2	0.2634	-0.0704874	0.0724019
285	2	0.266828	0.0125242	0.0352962
286	0	0.268679	0.0287545	0.0539027
287	0	0.269946	0.0289998	0.00640389
288	2	0.269973	0.00857474	0.00819035
289	1	0.270299	-0.0414021	0.0153143
290	0	0.270717	0.0270141	0.0560612
291	2	0.270727	-0.0881893	0.0276454
292	0	0.273399	0.084067	0.0104927
293	0	0.274956	0.112757	0.0635455
294	2	0.275625	-0.0433129	0.0563276
295	1	0.276287	-0.0116023	0.0869354
296	1	0.276325	-0.0359538	0.0366999
297	0	0.277757	0.0150771	0.0138986
298	1	0.279529	0.0871383	0.00821853
299	2	0.281088	-0.0567395	0.0219766
300	0	0.281237	0.0539985	0.0701877
301	2	0.281385	-0.0165999	0.0510364
302	0	0.281651	0.0207948	0.0492224
303	2	0.282317	-0.0910113	0.0181082
304	0	0.284169	-0.0287744	0.0774994
305	0	0.284429	-0.0752995	0.0560428
306	2	0.286055	-0.0321714	0.0333926
307	2	0.287696	0.0182145	0.0758707
308	0	0.28845	-0.0140683	0.0202255
309	2	0.288477	-0.0326553	0.018254
310	0	0.28873	-0.0212522	0.144633
311	0	0.289524	0.0179798	0.0197527
312	2	0.289921	0.0658909	0.022355
313	0	0.291451	-0.00676862	0.0693885
314	2	0.293268	0.0439035	0.0343668
315	2	0.293593	0.0219758	0.0195338
316	0	0.297236	0.0686652	0.031618
317	1	0.297895	-0.0145176	0.0794238
318	1	0.29829	-0.0235635	0.105751
319	2	0.298342	0.0571536	0.00525932
320	2	0.299101	0.0224331	0.0484122
321	2	0.29977	-0.0071676	0.0138876
322	1	0.301086	0.0490278	0.120535
323	2	0.301287	0.0360955	0.0944958
324	0	0.301472	-0.0225205	0.127498
325	0	0.30206	-0.0241585	0.0278913
326	0	0.302465	0.047569	0.0288486
327	0	0.302828	-0.0413711	0.0131969
328	1	0.303941	0.0412836	0.00383092
329	2	0.304233	0.0371018	0.0116438
330	1	0.307469	-0.0156298	0.0211135
331	0	0.307648	-0.0399482	0.0160264
332	1	0.307649	0.090787	0.00824133
333	2	0.307831	0.0343881	0.117563
334	0	0.308021	0.0597092	0.124836
335	0	0.309468	-0.0870023	0.0303086
336	0	0.309973	0.0119165	0.0679911
337	2	0.314169	0.0131064	0.0554346
338	2	0.315295	-0.0101487	0.0296602
339	0	0.317902	0.00540247	0.0103018
340	2	0.318255	0.0610129	0.0479334
341	1	0.31911	0.0779691	0.0931041
342	1	0.320088	-0.037794	0.0690201
343	1	0.321808	0.0584305	0.0127105
344	2	0.323526	-0.0166514	0.0265753
345	2	0.326931	-0.0374213	0.0633044
346	2	0.328077	-0.00942496	0.00847644
347	0	0.328705	-0.0272088	0.00726533
348	2	0.329245	-0.0305283	0.101388
349	0	0.33075	0.018401	0.0128536
350	2	0.333226	0.0453354	0.0999255
351	2	0.334021	-0.0133413	0.00154123
352	1	0.335744	-0.0384347	0.0104278
353	0	0.336615	-0.0337896	0.0477122
354	1	0.336931	-0.188711	0.0452291
355	2	0.337128	-0.0235983	0.0195565
356	2	0.338853	0.0245608	0.120868
357	2	0.339314	-0.00349169	0.0167389
358	0	0.340302	0.0731941	0.00914325
359	0	0.340622	0.0601717	0.013138
360	2	0.341115	0.0217685	0.000238041
361	0	0.341464	0.00898465	0.000689149
362	2	0.3426	-0.0730723	0.0675814
363	0	0.342709	-0.0326512	0.00520386
364	2	0.34319	-0.0582323	0.0672118
365	1	0.343788	0.0628185	0.131489
366	2	0.344124	0.0349617	0.00615793
367	1	0.344946	-0.0270918	0.00628043
368	1	0.346903	-0.000277673	0.123714
369	1	0.347164	0.0719829	0.0957967
370	2	0.348366	-0.0117798	0.0718992
371	2	0.349444	-0.0421582	0.120571
372	0	0.353568	-0.0275151	0.0369608
373	2	0.355248	-0.0255213	0.00292566
374	1	0.356681	0.00158743	0.00185145
375	2	0.357605	-0.045487	0.00815434
376	0	0.358371	0.132267	0.0293566
377	1	0.358953	0.012224	0.144408
378	1	0.361477	-0.0300475	0.042007
379	0	0.364292	0.024957	0.088162
380	0	0.364846	0.0517145	0.00239481
381	0	0.365549	0.00157306	0.00380774
382	2	0.365855	0.011473	0.0387173
383	1	0.366276	-0.159705	0.0960544
384	1	0.366643	0.0864518	0.0099146
385	0	0.36799	-0.0152365	0.0131715
386	1	0.368835	-0.118652	0.0282855
387	0	0.370148	0.0312885	0.0196907
388	2	0.370377	-0.02644	0.0117832
389	0	0.371826	-0.0814083	0.0508485
390	1	0.372354	-0.0186243	0.0387172
391	0	0.372798	0.0216326	0.0088981
392	0	0.373001	-0.0376292	0.0180471
393	0	0.373219	0.0123881	0.0202251
394	1	0.374292	0.0622282	0.0402134
395	2	0.374347	0.0447821	0.0304953
396	0	0.374385	-0.0266702	0.0435679
397	0	0.37501	0.054294	0.0308734
398	2	0.376103	0.029928	0.0298998
399	2	0.380746	0.000796759	0.0455612
400	2	0.382416	0.0303313	0.0572623
401	1	0.387313	-0.0402883	0.064446
402	2	0.388112	0.0430447	0.0191606
403	0	0.388312	-0.043826	0.027594
404	2	0.38875	-0.0195398	0.023024
405	0	0.390463	0.0239544	0.130397
406	0	0.39301	0.0841079	0.0417638
407	2	0.39455	0.0425061	0.0673415
408	2	0.394625	0.0270651	0.034332
409	2	0.394683	0.00760067	0.032553
410	0	0.394843	-0.0324319	0.0176998
411	0	0.398031	0.0633475	0.0873446
412	0	0.39963	0.0785607	0.0705363
413	1	0.399902	-0.0262187	0.0634521
414	2	0.402838	0.0691684	0.060889
415	0	0.403804	0.0107775	0.0477408
416	2	0.403807	-0.021684	0.00904394
417	0	0.404504	0.03262	0.00863504
418	2	0.405099	-0.112063	0.0619815
419	0	0.406669	0.0334048	0.0601661
420	0	0.406722	-0.00681766	0.0245593
421	0	0.408525	-0.0305448	0.0361603
422	2	0.409502	0.04741	0.0786942
423	2	0.40985	0.0472363	0.0585111
424	0	0.411106	0.0803521	0.0513502
425	0	0.411856	0.0929109	0.0129525
426	1	0.412199	0.0839392	0.0119751
427	0	0.412445	-0.0401798	0.0635028
428	2	0.413757	0.0513407	0.0492727
429	0	0.413834	0.00924555	0.143129
430	1	0.414362	-0.00667347	0.153222
431	0	0.415975	-0.0665156	0.0465947
432	2	0.416979	0.0119603	0.0175958
433	0	0.418177	-0.0628168	0.00946488
434	2	0.418861	0.142757	0.00847758
435	0	0.419302	0.00719619	0.00752261
436	2	0.419435	-0.0105555	0.0152732
437	2	0.421883	-0.0162828	0.0462943
438	0	0.42392	0.0381951	0.0190725
439	2	0.426251	-0.03521	0.00443969
440	2	0.427868	-0.0201133	0.0402992
441	2	0.428565	0.00930211	0.0325288
442	1	0.429681	0.0192462	0.0510369
443	0	0.433043	-0.0198799	0.102571
444	1	0.435283	0.0513798	0.0578502
445	0	0.435322	0.0992154	0.07447
446	2	0.436104	-0.0247103	0.0814756
447	0	0.437289	0.0382855	0.0354272
448	2	0.43828	-0.019066	0.0480549
449	0	0.439244	0.0538608	0.016009
450	0	0.440307	-0.0448181	0.0354765
451	2	0.441119	0.133996	0.0411977
452	0	0.442537	0.0137016	0.0246999
453	0	0.443496	0.0388674	0.0209345
454	2	0.445402	0.0144659	0.0542601
455	0	0.446131	-0.0915642	0.00631191
456	2	0.447426	0.00814328	0.044055
457	0	0.447914	0.0367026	0.102546
458	0	0.448108	-0.0820354	0.126634
459	0	0.448237	0.0141555	0.0158619
460	1	0.449544	-0.18299	0.129169
461	0	0.44982	-0.060827	0.00572543
462	0	0.450273	0.00838775	0.0788444
463	0	0.450981	-0.0271136	0.00907503
464	2	0.45159	-0.0772869	0.0510223
465	1	0.454366	0.0111916	0.0301469
466	2	0.455453	-0.00891086	0.0218112
467	0	0.456088	-0.0363417	0.0303741
468	0	0.456374	-0.0296166	0.0276175
469	1	0.457692	-0.0175566	0.0379921
470	0	0.457949	0.121997	0.00458985
471	2	0.457992	0.0895424	0.0109993
472	0	0.458648	-0.0280939	0.0178258
473	1	0.458989	0.0672062	0.0339901
474	0	0.459381	-0.0313468	0.00962192
475	2	0.459407	-0.0683304	0.0233964
476	0	0.46057	0.0180735	0.0419061
477	2	0.461639	-0.0194423	6.68126e-05
478	2	0.461661	-0.0133041	0.0637528
479	0	0.464349	0.00504411	0.0187718
480	0	0.466586	0.011552	0.0718644
481	2	0.466952	-0.10017	0.0625108
482	2	0.467172	0.0233498	0.0600323
483	2	0.468075	0.0712084	0.0132979
484	1	0.468983	0.0263698	0.0067554
485	0	0.471262	0.0328108	0.00682695
486	0	0.471757	0.0183885	0.0166256
487	0	0.472649	-0.00327484	0.0393869
488	0	0.474474	-0.0542724	0.0338702
489	2	0.475361	-0.013124	0.131556
490	0	0.475608	0.00313795	0.022619
491	1	0.477196	-0.0262798	0.0416467
492	2	0.479872	-0.0398151	0.00852386
493	0	0.48089	0.0306345	0.0366756
494	2	0.481469	-0.0675647	0.00562164
495	2	0.481994	0.0419906	0.000697082
496	0	0.485933	0.127869	0.0942088
497	0	0.486628	0.0294353	0.0194066
498	0	0.486833	-0.115192	0.162172
499	2	0.487039	0.0191112	0.0705426
500	1	0.488213	-0.0493611	0.0101925
501	2	0.489063	0.093518	0.0754094
502	2	0.490188	-0.0421407	0.0393061
503	2	0.491364	-0.0429553	0.00920201
504	2	0.491539	0.0366528	0.0423981
505	2	0.493829	0.0311893	0.0878749
506	2	0.494846	-0.055753	0.063302
507	0	0.496206	0.0120904	0.0281373
508	0	0.498035	-0.0134382	0.0217539
509	0	0.498392	-0.0756842	0.0779166
510	0	0.498618	0.040349	0.0513381
511	2	0.500691	-0.0406895	0.0953032
512	2	0.504801	0.032472	0.0213474
513	1	0.505611	0.0631681	0.0190846
514	2	0.506823	-0.0274335	0.0409445
515	1	0.507476	-0.0896687	0.198679
516	2	0.507734	-0.0245077	0.0105566
517	0	0.510702	-0.0320792	0.00277233
518	2	0.511018	0.0125218	0.0142205
519	2	0.513173	0.065709	0.0337267
520	2	0.515251	0.0166931	0.00747781
521	2	0.515981	0.0156542	0.0417754
522	2	0.516859	-0.00391932	0.0462916
523	2	0.5169	-0.0645044	0.0502234
524	2	0.517866	0.0437401	0.0689295
525	1	0.518996	-0.104836	0.0705845
526	0	0.520166	-0.0372017	0.0760317
527	0	0.520296	-0.0276457	0.0155356
528	2	0.520978	0.00575982	0.0780731
529	0	0.525655	-0.050856	0.0704083
530	2	0.526082	0.0167843	0.0038218
531	1	0.527045	-0.0683517	0.0409411
532	2	0.529146	-0.0251773	0.00480372
533	2	0.53004	0.0182505	0.082501
534	0	0.530613	0.0266843	0.0380568
535	2	0.531667	0.0812938	0.0822444
536	1	0.533179	-0.0548335	0.00984178
537	2	0.533208	0.0177787	0.040553
538	0	0.533917	-0.0167752	0.107504
539	0	0.53443	-0.0192371	0.0647757
540	0	0.534509	0.0517065	0.00746124
541	0	0.535267	-0.0342788	0.0405507
542	0	0.539679	-0.0327676	0.0317896
543	1	0.539713	0.0366291	0.04438
544	0	0.539826	0.0346163	0.0480751
545	2	0.540624	0.0239351	0.142906
546	0	0.541046	0.0123341	0.017217
547	1	0.54198	-0.0456838	0.0234099
548	1	0.542079	0.117341	0.0444194
549	2	0.542632	0.0264843	0.00683035
550	0	0.542636	-0.0227365	0.0853723
551	2	0.542636	0.0344413	0.0770003
552	2	0.543575	-0.0190189	0.053745
553	2	0.543579	0.094326	0.0444654
554	2	0.545913	0.0664521	0.0598784
555	2	0.547295	-0.0364523	0.0361511
556	0	0.547351	-0.10406	0.00645181
557	1	0.548912	0.0485821	0.00186891
558	2	0.550379	0.0446363	0.0558236
559	1	0.551275	0.0119346	0.084112
560	0	0.552167	0.0329368	0.00260157
561	2	0.552765	0.0423579	0.0202303
562	0	0.553785	-0.0304802	0.0220007
563	2	0.553949	-0.0367457	0.0137144
564	2	0.554155	-0.00351074	0.0580347
565	0	0.554868	-0.0117752	0.101199
566	2	0.55525	0.0858451	0.045192
567	1	0.556324	-0.0408497	0.0225072
568	0	0.556727	0.0694847	0.0110096
569	2	0.557716	0.0284473	0.0867293
570	1	0.558759	0.0755791	0.0324652
571	0	0.559372	-0.0275945	0.0120378
572	2	0.560372	0.00469787	0.0364297
573	2	0.563736	-0.0532889	0.043735
574	1	0.564597	-0.0400844	0.121806
575	2	0.565041	-0.0465333	0.0678962
576	2	0.565407	0.0178516	0.0687877
577	2	0.566451	0.0304067	0.0474842
578	0	0.566483	0.0241221	0.0378719
579	0	0.566912	-0.116291	0.034894
580	0	0.56894	-0.0604435	0.0709415
581	2	0.571899	-0.0235348	0.00316541
582	1	0.572234	-0.0528324	0.0698056
583	2	0.572755	0.0589827	0.042885
584	2	0.573255	-0.0137658	0.096266
585	0	0.573477	-0.0967169	0.011641
586	2	0.577239	0.0829397	0.00745048
587	2	0.579251	-0.165935	0.0288795
588	1	0.579588	-0.0646986	0.0767256
589	2	0.579943	0.0109271	0.0295693
590	0	0.583664	0.0395217	0.0223601
591	0	0.583905	0.0175721	0.0494893
592	2	0.584035	0.056639	0.00950515
593	2	0.584212	0.10345	0.0999752
594	0	0.588649	-0.0623931	0.0781165
595	2	0.59074	0.0374973	0.0166919
596	2	0.590795	-0.0974043	0.0906654
597	2	0.590999	0.04008	0.0122483
598	0	0.592269	0.0255257	0.0190354
599	1	0.592473	0.0258269	0.134607
600	0	0.593965	0.0572696	0.105774
601	0	0.593997	-0.0180592	0.0104548
602	0	0.596164	0.091467	0.0526255
603	2	0.596282	0.0611066	0.0379601
604	0	0.597273	0.0117458	0.0379338
605	2	0.597579	0.141578	0.0189403
606	1	0.600583	0.0389652	0.0035787
607	2	0.601757	0.0387354	0.00045147
608	0	0.602782	-0.00996092	0.0340155
609	0	0.603038	-0.0415898	0.0389841
610	0	0.605231	-0.0118793	0.0136636
611	0	0.607316	-0.028076	0.02076
612	2	0.607441	0.0212336	0.0126334
613	1	0.609233	-0.0852759	0.119336
614	2	0.609421	-0.0249923	0.0206925
615	1	0.609582	0.0246685	0.0596915
616	1	0.611071	0.133179	0.0444644
617	2	0.61412	0.0525654	0.0312888
618	1	0.615437	-0.158292	0.102905
619	0	0.616526	-0.0409775	0.0393128
620	0	0.617414	0.0759865	0.0126075
621	0	0.617751	0.0535917	0.0492718
622	2	0.617786	0.0254276	0.030622
623	1	0.619365	-0.0111226	0.0400225
624	1	0.619458	-0.0616488	0.000593443
625	0	0.619533	0.070157	0.000906742
626	1	0.620502	-0.036009	0.00590768
627	2	0.620655	0.0253119	0.030857
628	2	0.621187	-0.0340456	0.0310048
629	1	0.621717	0.024972	0.061207
630	1	0.622017	0.0906622	0.0776669
631	0	0.622835	-0.029951	0.0113857
632	2	0.624168	-0.0186473	0.0375046
633	2	0.624967	-0.0820874	0.0473001
634	1	0.625103	0.0634982	0.017174
635	0	0.6256	0.0587076	0.00862204
636	0	0.627073	-0.0239774	0.0102506
637	2	0.627411	-0.0745339	0.0349639
638	0	0.628568	0.032285	0.0615417
639	1	0.628879	-0.0359892	0.0704481
640	2	0.629941	0.032045	0.04113
641	2	0.633579	0.0686896	0.0339243
642	0	0.633902	-0.0646302	0.0148919
643	0	0.635289	0.051444	0.0142566
644	2	0.63557	0.0420252	0.077326
645	2	0.637539	0.0444129	0.0164199
646	2	0.637572	-0.0472629	0.00370162
647	2	0.637764	0.0256049	0.0662639
648	1	0.639094	-0.043671	0.0354553
649	0	0.640305	0.0608322	0.0436235
650	2	0.641362	-0.0111997	0.0524872
651	0	0.641456	0.0168749	0.0869452
652	0	0.641715	-0.0329308	0.120028
653	2	0.642553	0.0153427	0.0475026
654	1	0.64438	-0.0337044	0.0474777
655	1	0.645298	-0.00589345	0.132108
656	0	0.64552	-0.0282162	0.0297526
657	0	0.645977	0.0466272	0.0206512
658	2	0.646002	0.0571957	0.00767386
659	0	0.64656	0.0361358	0.0203881
660	2	0.647226	-0.0466603	0.00678513
661	0	0.64788	0.0371499	0.00615465
662	2	0.649485	0.0378097	0.0213879
663	0	0.650057	0.0410586	0.00417096
664	0	0.650324	0.0380543	0.0449534
665	0	0.651365	-0.035644	0.0376683
666	1	0.651806	0.106252	0.171799
667	2	0.652439	-0.0368135	0.0238306
668	2	0.65331	0.0257392	0.0319824
669	2	0.65429	0.0486757	0.0167347
670	1	0.654573	0.0109816	0.0963522
671	2	0.655085	0.0258028	0.0414018
672	2	0.656281	0.0282339	0.0726334
673	2	0.65643	0.0262283	0.0388743
674	0	0.656525	-0.0129119	0.00962388
675	1	0.662474	-0.0611963	0.0615057
676	2	0.665685	-0.0812343	0.0838447
677	0	0.666244	-0.025299	0.0193839
678	2	0.667564	0.0623492	0.0375958
679	2	0.667678	-0.0110735	0.0435232
680	0	0.668461	-0.0304941	0.0474169
681	1	0.668966	-0.0255445	0.0546112
682	0	0.669296	-0.00850082	0.0572224
683	1	0.670104	0.0996697	0.0914997
684	1	0.670878	0.0166612	0.0475237
685	1	0.671579	0.0322454	0.0144046
686	2	0.673951	0.0364674	0.0292607
687	0	0.674442	0.00752921	0.0254466
688	0	0.6759	0.093404	0.0525575
689	0	0.679121	0.0475602	0.045686
690	0	0.680378	-0.034727	0.0186773
691	2	0.683094	-0.0136374	0.0283192
692	2	0.683502	0.0299259	0.0680783
693	1	0.686107	-0.0573354	0.060976
694	2	0.686347	0.0339132	0.0697317
695	0	0.687216	-0.0100755	0.00835618
696	0	0.688425	-0.00341992	0.0235885
697	1	0.688874	-0.0198542	0.00756365
698	1	0.688969	0.0373574	0.00712927
699	2	0.691294	-0.00676876	0.0128957
700	0	0.691664	-0.0569427	0.0150106
701	1	0.691888	-0.114761	0.0431288
702	1	0.694358	0.0630781	0.088427
703	1	0.698641	-0.0275491	0.0606264
704	1	0.69901	-0.0320039	0.0996029
705	1	0.699617	-0.00653419	0.0219227
706	2	0.699627	-0.0319618	0.0755818
707	2	0.700674	0.0712031	0.0496496
708	2	0.701826	-0.0316618	0.0692385
709	2	0.704021	-0.0568053	0.0722846
710	0	0.706912	0.0157246	0.001261
711	1	0.706966	0.17922	0.0406771
712	0	0.70709	-0.0245744	0.0658639
713	1	0.707588	-0.0954235	0.0180598
714	0	0.70871	-0.0512957	0.0547975
715	0	0.710882	0.0151615	0.0355011
716	0	0.711838	-0.00828912	0.0437518
717	0	0.712498	0.105105	0.0604865
718	2	0.714459	0.0498617	0.0507481
719	0	0.714473	0.0292536	0.0168545
720	0	0.715067	-0.0431784	0.0632355
721	2	0.715781	0.0201993	0.0533131
722	2	0.715817	-0.0267643	0.0125626
723	2	0.716302	-0.062037	0.0383794
724	0	0.716888	-0.0106322	0.0159565
725	0	0.717223	0.0403653	0.0161349
726	0	0.717599	-0.0576923	0.00888614
727	0	0.718924	0.0153475	0.0441837
728	0	0.719161	0.123413	0.00573503
729	0	0.719702	0.058374	0.0909479
730	0	0.720327	0.0232675	0.0107722
731	0	0.722014	0.0800085	0.0151934
732	2	0.722418	-0.0573028	0.0177431
733	0	0.722766	-0.0393911	0.0649446
734	1	0.722792	-0.0566772	0.0564498
735	0	0.726388	-0.172233	0.0162751
736	1	0.726737	-0.0038174	0.0239677
737	1	0.727247	0.0539141	0.0142903
738	0	0.727485	-0.102853	0.120604
739	0	0.729731	-0.0573881	0.0957957
740	0	0.729955	0.115515	0.0739943
741	0	0.730021	0.0442589	0.0325585
742	0	0.73038	0.0196391	0.0101121
743	2	0.73093	-0.0709944	0.110851
744	0	0.731466	-0.0250372	0.0354261
745	2	0.731623	-0.0255894	0.0111132
746	2	0.732989	0.0194159	0.0556472
747	2	0.733603	-0.0706254	0.016878
748	2	0.735867	-0.0669758	0.0814909
749	2	0.736583	0.0313578	0.012117
750	0	0.737635	0.0550248	0.0458545
751	0	0.741645	0.0194602	0.00529075
752	2	0.742431	0.0412553	0.00528953
753	0	0.743019	-0.0188195	0.00254606
754	0	0.74369	-0.0139016	0.0632379
755	1	0.745389	-0.0539234	0.0601081
756	0	0.745703	0.00789972	0.0870022
757	0	0.745776	0.0326833	0.0322036
758	2	0.746971	0.065807	0.0829895
759	2	0.74701	0.0345611	0.0681395
760	0	0.747719	0.0220558	0.0816626
761	1	0.750108	0.0751864	0.0600023
762	2	0.750766	-0.0465746	0.00632864
763	0	0.751764	-0.0248401	0.0590983
764	2	0.753015	0.04107	0.00858907
765	2	0.753121	-0.0511306	0.0796868
766	2	0.755171	0.0583609	0.0141412
767	0	0.757099	0.0885611	0.00103044
768	2	0.757878	-0.183958	0.0589235
769	0	0.759476	0.124996	0.0369332
770	2	0.759476	-0.0232866	0.0362635
771	1	0.761184	0.170598	0.0977221
772	0	0.761358	-0.0359386	0.0295601
773	2	0.761886	0.0146573	0.0191447
774	0	0.761917	-0.0436371	0.0538076
775	1	0.764448	0.0718846	0.0568184
776	2	0.767174	-0.0651902	0.0468265
777	0	0.768115	0.0343936	0.0355623
778	1	0.770622	-0.0732286	0.0316794
779	2	0.770813	-0.0186031	0.0229181
780	0	0.771011	-0.0413863	0.0253217
781	0	0.772769	0.00662982	0.0600003
782	0	0.773769	-0.125084	0.00113259
783	2	0.776798	-0.0206971	0.0435808
784	0	0.777722	-0.0507718	0.0267361
785	1	0.778843	-0.0125081	0.0228266
786	0	0.779336	0.0861576	0.0224606
787	2	0.77985	-0.00990862	0.00476599
788	0	0.781409	-0.0324735	0.0697961
789	2	0.782666	-0.0361834	0.0272081
790	2	0.783327	-0.0536053	0.0709038
791	0	0.78343	0.0232446	0.0970797
792	0	0.784665	-0.0450676	0.0396248
793	0	0.786964	-0.00991533	0.032889
794	0	0.789454	-0.0675623	0.017325
795	1	0.790745	0.0101118	0.0757796
796	0	0.792198	-0.0111745	0.00377079
797	0	0.792948	0.0290659	0.102728
798	0	0.793198	0.0402643	0.0142445
799	0	0.793472	0.0201311	0.0454408
800	2	0.794336	-0.043269	0.0149173
801	2	0.794571	0.0328943	0.0910571
802	2	0.796009	-0.00415416	0.0488856
803	1	0.796104	-0.00544254	0.0134479
804	1	0.796943	-0.0507111	0.0779092
805	2	0.79729	-0.0154439	0.135968
806	0	0.79863	-0.073897	0.00303951
807	1	0.799401	-0.0528187	0.0711553
808	0	0.799602	-0.0131956	0.0490404
809	2	0.801578	-0.0644527	0.0282828
810	2	0.802124	-0.0338407	0.0401794
811	0	0.802853	-0.121497	0.0520937
812	0	0.803176	0.0366268	0.0990881
813	2	0.803523	-0.0496932	0.0530697
814	1	0.803956	-0.00925529	0.207524
815	2	0.804084	0.0345947	0.0504012
816	2	0.805997	-0.001101	0.133876
817	2	0.807718	0.0756464	0.017153
818	1	0.808517	-0.14016	0.0221771
819	2	0.808868	-0.0625863	0.0447298
820	1	0.809246	-0.0357935	0.14016
821	2	0.809254	0.0281634	0.0360062
822	0	0.809858	-0.0608464	0.0295231
823	1	0.811671	0.0211804	0.139007
824	1	0.813264	-0.0332606	0.0193819
825	1	0.8139	0.0788915	0.0603353
826	0	0.816737	-0.0731689	0.099953
827	0	0.817257	-0.0291494	0.0605402
828	0	0.818139	0.119124	0.0493487
829	1	0.818514	-0.0565188	0.0884014
830	2	0.819952	-0.0167493	0.111642
831	0	0.822766	0.0369398	0.079445
832	2	0.823209	-0.0594077	0.0369108
833	0	0.823524	-0.10575	0.0089497
834	1	0.823863	-0.0343037	0.0523442
835	2	0.82533	0.029594	0.0123338
836	0	0.826549	0.0556941	0.112667
837	0	0.82773	0.0549309	0.0696264
838	0	0.831668	0.0341009	0.0362353
839	2	0.83167	0.0381912	0.0117005
840	2	0.832232	0.0285938	0.00519806
841	2	0.833326	0.0110898	0.00253134
842	1	0.833612	-0.136459	0.0166878
843	1	0.834175	-0.0947723	0.00783327
844	1	0.834195	0.101087	0.049132
845	0	0.834721	-0.00815106	0.0662711
846	0	0.835441	-0.0115912	0.00293879
847	2	0.835875	0.0473868	0.0994793
848	0	0.836345	0.0434726	0.0663995
849	0	0.838546	0.0234718	0.0202878
850	1	0.841704	0.0588385	0.125342
851	2	0.842678	-0.0206402	0.00549581
852	0	0.844533	-0.0858883	0.00695247
853	0	0.844599	0.0208612	0.0475427
854	1	0.844914	-0.0779056	0.028836
855	2	0.844957	0.00560106	0.0107078
856	0	0.8454	-0.0430299	0.107704
857	2	0.845407	0.05894	0.032807
858	2	0.845939	0.0281908	0.0268253
859	1	0.846273	0.00686223	0.0536605
860	2	0.846551	-0.0733538	0.0298266
861	0	0.846592	0.0207029	0.0444206
862	1	0.847678	-0.0374663	0.0348674
863	2	0.848219	-0.0369532	0.0268066
864	0	0.849541	-0.0637943	0.0211038
865	0	0.851728	0.0886934	0.0173439
866	1	0.854052	-0.0152112	0.165719
867	1	0.85469	0.0625103	0.104509
868	2	0.855308	-0.0681477	0.0764988
869	1	0.856134	-0.0131618	0.0659159
870	2	0.856203	-0.0982699	0.0599325
871	0	0.858136	-0.0358646	0.0470586
872	0	0.859283	-0.0360239	0.0460885
873	2	0.860146	-0.0606921	0.0551465
874	0	0.860223	-0.0583356	0.0197784
875	2	0.860374	0.0657332	0.0138189
876	0	0.862244	0.0908616	0.0168418
877	0	0.862898	-0.111122	0.0422774
878	0	0.86386	-0.0251666	0.0206063
879	2	0.864016	-0.0173622	0.0850736
880	2	0.864338	-0.00573503	0.0462019
881	2	0.865322	-0.0925322	0.0154456
882	1	0.866006	0.0418629	0.0544548
883	2	0.867194	0.0405211	0.0632166
884	2	0.867403	0.00387743	0.0122739
885	1	0.868192	0.00215409	0.0335754
886	2	0.870251	-0.0759862	0.0563168
887	2	0.871006	-0.0222938	0.0323001
888	0	0.872667	-0.0216132	0.00567541
889	2	0.873223	0.0439757	0.00589489
890	2	0.873244	0.0665596	0.0326579
891	2	0.873352	0.0568953	0.0644873
892	2	0.874942	0.0607863	0.0300414
893	2	0.8768	0.0357439	0.0100829
894	0	0.876967	-0.094171	0.00792657
895	0	0.877553	0.0766729	0.0274161
896	0	0.877725	0.0932123	0.136395
897	0	0.880493	-0.0625953	0.0668303
898	2	0.881482	-0.0217584	0.0214674
899	1	0.881795	0.230442	0.00326065
900	2	0.881827	-0.00638865	0.0059386
901	2	0.88303	-0.012974	0.0357503
902	2	0.884126	-0.0956663	0.0197612
903	2	0.884344	0.0194493	0.0323857
904	0	0.884948	0.0529137	0.0198137
905	1	0.884968	0.0510722	0.020645
906	0	0.88872	0.0405525	0.00280429
907	2	0.889045	0.0404734	0.00135574
908	0	0.889317	0.0101613	0.0369154
909	2	0.890378	0.0485858	0.00734164
910	0	0.890588	0.0296397	0.0189652
911	2	0.893158	0.0678313	0.102648
912	1	0.893198	0.0317502	0.0538635
913	1	0.894077	-0.0552098	0.128303
914	0	0.894114	0.00327905	0.0508349
915	1	0.895655	0.039436	0.0527185
916	1	0.896317	0.046743	0.0445454
917	2	0.896643	0.0159117	0.034002
918	0	0.896984	0.0394172	0.0369192
919	0	0.898697	-0.0234269	0.0434293
920	0	0.902752	0.0107901	0.0608501
921	1	0.904973	-0.0905323	0.0424422
922	0	0.905294	0.0427871	0.013771
923	0	0.906814	0.0452365	0.0137975
924	1	0.907591	0.109167	0.11212
925	2	0.909591	0.00571409	0.00613321
926	1	0.91042	0.0437338	0.00307143
927	2	0.910635	0.0184433	0.0262302
928	0	0.910761	-0.027088	0.0246646
929	0	0.911492	0.0194107	0.0319667
930	2	0.911766	-0.0864914	0.00137622
931	2	0.918981	0.0117924	0.0227451
932	2	0.920206	-0.00381515	0.0198808
933	1	0.920897	0.110144	0.0575167
934	1	0.926525	0.0142631	0.0744557
935	0	0.926596	0.0231049	0.0103626
936	0	0.927392	0.0211341	0.0591876
937	1	0.928016	0.0223939	0.00960035
938	2	0.928749	-0.0216411	0.00819581
939	1	0.929962	0.283555	0.0140545
940	2	0.930416	-0.0200751	0.0583793
941	0	0.931757	0.0386193	0.0104391
942	1	0.934472	-0.0589719	0.0101262
943	0	0.935622	0.0888546	0.0325341
944	0	0.936018	-0.0286078	0.0343892
945	1	0.93615	-0.0226969	0.0288976
946	2	0.937819	-0.0490347	0.0476508
947	2	0.938368	0.0610517	0.00617687
948	2	0.939393	0.101008	0.033153
949	2	0.939659	-0.00844479	0.0960344
950	1	0.940329	-0.0331797	0.0773145
951	2	0.943032	0.0203668	0.0688391
952	0	0.94356	0.0264933	0.0472309
953	0	0.945255	0.0427534	0.0833245
954	2	0.947263	0.0466194	0.023802
955	0	0.94897	-0.0591472	0.00591216
956	0	0.952328	0.0256108	0.0194755
957	2	0.952692	0.0317849	0.00205216
958	2	0.953245	0.0524598	0.0288434
959	0	0.95338	-0.00888797	0.00177517
960	2	0.954429	0.0991236	0.0273963
961	0	0.954718	0.053273	0.0351192
962	1	0.954728	-0.0224284	0.0148764
963	0	0.958511	0.0490596	0.0555382
964	1	0.959291	0.0687922	0.108244
965	2	0.96026	-0.0394002	0.105731
966	0	0.963104	0.0195237	0.0693762
967	0	0.963822	0.0317207	0.0505834
968	1	0.964197	0.0686688	0.00807488
969	2	0.964384	0.075923	0.0151111
970	2	0.964403	-0.0576027	0.0112896
971	0	0.965209	0.0048006	0.00130899
972	1	0.96646	0.0934997	0.0594238
973	0	0.968738	0.0358992	0.00969094
974	1	0.96911	-0.0498902	0.0714455
975	2	0.969197	-0.0690059	0.00951351
976	2	0.969914	-0.0405502	0.0460892
977	0	0.971439	0.0512784	0.0264028
978	2	0.972489	0.0405636	0.0432197
979	2	0.97326	0.0087499	0.0330881
980	1	0.974332	0.051466	0.0311379
981	2	0.974457	-0.102954	0.0076311
982	0	0.975064	-0.0664787	0.0214385
983	0	0.975342	0.0423712	0.00508446
984	2	0.979395	0.00784361	0.099307
985	2	0.984495	0.132892	0.0637624
986	2	0.985551	0.110756	0.00409605
987	0	0.9869	0.0123956	0.0195436
988	0	0.989348	-0.0151144	0.0420998
989	2	0.991711	-0.0119975	0.0179008
990	1	0.991867	0.059586	0.0778369
991	2	0.991882	-0.0832726	0.0193316
992	2	0.994214	-0.0564489	0.0203016
993	2	0.995028	0.0614843	0.000932507
994	2	0.99567	-0.044035	0.00314714
995	0	0.996609	0.0206635	0.0456109
996	0	0.996667	-0.018356	0.0188797
997	1	0.996951	-0.0544101	0.0453155
998	0	0.998701	-0.0950459	0.00427663
999	1	0.999847	0.0540023	0.0882741
5	534	-0.0160751
5	462	0.023223
12	155	-0.0541451
12	322	-0.0530955
20	330	-0.0319796
20	152	0.10486
20	648	-0.0297953
21	806	-0.0320859
21	509	-0.0470502
21	719	0.0369206
21	278	-0.00800477
21	539	0.0280286
21	143	-0.0262564
21	895	-0.0321282
21	485	0.0119832
28	52	0.0687178
28	12	-0.0313443
28	342	-0.0486505
28	64	-0.0183783
28	238	0.0549409
28	618	-0.0444504
28	248	0.0304015
30	68	0.0261147
31	472	0.0137392
31	305	-0.0297311
40	292	0.0275613
42	687	-0.00841097
51	922	0.0449168
51	943	-0.0218404
52	599	0.0316147
52	273	0.04125
52	12	0.0207698
52	536	-0.0444617
52	232	0.0482666
55	12	-0.0463515
55	264	0.0513105
55	368	-0.0603999
55	365	0.052851
56	44	0.0446199
59	352	-0.0324862
59	613	-0.0404547
60	711	-0.0150109
60	654	-0.0442442
60	980	0.0522936
60	785	-0.0215472
64	624	0.0299852
65	827	-0.0276541
65	760	-0.0468248
65	955	-0.0212037
74	263	-0.0312508
74	696	0.0204722
74	476	0.0457729
74	310	0.0165111
79	719	-0.0449003
79	871	0.0255108
79	983	0.0366163
79	920	-0.0219071
81	794	0.0338248
81	601	0.0425035
81	9	0.0208723
83	712	0.0370365
83	177	0.0181145
83	218	0.0193578
83	325	-0.0421637
83	689	-0.0105193
83	680	-0.022679
83	914	0.0251904
83	642	-0.0520038
83	688	-0.0165397
83	550	0.0268134
83	636	0.0043946
83	173	0.0349831
83	74	0.030409
83	170	-0.0266127
83	767	-0.0340832
83	594	-0.039976
83	40	0.0312094
83	67	-0.0177733
83	14	0.0453118
83	811	0.0336301
83	874	0.0149913
83	244	-0.0378016
83	283	-0.0277172
83	133	0.0420645
86	65	-0.0396641
86	888	-0.0371562
86	393	-0.0367522
86	389	-0.0226586
86	876	-0.0393778
89	982	0.0108071
89	81	-0.0374519
89	659	0.03184
89	910	-0.0174157
89	463	0.0239533
89	729	-0.0129846
89	410	-0.00967302
89	202	-0.0328014
91	331	0.0167764
91	154	-0.0258082
100	217	0.0400705
107	461	0.0370558
107	987	-0.0154372
107	956	0.0255883
107	983	0.0341334
107	621	0.0202912
107	542	0.0294131
107	777	0.0146501
110	689	0.0157427
110	680	-0.017903
110	507	0.0445386
110	122	0.00815923
110	636	0.0161138
110	517	0.0305131
110	157	0.0145092
110	888	0.0304898
110	956	-0.0213836
110	731	0.0164563
110	433	0.0450423
110	966	-0.0364563
110	331	0.0233704
110	904	0.0273551
110	56	0.0164378
110	784	-0.0333254
110	831	-0.0181635
110	476	-0.019655
110	159	-0.0491477
110	625	-0.0178447
110	845	-0.0101876
112	836	0.0197248
120	941	0.0447142
120	497	-0.0234926
120	983	0.0261033
120	142	0.0283655
120	30	-0.032763
122	107	0.0167667
122	297	0.0312744
122	146	0.0364113
122	782	0.0190985
122	433	0.0572921
122	601	-0.0504962
122	598	-0.021253
122	468	0.0132809
122	215	0.0307887
124	988	-0.0118064
124	170	0.0270318
124	919	0.0213857
124	611	0.0181351
124	467	0.0287467
124	479	0.0175894
125	899	-0.0655169
125	3	0.10337
132	118	0.0104044
137	788	-0.0330948
137	335	-0.0628348
137	300	-0.0503882
137	922	-0.0159057
137	727	-0.0554298
137	837	-0.0194044
137	67	0.0272784
137	208	-0.0225411
137	227	0.0443388
137	339	0.0185007
137	358	-0.0152393
144	252	-0.0260507
144	317	0.0452521
146	302	-0.0385971
146	142	0.0590191
149	864	-0.0371817
150	120	-0.017594
150	944	-0.0274016
150	562	-0.0203263
150	695	0.0176525
150	772	0.0136995
150	929	-0.0412682
150	380	0.0196384
150	443	-0.033999
150	452	-0.0637784
150	230	0.0231389
151	695	0.0322491
151	604	-0.029509
151	772	-0.0345503
151	897	-0.0208781
151	278	0.0145971
151	455	0.0332311
157	635	-0.0190882
157	871	-0.0246857
157	415	-0.0322946
160	185	-0.0691929
160	942	-0.079284
161	862	0.0388137
161	259	0.0587172
163	833	-0.018019
163	941	-0.0206948
163	449	-0.0329508
163	488	0.0342457
165	701	0.0375132
165	273	0.0430114
165	55	0.0245111
165	469	0.0482037
165	698	-0.0439721
165	125	-0.0119804
165	775	0.0216954
165	972	-0.0313562
165	212	0.0298646
165	184	-0.0608728
165	390	-0.00579861
170	966	-0.0090294
170	202	-0.0241107
171	611	-0.0284589
171	445	-0.0518002
173	74	-0.027117
173	98	-0.0305242
173	591	0.0245458
173	959	-0.0159355
173	347	-0.019231
174	463	-0.0234497
174	987	-0.0234627
174	479	-0.0237944
177	325	0.0450781
177	680	0.0282618
177	447	-0.0208662
177	120	-0.0288489
177	636	-0.026649
177	998	0.0179554
177	806	-0.0260046
177	923	0.028609
177	91	0.0395131
177	174	-0.0217133
177	782	-0.0604073
177	392	0.0415866
177	904	0.0132185
177	631	0.0223967
177	700	-0.0336162
177	116	0.00987985
177	757	-0.0689513
177	313	-0.0231518
177	376	-0.0209619
177	50	0.0246571
179	300	0.040048
179	534	-0.0251156
179	602	-0.034041
179	864	-0.0375536
179	449	-0.0387121
184	921	-0.0304592
185	823	0.0924316
185	588	-0.02632
186	394	-0.0279992
194	239	-0.0176064
194	157	0.0165376
194	389	-0.0572248
194	602	-0.0237202
194	906	0.0225147
198	941	-0.0195844
198	56	-0.0232488
198	304	0.0327945
203	677	-0.0168296
207	547	-0.0471725
207	144	-0.0604324
207	968	-0.0356829
208	687	0.0332047
218	689	0.0210636
218	431	0.0393295
218	936	-0.0411674
218	872	-0.033464
218	517	0.0381783
218	151	0.0154221
218	42	0.0193587
218	635	-0.0256965
218	203	0.0128886
218	961	-0.0174065
218	794	-0.0138379
218	498	-0.0138661
218	782	0.0292886
218	690	0.0376825
218	459	-0.0335201
218	538	0.0280183
218	14	0.0171832
218	349	-0.0271713
218	7	-0.0134326
218	102	-0.0472513
218	591	0.0421136
222	923	-0.0156592
222	715	-0.0175021
222	361	-0.0266613
223	540	-0.0380979
223	459	-0.0448443
231	480	0.0326897
231	326	-0.0243477
231	727	-0.0119896
231	112	0.0245882
231	49	-0.020691
238	698	-0.0212727
238	318	0.050581
239	419	0.052114
239	326	-0.0332175
239	602	-0.0278231
239	9	-0.027614
239	449	0.0308024
241	626	0.0339381
241	755	0.0412208
241	844	-0.0546458
241	369	-0.0381024
241	377	0.0294003
241	295	-0.0181925
241	905	-0.0447143
241	165	0.0728132
241	803	0.0429167
241	939	-0.0322595
241	615	0.0147414
241	945	-0.0463542
241	675	0.0469301
241	824	-0.0207376
241	52	0.0346141
241	666	0.0359213
241	630	0.0477872
241	795	0.0869424
241	547	0.0209097
241	384	0.0244001
241	713	-0.0526165
241	386	-0.0402349
241	341	0.0160173
241	834	-0.0207539
241	823	0.0139997
241	401	0.040826
241	859	-0.0317266
241	491	-0.0357225
241	624	0.0179671
241	912	-0.0357002
241	328	0.0454482
241	634	0.0394335
241	866	0.0276659
242	266	0.0450779
242	426	-0.0191338
246	772	0.010543
246	274	0.0512426
246	472	-0.00724235
246	139	-0.0186596
246	609	0.037622
249	387	0.0272838
251	869	-0.0476458
252	6	-0.0433224
260	515	0.0231594
263	728	0.0225982
264	352	-0.0690839
264	543	-0.0654295
266	934	-0.0473817
268	784	0.0464817
269	222	-0.0190229
269	982	0.0284169
269	604	-0.0222078
269	31	0.0119809
269	268	-0.0508785
269	435	0.0130705
269	304	0.0224118
269	121	0.0326819
273	570	0.0893419
273	332	0.0333093
273	574	-0.0525702
273	232	-0.0425465
274	463	-0.0267146
274	406	-0.0360925
278	392	0.0319234
286	952	0.0123797
293	222	-0.0194258
293	741	0.0450063
293	5	0.017728
293	664	0.047169
293	230	0.0348217
293	429	0.00464386
295	615	-0.0480631
295	945	0.0331879
295	950	0.0322472
295	685	-0.0182398
295	666	-0.0442685
295	59	0.0330747
295	207	-0.0867018
295	570	-0.0326054
295	937	-0.0456953
295	465	-0.0291763
295	711	0.0834829
295	654	-0.0635993
295	251	-0.0186767
295	862	0.0279528
295	942	-0.0185674
295	460	0.0179645
295	72	0.0717855
295	101	0.0978245
297	741	0.0601323
297	438	-0.0405843
297	983	0.0284617
297	895	0.0258637
300	397	0.069966
300	897	-0.0576299
300	405	0.0271049
302	952	0.0209334
305	510	-0.0179064
308	935	0.0393938
308	793	-0.0192221
308	83	-0.0238277
308	110	0.0213531
308	177	0.0304864
308	218	-0.0225575
308	689	-0.0194062
308	856	-0.0208082
308	750	-0.0183233
308	327	-0.0287082
308	150	-0.0311862
308	797	-0.0105359
308	788	-0.0506725
308	151	-0.0355764
308	79	0.014768
308	239	-0.0199286
308	982	0.021152
308	157	0.0276512
308	682	-0.0325386
308	760	0.0342661
308	146	0.0341321
308	91	0.0272907
308	540	0.0456791
308	729	-0.015979
308	452	-0.0234245
308	387	-0.0181425
308	134	0.0218632
308	822	-0.0144218
308	496	-0.0117393
325	872	-0.0369903
325	246	0.0366994
325	806	-0.0243203
325	562	-0.0272629
325	741	0.0290622
325	51	0.0263631
325	274	-0.0293221
325	541	0.0316865
325	393	0.0248041
325	305	-0.0242802
325	331	0.0249237
325	467	0.0369127
325	601	-0.0459402
325	459	-0.0217024
325	190	0.0411971
325	735	0.0180997
325	108	-0.0411032
325	652	0.061673
325	209	0.0420905
326	727	0.0386783
327	788	-0.0108648
327	550	-0.0174946
327	996	-0.0157864
327	42	-0.0306253
327	941	-0.0335215
327	51	0.0579599
327	286	-0.0250153
327	565	0.0531889
327	180	0.019491
327	725	-0.0407878
328	72	-0.127114
330	384	0.0205276
331	43	0.0370445
332	515	0.0366514
334	458	0.0259008
335	808	0.0151377
335	988	0.0201357
335	127	0.0140479
335	594	-0.0273356
335	539	-0.0417265
335	811	-0.0203798
335	928	-0.0416369
342	152	0.0390126
342	713	-0.0634125
342	681	0.0276415
352	630	-0.047196
359	38	-0.0170353
369	295	-0.0206709
369	803	-0.0371101
369	945	0.0296864
369	675	0.0972169
369	824	0.0311852
369	52	-0.0632065
369	933	-0.0159922
369	670	-0.0708084
369	926	0.0570371
369	734	-0.0135131
369	444	-0.0567783
369	582	-0.0270462
369	684	-0.0408373
369	242	0.0378014
369	713	0.0386522
369	260	0.0476916
369	401	0.0366678
369	536	-0.0117321
369	820	-0.101864
369	167	-0.0367882
369	236	0.0610054
369	567	-0.0415472
372	720	-0.022461
377	905	-0.0534403
377	850	-0.0320069
377	513	0.0665497
377	926	-0.0329354
377	59	-0.0775854
377	264	0.0472907
377	330	-0.0263426
377	574	0.0578239
377	547	0.0385611
377	384	-0.0194932
377	804	-0.0618083
377	106	0.0479705
377	697	-0.0764876
377	258	0.0367476
377	882	0.0269499
377	972	-0.0344059
377	155	0.0115918
377	771	-0.03531
378	330	-0.0425125
378	144	-0.05618
378	168	0.0213215
378	761	-0.036854
378	181	0.0319053
380	131	0.0150031
380	142	0.0111987
380	476	0.0229865
381	179	0.0324022
381	231	0.00827473
381	472	-0.0496899
381	249	-0.0179846
381	621	0.0203644
392	896	-0.0389467
392	493	-0.0123469
393	127	-0.0348607
393	443	-0.0311247
394	6	-0.0420489
397	733	0.031698
397	149	-0.0263947
397	565	0.0287504
397	643	0.0236951
403	5	0.018952
403	848	0.0260232
403	715	-0.0365621
403	799	0.0363887
403	97	-0.0173213
413	685	0.0396766
413	630	-0.0252169
413	842	-0.0439731
413	465	0.0234401
413	899	0.0401581
413	693	0.0319786
413	167	0.0354645
413	921	0.0342549
419	966	-0.0276108
419	837	0.0405237
419	54	0.0275679
419	462	0.0135593
420	121	-0.0302606
425	424	-0.0653885
425	457	0.03329
431	381	-0.0485074
431	89	-0.0290991
431	846	-0.0409498
431	297	0.0239708
431	794	0.0287936
431	393	0.0349564
431	696	0.0263156
431	542	0.0291646
431	728	-0.03517
438	649	-0.03184
442	613	0.0381067
442	775	-0.046458
444	582	0.0275402
444	842	0.0371809
445	744	0.00800596
447	688	-0.0285911
447	936	-0.0337946
447	403	-0.0172622
447	194	-0.0442345
447	203	0.0288892
447	659	0.0306116
447	170	0.0185778
447	174	0.018636
447	690	0.0199639
447	467	0.0361177
447	631	0.0209305
447	82	-0.0223749
447	488	0.00859454
447	116	-0.0266417
447	643	-0.0271496
447	311	0.0303922
450	286	-0.0209043
450	526	-0.0189703
450	852	-0.0229055
453	578	-0.0173478
453	733	-0.0627103
453	754	0.0269425
453	598	0.0364713
453	420	0.0541436
453	918	0.0132165
453	417	-0.0386837
459	304	-0.031146
461	190	0.0377104
461	649	-0.0193136
465	820	-0.0524857
465	785	-0.0689152
468	427	0.0176292
469	693	0.0393315
469	825	-0.0777823
480	690	-0.01898
480	405	0.0292053
488	108	0.0147986
490	811	0.0236964
497	249	0.0631004
497	114	0.0320492
498	149	0.0322847
498	361	-0.0198754
498	193	0.0503133
500	212	0.0418401
507	453	0.0597808
507	497	0.0211415
507	51	-0.0296546
507	786	-0.0210978
507	146	0.0215644
507	31	0.0359891
507	81	-0.0200296
507	540	-0.0448291
507	154	-0.0265426
507	190	-0.0277988
507	738	-0.03009
507	30	0.0277112
507	38	-0.0299059
509	203	0.0183022
509	956	-0.0264841
509	227	0.0278643
509	490	-0.038375
509	906	0.0238393
510	225	0.0309839
513	685	-0.0326367
513	818	-0.0397074
513	352	0.0355369
513	934	-0.0462226
513	298	-0.0120399
517	194	-0.02402
517	198	0.00769998
517	827	0.0188455
517	579	-0.017551
517	67	-0.0156515
517	638	0.00962235
529	663	-0.027396
529	791	-0.00649065
529	308	0.013773
529	935	0.0508509
529	793	0.0191109
529	83	0.0341716
529	712	-0.0317423
529	110	-0.0231475
529	680	-0.0211702
529	914	-0.0228809
529	642	-0.0178053
529	431	-0.0342212
529	327	-0.015793
529	269	-0.0181502
529	120	-0.00704323
529	381	0.0386136
529	453	-0.0240775
529	865	-0.0418543
529	923	0.0457451
529	163	-0.0175799
529	808	0.0067785
529	833	-0.0248388
529	497	0.0233676
529	51	-0.0283595
529	664	-0.0226962
529	665	0.0227881
529	786	-0.0406411
529	578	-0.0289349
529	929	-0.0845193
529	438	0.0353416
529	498	-0.00328617
529	910	0.0186603
529	268	-0.0150637
529	919	0.0218469
529	450	-0.0119558
529	731	0.0289426
529	730	0.0381999
529	139	-0.0425376
529	143	0.0502461
529	353	-0.0309416
529	556	0.0137248
529	717	0.0416809
529	652	0.0235695
529	798	-0.0297026
538	831	-0.0245977
540	963	0.0387239
541	114	0.0232994
547	964	0.0166406
548	515	0.0482848
548	164	-0.0302781
550	163	-0.0277952
550	300	0.0350836
550	397	0.0283552
550	731	-0.0184177
550	716	-0.0110127
550	128	0.0519325
550	385	0.0101947
557	47	-0.0353608
562	438	0.0393043
562	29	-0.0486897
562	302	-0.0174143
562	485	0.0223211
570	681	0.0625635
570	258	0.0314137
574	825	0.0378049
578	590	0.0313184
578	326	0.024159
578	263	-0.0145007
579	433	-0.042159
579	467	0.032754
579	696	0.0139807
579	131	-0.0167715
582	934	-0.0416154
590	956	0.0183243
590	619	-0.0200675
590	838	-0.0263451
590	292	0.0304316
594	406	-0.0560149
598	874	-0.0184704
599	557	-0.0269135
599	899	0.038729
599	703	0.0386866
599	606	-0.0302207
599	374	0.0253547
604	44	-0.0120862
604	445	-0.0285615
606	251	-0.031069
608	656	0.0101045
613	703	-0.037755
613	655	-0.0374179
615	824	-0.0272739
615	734	-0.0186657
615	342	-0.0652145
615	937	0.0296787
615	152	0.0299703
615	238	0.0683512
615	557	-0.03313
615	500	0.0472502
615	132	0.0576663
615	251	0.0520325
615	168	-0.046146
615	705	-0.0467017
618	912	0.081002
619	202	-0.039392
626	844	0.0585401
626	369	0.0359335
626	377	-0.0463873
626	885	-0.0351216
626	905	0.063438
626	850	-0.0510534
626	615	-0.0278907
626	675	-0.0304205
626	28	0.0157288
626	933	0.0554671
626	818	0.0341169
626	55	0.033531
626	639	0.0537427
626	469	0.0373381
626	684	-0.025737
626	264	-0.0247116
626	352	0.0281105
626	152	0.0267226
626	238	0.0825544
626	125	-0.0556782
626	39	-0.0546396
626	185	-0.0504351
626	834	0.0448172
626	683	-0.03885
626	999	-0.0227057
626	491	-0.0517705
626	588	0.0426881
626	318	0.0280869
626	648	-0.0456401
626	705	0.0360426
629	513	-0.0306583
629	701	-0.0416666
629	574	0.079576
629	937	-0.0359967
629	823	0.0359486
629	543	0.0496668
629	820	-0.0674243
630	713	0.0198985
630	118	-0.0240915
635	268	0.0368607
635	410	0.0396783
636	846	0.0256549
636	472	-0.0264988
636	753	0.0188235
636	154	0.0503238
636	486	-0.0320758
636	896	-0.0442265
639	570	0.0344197
639	260	-0.0402668
639	623	0.0462489
642	996	-0.0176377
642	194	0.0222308
642	42	0.0173663
642	163	-0.0217463
642	579	0.0334216
642	988	0.0168032
642	31	-0.026298
642	100	0.0172901
642	287	-0.03606
649	359	0.030936
659	389	-0.0185676
663	308	0.0191492
663	793	-0.0258612
663	83	-0.017265
663	218	0.019568
663	325	0.0725583
663	689	-0.0381375
663	447	0.0181396
663	914	-0.0100895
663	431	0.0327569
663	327	0.0236603
663	137	0.0371912
663	269	0.0256426
663	797	-0.0348973
663	151	-0.029099
663	79	-0.0271738
663	86	-0.0105307
663	222	0.0152817
663	769	0.0488433
663	198	0.0451933
663	808	-0.0515791
663	65	0.00618694
663	988	-0.0307564
663	81	-0.0264579
663	888	0.0211167
663	541	-0.0253356
663	223	-0.0529011
663	897	0.034165
663	249	0.00832815
663	608	-0.0298517
663	853	0.0365845
663	290	0.0318231
663	479	-0.0257522
663	538	0.0478385
663	121	-0.0272133
663	462	-0.020058
663	674	-0.0307694
663	726	0.0115375
663	878	-0.0277723
664	490	0.0046779
664	77	-0.0180045
665	263	-0.0301586
665	486	-0.019887
665	77	-0.0240306
666	500	0.0615605
670	264	-0.0115937
670	557	-0.0204218
670	161	0.0306739
670	899	-0.0264301
670	500	-0.0418527
670	834	-0.031468
675	513	-0.059343
675	469	0.0548294
675	916	0.00891532
675	775	-0.0619729
675	548	0.0126546
675	999	-0.0221964
675	843	0.0353956
680	894	0.0322535
680	710	-0.0162359
680	122	-0.0349972
680	788	0.0226629
680	79	0.0254236
680	403	-0.0212704
680	198	-0.0554149
680	397	0.0100511
680	812	-0.0112924
680	733	-0.0229728
680	406	0.0175238
680	54	0.021743
680	102	0.0408785
680	556	-0.0189198
680	836	0.0287274
682	961	0.0357031
682	853	0.0185304
682	730	-0.0638297
682	908	-0.0087347
683	882	0.05779
684	160	0.0120625
684	862	0.0344776
684	854	0.0464138
685	469	-0.0320975
685	915	-0.0353011
685	160	-0.0206556
685	186	-0.0623444
688	122	0.058578
688	381	0.0301693
688	453	0.0396279
688	246	-0.0252332
688	42	-0.0311698
688	659	0.012122
688	594	-0.0175794
688	774	0.0197429
688	7	-0.0217385
688	585	0.0187502
689	856	-0.016819
689	642	0.0510833
689	710	0.0167626
689	688	0.019639
689	269	0.064812
689	120	0.0543678
689	719	-0.0115136
689	198	-0.010066
689	833	0.0315721
689	389	0.0233693
689	127	-0.0252868
689	966	-0.0313815
689	740	-0.0154446
689	943	0.0193264
689	908	0.038882
689	995	-0.0586156
695	5	0.0300733
695	468	0.0272834
695	336	0.0352953
695	656	0.0251033
697	655	-0.0500142
698	365	0.0353342
698	616	0.036041
700	376	0.0150233
701	704	-0.0361211
701	557	-0.0567898
701	368	-0.058294
701	39	-0.0440384
704	804	0.0244511
704	401	0.0632549
704	106	0.0281368
710	137	-0.0305479
710	797	-0.0220649
710	79	-0.0269506
710	173	0.0386756
710	982	-0.0313356
710	604	0.035052
710	635	-0.0494949
710	767	0.0221115
710	546	-0.0190266
711	737	0.0119504
712	177	-0.0322582
712	680	0.0416196
712	710	-0.0355836
712	431	-0.0159934
712	150	0.023763
712	120	0.00994432
712	872	0.035281
712	724	-0.0648437
712	222	0.0151201
712	42	-0.0203176
712	203	-0.0325574
712	274	-0.0138029
712	910	0.0177032
712	171	0.0410394
712	406	0.0481845
712	420	-0.0391762
712	971	0.0387679
712	29	0.0276039
712	98	-0.0284397
712	313	-0.0232511
712	244	-0.015212
712	180	0.0490903
712	963	0.0333503
712	228	0.0362859
715	425	-0.0303068
715	119	-0.0540815
719	682	-0.0177287
719	753	0.0368141
719	690	0.0344859
724	157	0.0243567
724	223	0.0242131
724	154	0.0276937
724	9	0.0578171
727	539	-0.0521148
729	253	-0.0131953
731	631	-0.012575
734	164	-0.0247119
734	166	-0.029799
734	990	-0.084669
735	424	-0.0232243
738	674	0.041543
739	922	-0.0183477
739	871	-0.0267853
739	754	0.0336674
739	44	0.012128
740	93	-0.0127719
741	5	-0.0398638
741	450	-0.024312
741	731	0.024682
741	215	0.0241413
750	120	0.0422386
750	381	-0.0255375
750	996	0.0186137
750	79	-0.0958141
750	562	0.0245271
750	222	-0.0598901
750	42	0.0387703
750	305	-0.0484083
750	263	0.0401194
750	43	0.0369543
750	610	0.0193129
750	661	-0.0341441
750	977	-0.039685
750	714	-0.0242823
750	781	-0.0165266
751	67	0.0357322
751	849	-0.00767215
751	756	0.00967522
751	560	-0.00698373
753	452	0.0352357
753	601	-0.0288507
754	82	-0.0308123
755	844	-0.0127109
755	905	0.0682618
755	165	0.0298845
755	939	-0.0284898
755	824	0.0262868
755	513	-0.0351792
755	701	0.0357146
755	818	0.0324442
755	666	0.0277136
755	207	-0.0426285
755	639	0.0275681
755	342	0.073357
755	582	0.0224103
755	842	0.0461756
755	937	0.0554936
755	613	0.0448583
755	242	0.0277569
755	161	0.036028
755	260	-0.0189719
755	39	-0.0143556
755	703	0.0362591
755	606	0.0524111
755	834	-0.0161407
755	683	-0.0465203
755	186	0.0597917
755	761	-0.0289113
755	426	0.048407
755	736	0.0202208
755	771	0.0351837
760	987	0.0130478
760	826	-0.0306838
760	93	0.0213534
763	897	0.0194965
763	953	-0.0407511
763	638	0.0157159
763	580	0.0236239
767	837	-0.0531467
769	578	0.0313125
769	278	0.0401258
769	98	0.030257
769	544	-0.0413626
772	767	-0.0180646
772	918	0.0287416
775	618	-0.0173876
782	876	-0.0419788
782	253	-0.0200082
784	568	-0.0416929
786	463	0.0285466
786	443	-0.0135117
786	97	-0.0271315
788	846	0.026671
788	719	0.0313355
788	461	-0.0195769
788	539	0.056699
788	508	0.0394186
788	908	0.0172587
791	308	0.0330545
791	935	0.0321118
791	793	-0.0477184
791	83	0.00937325
791	712	0.0361045
791	689	-0.0239101
791	680	0.0237943
791	856	0.042598
791	642	0.0126963
791	710	-0.0522548
791	550	0.0288822
791	246	0.0267266
791	403	0.0241668
791	509	-0.0277144
791	297	0.0326884
791	769	-0.0426131
791	65	0.0245668
791	739	0.0446922
791	786	-0.0225874
791	146	-0.0406914
791	127	0.0189612
791	40	0.0110143
791	611	0.026812
791	190	0.0449444
791	849	0.0583398
791	230	-0.0291108
791	508	-0.017749
791	112	0.0277632
791	131	-0.0183146
791	134	-0.0406627
791	896	-0.0601792
791	119	-0.020949
791	347	0.0356305
791	600	-0.0243861
791	877	-0.00991166
793	83	-0.0223993
793	712	-0.0330231
793	507	0.0356601
793	710	0.0291649
793	936	0.0489389
793	335	-0.0320314
793	86	-0.0409214
793	179	0.0292865
793	760	-0.012458
793	659	-0.0186379
793	919	-0.0179934
793	987	-0.0175983
793	904	0.033242
793	290	0.0309476
793	953	0.0395734
793	100	-0.0208183
793	508	0.024876
793	435	-0.0516923
793	565	0.0125041
793	227	-0.04122
793	621	0.0262406
793	474	0.0151308
793	757	0.00559584
793	427	-0.0235953
793	651	-0.0392321
794	659	-0.0456335
794	433	0.0412627
794	159	-0.0104071
795	859	-0.0433559
795	365	0.050291
795	624	0.047535
797	788	-0.0190517
797	888	0.0263319
797	534	0.03971
797	334	-0.0223037
797	93	0.0314463
797	661	-0.0213226
797	756	0.0185772
797	66	-0.0110767
799	279	-0.0611724
803	629	-0.0493811
803	52	0.0288231
803	413	-0.0746327
803	670	0.0541965
803	950	-0.0260276
803	20	0.0519869
803	582	0.0404001
803	442	0.0342809
803	795	0.0663034
803	606	-0.023182
803	980	-0.0547102
804	394	-0.043531
806	664	0.0229545
806	751	-0.0180735
806	387	0.0402744
806	716	-0.0561715
806	256	0.0166241
807	737	-0.0196485
808	300	0.0316003
808	611	-0.0313073
808	600	-0.0297535
808	226	0.0353811
812	733	-0.0692532
812	625	-0.0277377
812	792	-0.0503078
818	207	0.0304703
818	160	0.0547616
818	132	-0.0605144
824	933	0.0641162
824	330	0.0180517
824	384	-0.025615
824	548	0.0213872
824	317	-0.0429899
826	598	0.0305364
826	619	0.0271276
826	435	-0.0250441
827	497	0.044506
827	334	-0.0236714
827	283	-0.0516025
831	852	-0.0177228
833	419	-0.0139727
833	480	0.0438043
833	753	-0.0605514
833	452	-0.0191507
837	774	0.0426578
842	536	0.0355113
844	369	0.0403536
844	377	-0.028363
844	850	-0.0447338
844	803	0.0452103
844	939	0.0317688
844	629	-0.041708
844	950	-0.0390197
844	378	0.0260419
844	20	-0.0246502
844	818	-0.0216097
844	666	-0.0430065
844	444	0.0399218
844	64	-0.012767
844	332	-0.0604936
844	915	-0.0903204
844	384	0.0521136
844	386	-0.0316751
844	266	-0.0125729
844	132	-0.0323668
844	491	-0.0402195
844	972	0.0333406
844	426	0.0864675
844	559	-0.0280398
846	231	-0.0578953
846	739	-0.0486432
846	763	0.026506
846	305	0.035666
846	657	-0.0273889
848	268	0.0393213
848	608	0.0188618
848	730	-0.0698119
848	29	0.0176724
848	54	-0.0580619
849	943	-0.0318261
850	378	-0.0365332
850	20	-0.0544444
850	444	0.0231329
850	582	0.0368425
850	570	-0.0765183
850	574	0.0130311
850	242	0.0330482
850	258	0.0430104
850	543	0.0777371
850	761	-0.0595515
850	869	-0.0408087
850	47	-0.0529611
850	913	0.0396389
856	381	0.0433166
856	246	-0.019521
856	998	-0.0135938
856	293	0.028953
856	604	0.0347155
856	5	0.0319485
856	767	0.0311834
856	171	0.0303271
856	700	-0.0249362
856	510	0.0434417
856	43	0.0490344
856	610	0.0198035
856	226	-0.0209149
856	571	0.027014
865	724	0.0325568
865	124	-0.0379159
865	929	-0.0387331
865	541	-0.0383862
865	526	0.0357918
865	372	-0.0258869
865	14	0.0203583
865	49	-0.0206217
871	480	-0.0237078
871	463	-0.0291879
872	107	-0.0153595
872	562	-0.0141996
872	497	-0.014706
872	91	0.0237525
872	534	0.021901
872	568	0.029796
872	349	0.0180978
882	736	-0.0356419
885	905	0.0240463
885	165	0.0599258
885	824	-0.025893
885	28	0.0243727
885	933	0.0339446
885	378	0.0191968
885	666	-0.0255414
885	273	-0.0380514
885	734	-0.0548092
885	639	0.0264827
885	12	-0.0296832
885	684	-0.0356939
885	352	0.0508472
885	842	0.0456871
885	442	-0.040107
885	465	0.0400667
885	343	0.0304375
885	702	0.0321325
888	729	-0.0587425
888	826	-0.0282269
894	996	-0.0228464
894	173	-0.0309432
894	763	-0.0245782
894	871	-0.0432598
894	541	-0.023185
894	461	0.0263381
894	740	-0.0140394
894	149	-0.0332792
894	971	-0.0418666
894	486	0.0240797
894	50	0.0389401
894	191	-0.0390542
897	336	0.0317542
905	850	0.0184748
905	165	0.0359715
905	945	0.0159426
905	413	-0.0332758
905	20	0.0426149
905	916	0.0130963
905	64	-0.0633708
905	442	-0.0238623
905	386	-0.00679126
905	693	0.0319416
905	212	0.0345524
905	259	-0.0439359
910	474	-0.0497986
914	642	0.0216287
914	89	-0.0298865
914	944	-0.0245705
914	21	0.0349078
914	724	0.0223277
914	509	0.0245281
914	719	-0.0231272
914	715	-0.0283085
914	956	-0.0206144
914	127	0.0256412
914	40	0.0128577
914	864	-0.0190629
914	977	-0.05554
914	415	0.0191587
914	744	-0.0364761
915	804	-0.022782
915	354	0.0215694
915	383	0.061179
916	152	-0.0256213
916	341	0.0344446
916	934	0.0417921
916	317	-0.063469
918	217	-0.0183213
919	421	0.0305027
922	208	0.0248428
922	134	0.0156693
922	470	0.0396813
923	203	0.0361299
923	910	0.0185101
923	919	-0.0236871
923	290	-0.0399849
926	666	0.0594177
926	332	-0.0237578
926	368	0.0213401
926	823	0.0488073
929	729	0.0200387
929	853	0.0165033
929	720	-0.0228362
933	444	-0.0422493
933	704	-0.0195305
933	683	0.0521431
933	106	-0.0514287
933	588	0.0233319
935	793	0.0296429
935	83	-0.0303407
935	712	-0.0374909
935	110	-0.0213238
935	177	0.0167819
935	325	-0.0463969
935	447	0.0477877
935	642	-0.025367
935	894	-0.0219236
935	724	0.0174777
935	86	0.0802951
935	293	-0.0206468
935	769	0.0161254
935	772	0.028641
935	961	-0.00862911
935	590	0.0258278
935	31	-0.0286705
935	480	-0.0157019
935	380	-0.0377661
935	534	0.0357071
935	594	-0.0219799
935	443	0.0345234
935	286	0.0576978
935	372	-0.0358586
935	952	0.0334039
935	139	-0.0202713
935	568	0.0255264
935	973	0.0186148
936	517	-0.0399055
936	724	-0.0203655
936	827	-0.0225134
936	635	-0.0373042
936	223	-0.0302306
936	540	-0.02875
936	287	-0.0346037
936	610	-0.0149064
936	53	-0.0116213
937	298	-0.0297818
939	950	-0.0808349
939	599	-0.021522
939	926	0.030321
939	59	-0.0339452
939	341	-0.0862521
939	654	0.0837179
939	252	-0.0628975
939	942	0.0447354
939	778	0.0533779
939	282	-0.0458452
939	484	-0.0345778
941	472	0.0299037
941	774	-0.0279944
944	751	0.0266728
944	740	0.0251117
944	853	-0.0265699
944	290	0.0308455
944	410	-0.0444802
944	799	-0.0313165
944	527	-0.0309853
945	675	-0.0239743
945	950	-0.0468815
945	599	-0.038818
945	59	0.00690043
945	711	0.0506857
945	681	0.0672114
945	964	0.049325
945	559	0.0350662
950	630	0.0528681
950	693	-0.0534386
950	843	-0.0498614
953	353	0.0437859
959	128	0.0477242
961	619	0.0192692
961	526	-0.0213468
961	838	-0.0211019
962	241	-0.0508298
962	626	0.0344682
962	755	-0.0322459
962	377	-0.042931
962	295	-0.0795722
962	885	0.0549126
962	905	0.0555864
962	850	0.022865
962	803	-0.025992
962	939	0.0333781
962	629	0.051596
962	28	0.0241196
962	52	0.0597451
962	926	0.0356318
962	64	-0.0290722
962	332	0.0355742
962	60	0.0139568
962	547	-0.0463839
962	386	0.0294003
962	341	-0.0226365
962	368	0.0646517
962	39	0.0258528
962	703	0.0728211
962	654	0.0359212
962	681	-0.0442891
962	266	0.0184375
962	697	0.0277674
962	859	-0.0282239
962	655	-0.0385377
962	869	-0.0489069
962	460	0.0364483
962	807	0.030797
962	374	-0.0808472
962	623	-0.0358869
962	525	0.0511123
967	65	0.0350484
967	941	0.00517782
967	739	-0.0243766
967	665	-0.0220084
967	326	0.0295319
967	389	-0.0218194
967	249	-0.0450436
967	754	0.0444936
967	638	-0.0253394
968	778	-0.0559671
971	822	-0.0464375
982	665	0.0547425
982	479	-0.0534471
982	82	-0.0268437
987	602	0.0433166
988	904	-0.0217571
988	717	-0.0355185
996	604	0.053899
996	664	-0.0528272
996	608	-0.0287174
996	287	0.0176278
996	580	0.0172337
998	695	-0.0203077
998	827	-0.0212084
998	438	0.0312167
998	278	-0.0306366
998	738	0.0580606
998	661	0.0137304
998	68	0.00997675
999	168	0.0393916
