400
200
400
1000
500
3
0.333333	0.666667	
0	2	0.00233411	-0.0408769	0.060225
1	1	0.00276247	-0.0868585	0.0907996
2	0	0.00289631	-0.0244753	0.10073
3	2	0.00323589	0.0160581	0.0484945
4	0	0.00523501	-0.0117028	0.0338842
5	2	0.00587869	0.0308774	0.0190993
6	0	0.00935985	-0.00510205	0.0280394
7	2	0.0100602	0.0999453	0.0473453
8	0	0.0108015	-0.0561721	0.0263938
9	2	0.0110079	-0.034276	0.0370991
10	2	0.0145117	0.10122	0.0205842
11	2	0.0158408	0.0969703	0.00646338
12	2	0.0159975	0.0563883	0.0536796
13	2	0.0213046	0.138473	0.010486
14	2	0.0213407	-0.0199005	0.0672198
15	0	0.0221228	0.0766102	0.024096
16	0	0.0233353	0.00558503	0.0222147
17	0	0.0244662	-0.0551054	0.0915168
18	2	0.0279845	0.0299168	0.0245875
19	2	0.0284758	-0.110675	0.0346939
20	2	0.0295082	-0.0914787	0.0291571
21	2	0.0307296	0.0245255	0.0165511
22	0	0.0307668	-0.0238888	0.0136534
23	2	0.0310669	-0.00731803	0.09169
24	1	0.0365743	-0.0120785	0.128913
25	0	0.0366025	-0.0359296	0.125298
26	2	0.0405943	-0.00691219	0.0279891
27	0	0.0408841	0.194418	0.00828039
28	1	0.0411027	0.0577614	0.1426
29	2	0.041897	-0.0347595	0.0831544
30	1	0.0458399	0.0779418	0.0542374
31	2	0.0467735	-0.0720669	0.034244
32	2	0.0479006	0.0281809	0.0416422
33	0	0.0482548	-0.0275406	0.0653914
34	0	0.0502137	0.0439737	0.0324694
35	0	0.0528097	0.0231122	0.0599251
36	2	0.0538894	0.0111752	0.0531692
37	1	0.0542289	0.0164711	0.0865305
38	1	0.0550093	-0.0188794	0.0251518
39	1	0.0562831	0.00931343	0.00720872
40	1	0.0570111	-0.0183488	0.0161694
41	2	0.0573935	-0.00968633	0.0406807
42	0	0.0574517	-0.0233478	0.0808536
43	0	0.0575269	0.0172453	0.0278404
44	1	0.0605641	-0.0832397	0.0388501
45	0	0.0633545	-0.0110734	0.0476004
46	2	0.0681891	0.0503584	0.0273364
47	2	0.068376	-0.00986813	0.0150232
48	0	0.0687406	-0.0190386	0.063617
49	0	0.0691164	0.0129437	0.0701174
50	2	0.0708421	-0.0594927	0.0313044
51	0	0.0734817	-0.0381426	0.00369369
52	1	0.0738121	-0.0777827	0.028282
53	2	0.0766807	0.116077	0.0430825
54	0	0.076866	0.0222471	0.0547494
55	2	0.0770301	0.063195	0.0443577
56	2	0.0772822	0.03699	0.0359096
57	0	0.0780308	0.061947	0.014251
58	0	0.0796836	0.0420562	0.0484372
59	0	0.0807452	-0.0346073	0.0623187
60	2	0.0809528	-0.0107564	0.0261237
61	2	0.0819415	-0.0343156	0.0867714
62	2	0.0821037	-0.00946217	0.0516294
63	0	0.0839248	-0.0125607	0.0203297
64	1	0.0849395	0.0253847	0.13164
65	2	0.0859995	0.0383735	0.0294764
66	2	0.087985	0.041332	0.0399259
67	2	0.0891694	0.0740744	0.091508
68	1	0.0896825	0.0578093	0.0485033
69	0	0.093536	-0.0717601	0.0711222
70	1	0.093698	0.0495483	0.0575017
71	2	0.0939397	0.0297487	0.0501819
72	1	0.0939655	0.0390066	0.102083
73	2	0.0948273	0.0446669	0.0604912
74	2	0.0949317	0.132529	0.0954513
75	2	0.0965362	-0.0577939	0.0530568
76	0	0.0969836	-0.0101355	0.0600947
77	2	0.0979534	0.00554323	0.0113353
78	1	0.0994933	0.0348987	0.00816277
79	0	0.100548	-0.0259926	0.011467
80	1	0.100584	0.138262	0.0490017
81	0	0.101865	-0.0112938	0.0168157
82	0	0.10203	-0.0726722	0.0265744
83	0	0.10213	-0.0422235	0.0148811
84	0	0.102456	-0.0335003	0.0504256
85	0	0.102627	-0.00909612	0.0706347
86	2	0.105599	-0.0161374	0.00149464
87	0	0.106065	0.047552	0.0669328
88	0	0.106151	-0.104555	0.0248388
89	0	0.107068	0.0139499	0.0402009
90	0	0.107487	-0.0215739	0.0720115
91	2	0.108034	-0.0360893	0.0503727
92	2	0.10911	-0.050257	0.00336992
93	0	0.109122	-0.0368025	0.0250962
94	1	0.113499	-0.0853468	0.0915176
95	1	0.114273	-0.018025	0.0458216
96	2	0.115124	-0.124354	0.0146602
97	0	0.118161	-0.0129255	0.0276352
98	2	0.118866	-0.0168007	0.0559898
99	2	0.119716	-0.0122759	0.0499156
100	0	0.120132	-0.0441037	0.0142472
101	1	0.120666	0.0374943	0.0294768
102	0	0.120757	-0.0158945	0.0477691
103	0	0.120946	0.0494457	0.0448378
104	0	0.122265	-0.0215597	0.00240748
105	1	0.127436	0.0209897	0.0648887
106	1	0.129486	0.0607221	0.0133871
107	2	0.13115	-0.0472379	0.0448816
108	2	0.131231	-0.0419199	0.00930251
109	2	0.132544	-0.0423604	0.0462478
110	1	0.133665	-0.042074	0.0184708
111	0	0.135397	-0.0202585	0.0407681
112	0	0.138384	-0.00935547	0.0585085
113	0	0.138818	-0.0585743	0.0912292
114	2	0.139777	0.0468212	0.0141066
115	1	0.140466	-0.0862019	0.0436711
116	2	0.140985	0.032155	0.0638048
117	1	0.141162	-0.118141	0.119864
118	0	0.141168	0.0107705	0.0116171
119	2	0.141344	-0.029078	0.0153364
120	2	0.141513	0.0201476	0.0294276
121	0	0.146985	-0.0163895	0.0316135
122	2	0.148049	-0.0714848	0.0799096
123	2	0.148224	0.0863683	0.0476949
124	2	0.149224	0.0393456	0.0595289
125	0	0.149673	0.0613195	0.00150367
126	2	0.14994	-0.0262173	0.0179589
127	2	0.154016	0.054899	0.0734217
128	2	0.155515	-0.0445363	0.104673
129	0	0.155791	-0.0563623	0.0296683
130	2	0.15649	0.0840695	0.0209956
131	2	0.156722	0.0552619	0.0484445
132	2	0.157073	0.00824445	0.0144745
133	0	0.157322	0.0313067	0.0838557
134	1	0.15901	-0.245633	0.0611464
135	0	0.160788	-0.0828533	0.03994
136	2	0.161237	0.0462177	0.0606155
137	0	0.16259	-0.0351695	0.0155881
138	2	0.162731	-0.0226754	0.080462
139	2	0.1631	0.0427276	0.116118
140	0	0.165794	0.0254188	0.00723575
141	2	0.166446	-0.0470294	0.0125575
142	0	0.168149	0.030966	0.0245397
143	0	0.168192	-0.0367755	0.00531494
144	2	0.1727	-0.0403759	0.0392562
145	0	0.173044	0.0457598	0.0869329
146	2	0.173793	0.0297152	0.0292612
147	0	0.175079	0.00172812	0.0366604
148	0	0.176303	0.0544905	0.00661204
149	0	0.17669	0.0681732	0.0452972
150	0	0.176862	-0.0427907	0.0182875
151	0	0.177248	0.00871889	0.0303608
152	0	0.177411	0.0189847	0.0235194
153	1	0.179613	0.0546781	0.0732775
154	1	0.180584	-0.0385751	0.0015102
155	2	0.1821	0.0364479	0.0174658
156	2	0.182352	-0.0497775	0.0166298
157	2	0.183183	0.0356642	0.0510452
158	2	0.184791	-0.0827629	0.0390216
159	1	0.185042	-0.0118828	0.0335137
160	0	0.18726	-0.0743078	0.0185619
161	0	0.18873	-0.0446029	0.0261935
162	0	0.189584	0.103424	0.000501204
163	2	0.190911	0.0384058	0.0286141
164	1	0.190928	-0.0134366	0.0359967
165	1	0.19144	0.0412639	0.0406346
166	1	0.191675	-0.111344	0.107073
167	0	0.192079	0.233699	0.0400519
168	0	0.192249	-0.0184158	0.0048335
169	0	0.192447	0.0834404	0.0336981
170	2	0.193788	0.0238224	0.0291249
171	0	0.193817	0.0466271	0.0181874
172	2	0.194617	0.0620697	0.0305459
173	1	0.196649	0.0724174	0.0378336
174	0	0.199905	0.108941	0.0232016
175	1	0.202036	0.179645	0.0413488
176	1	0.202975	-0.00728057	0.115718
177	0	0.203118	0.117781	0.0648609
178	1	0.20337	0.157175	0.010179
179	2	0.203561	0.0123946	0.0359009
180	0	0.20379	0.068944	0.0244521
181	0	0.204447	0.0217519	0.0480836
182	0	0.206855	-0.0218517	0.0256739
183	0	0.210317	0.0547471	0.0123175
184	2	0.211138	0.0287571	0.0307246
185	1	0.212391	-0.0698696	0.115705
186	0	0.213551	0.0286762	0.0670622
187	0	0.214002	0.0401489	0.0065336
188	2	0.214639	0.0643163	0.0166557
189	1	0.216748	-0.0216407	0.0236669
190	1	0.217942	0.0513651	0.0869379
191	0	0.218134	0.18944	0.0779931
192	0	0.218431	0.0430203	0.0159372
193	0	0.219296	0.0260714	0.00547213
194	0	0.219408	0.0177582	0.0254842
195	0	0.21953	0.0376293	0.0161464
196	2	0.219757	0.0182944	0.0217556
197	0	0.220576	-0.0098719	0.0188706
198	2	0.220698	0.0256055	0.0942377
199	1	0.221208	0.0883692	0.0535612
200	0	0.223697	0.00642389	0.0061858
201	2	0.223884	0.0186711	0.0821206
202	1	0.224692	-0.0320679	0.0161779
203	0	0.225205	-0.0871943	0.0909851
204	0	0.226235	-0.0693578	0.0267668
205	0	0.22631	-0.0352563	0.00270292
206	0	0.228487	0.0632644	0.0606386
207	0	0.228905	0.0345527	0.045293
208	0	0.229106	0.0161613	0.0105289
209	1	0.229131	0.11568	0.00306103
210	2	0.229595	0.0279034	0.0364496
211	2	0.230327	-0.009411	0.070339
212	0	0.231632	-0.029417	0.0270508
213	1	0.23189	0.138548	0.151572
214	2	0.235	-0.0207947	0.0768658
215	0	0.235282	-0.0244118	0.0194842
216	0	0.236517	-0.0368363	0.0170091
217	1	0.237721	-0.0325875	0.0354301
218	0	0.238128	0.0604666	0.0667847
219	0	0.239391	-0.00641624	0.0587788
220	2	0.240842	-0.105318	0.066595
221	1	0.242639	0.0795804	0.112836
222	2	0.242803	-0.0245785	0.00161694
223	2	0.245309	-0.0225523	0.054825
224	2	0.245644	-0.00251085	0.0414841
225	0	0.246465	0.0312642	0.0847826
226	0	0.247014	0.0120645	0.0453495
227	1	0.2475	0.0157505	0.00601881
228	2	0.247994	-0.016592	0.0134009
229	0	0.249969	-0.043953	0.0227849
230	1	0.25084	-0.0371703	6.3636e-05
231	2	0.251475	0.0281568	0.0859879
232	2	0.253864	-0.0526636	0.026206
233	2	0.254343	0.00878051	0.0235313
234	0	0.255588	-0.0275979	0.0357882
235	1	0.2558	0.0212909	0.0104671
236	0	0.256269	-0.0275676	0.034884
237	0	0.257904	-0.0510348	0.0160697
238	0	0.258155	0.0353801	0.0414715
239	0	0.258392	0.145317	0.0145336
240	2	0.25933	-0.0770178	0.0333309
241	2	0.260267	0.0472369	0.0293033
242	0	0.260279	-0.0461301	0.0648879
243	2	0.261449	-0.0144665	0.0442612
244	1	0.262289	0.062977	0.0138008
245	0	0.262701	-0.0904611	0.0507459
246	2	0.263383	-0.094095	0.0199568
247	2	0.263686	-0.0290466	0.0585152
248	2	0.264644	0.0281466	0.0571973
249	2	0.268917	0.00588313	0.0291927
250	0	0.26915	-0.0068858	0.0222343
251	0	0.270102	-0.0554526	0.0426189
252	1	0.271033	0.0787651	0.0120486
253	0	0.272229	-0.00950562	0.061463
254	0	0.272422	0.0109781	0.0528186
255	0	0.272539	-0.0121366	0.0302413
256	2	0.273031	0.00197318	0.0636121
257	1	0.274408	-0.0822638	0.0891638
258	0	0.274995	-0.0434631	0.0227163
259	0	0.275294	-0.0462458	0.0908381
260	0	0.276917	0.0165581	0.00810532
261	2	0.277691	-0.0260505	0.0398163
262	2	0.278451	-0.0438607	0.0325202
263	2	0.279231	-0.0407162	0.0213274
264	1	0.280301	0.054292	0.00750507
265	0	0.283958	0.0733012	0.131386
266	2	0.285039	-0.0546969	0.0938358
267	0	0.285716	-0.0749257	0.0249918
268	1	0.286188	-0.0864098	0.0178339
269	1	0.286461	0.0248978	0.0296286
270	2	0.287118	0.0164642	0.025552
271	2	0.287826	-0.0562454	0.0187383
272	2	0.288325	-0.0208438	0.0850027
273	0	0.289499	-0.00893487	0.0574392
274	1	0.291442	0.0426847	0.0744192
275	2	0.293382	0.00921772	0.0875299
276	2	0.293817	-0.0415038	0.0694849
277	0	0.294385	0.0182997	0.0474007
278	0	0.298949	-0.00561196	0.00957386
279	0	0.300131	0.0481389	0.0525322
280	1	0.300214	-0.0383075	0.0463088
281	0	0.30022	0.0164343	0.0492834
282	0	0.301045	0.00450288	0.00635243
283	1	0.302579	0.0314748	0.0413111
284	1	0.304011	0.0225956	0.0232256
285	2	0.304248	-0.0599623	0.0272428
286	2	0.30451	0.0143558	0.0380065
287	1	0.306119	-0.0249977	0.0598504
288	0	0.307002	-0.0366808	0.0428122
289	2	0.307536	-0.0187922	0.0416038
290	2	0.308395	0.039251	0.051383
291	2	0.308654	-0.162906	0.0218066
292	1	0.308881	-0.0835968	0.0735704
293	0	0.310176	-0.0311609	0.00717815
294	0	0.312488	-0.0785796	0.128586
295	2	0.312513	-0.0650955	0.0640087
296	0	0.313427	0.0231567	0.0044891
297	1	0.31371	-0.0388678	0.113931
298	2	0.314367	0.0164925	0.0130542
299	0	0.315251	-0.0476015	0.0224641
300	2	0.316863	-0.00587671	0.00865312
301	0	0.317419	0.0465827	0.0797332
302	0	0.317696	-0.0187871	0.0727037
303	2	0.318237	0.0377996	0.0512566
304	0	0.320834	-0.0725118	0.0357693
305	2	0.322699	0.0307086	0.1028
306	0	0.32293	-0.0112076	0.0886638
307	0	0.323672	0.0277681	0.00103927
308	1	0.326949	-0.127972	0.02896
309	2	0.327921	0.0155513	0.0740143
310	0	0.328527	-0.0206758	0.0636917
311	0	0.329448	-0.0416011	0.0161878
312	2	0.330589	-0.0462616	0.0435435
313	0	0.330985	-0.0285009	0.00814109
314	2	0.333032	-0.0186158	0.045065
315	0	0.333401	-0.0386569	0.0841078
316	2	0.334746	0.0259433	0.0356766
317	0	0.339857	0.0289157	0.0102841
318	1	0.341743	-0.066125	0.0479069
319	1	0.342973	0.0557426	0.127603
320	2	0.345924	0.0437859	0.03235
321	0	0.346037	0.0621164	0.0353811
322	0	0.346205	-0.0818424	0.00894203
323	2	0.346348	0.0230537	0.0781562
324	0	0.346692	-0.010526	0.0145302
325	1	0.347076	0.0168942	0.00714372
326	2	0.351634	0.0294394	0.0517453
327	1	0.351809	0.0369551	0.104804
328	2	0.352193	0.063217	0.0930295
329	0	0.355	0.0365098	0.0812312
330	2	0.356416	0.0566192	0.0372079
331	1	0.357061	0.0177851	0.034953
332	2	0.357571	0.0100455	0.0703888
333	1	0.358633	0.070239	0.0415609
334	0	0.360176	-0.0338044	0.0939672
335	2	0.360897	-0.0639355	0.0363368
336	1	0.360975	0.157964	0.0472587
337	1	0.361287	-0.0874083	0.0615799
338	1	0.362874	0.148817	0.0370424
339	1	0.366871	0.0516161	0.0256181
340	2	0.367444	-0.0277584	0.0402023
341	1	0.370652	0.0506035	0.0484681
342	2	0.370945	0.0210486	0.00367119
343	1	0.371449	-0.0632575	0.0689916
344	0	0.372857	0.0354332	0.0640858
345	1	0.375819	-0.0161451	0.0586215
346	2	0.376436	-0.0638461	0.0574708
347	1	0.376456	-0.0958792	0.00595947
348	0	0.377135	0.0312517	0.0418815
349	2	0.378692	-0.0107469	0.0459391
350	1	0.379924	-0.117506	0.00112455
351	0	0.384755	-0.00610089	0.00751171
352	2	0.384777	0.0246356	0.0149179
353	0	0.387005	-0.114398	0.0194035
354	2	0.388559	-0.0149065	0.0939508
355	2	0.389109	0.022661	0.094489
356	2	0.390621	0.050068	0.0749563
357	2	0.390848	-0.0295478	0.0225786
358	2	0.391894	-0.00502389	0.0143218
359	0	0.392405	0.15507	0.0902517
360	1	0.393362	-0.0213179	0.0589056
361	1	0.394888	-0.0185662	0.0207184
362	1	0.395763	0.0533743	0.079675
363	0	0.403703	-0.0530612	0.0912072
364	0	0.405475	0.0355306	0.0511971
365	0	0.406337	-0.0112445	0.000607494
366	1	0.406513	0.00530003	0.0788189
367	0	0.406663	-0.0704101	0.00663195
368	1	0.407237	-0.00869729	0.0823053
369	2	0.407471	-0.0391247	0.0354288
370	2	0.409878	0.0368756	0.0317029
371	0	0.410902	0.0116952	0.127505
372	2	0.411751	-0.0387959	0.013257
373	0	0.413807	-0.0202352	0.0294418
374	0	0.41418	0.0236564	0.0687936
375	1	0.414305	-0.00471812	0.0298257
376	2	0.414337	0.0198396	0.010687
377	1	0.414572	0.0674963	0.00933262
378	0	0.416081	0.0702464	0.049659
379	1	0.416186	0.0449003	0.0525907
380	0	0.417169	0.0722449	0.0694393
381	2	0.419157	0.013748	0.0543908
382	0	0.419316	0.0314319	0.0559579
383	0	0.419623	-0.0329047	0.00241737
384	2	0.420072	0.0311234	0.110735
385	2	0.42111	-0.0178423	0.0255597
386	2	0.423062	0.00761036	0.0353364
387	1	0.42417	-0.0274905	0.0438116
388	2	0.424317	0.0598422	0.021264
389	0	0.425341	0.0139503	0.0309601
390	2	0.425348	0.0789499	0.0386225
391	2	0.425867	-0.0631327	0.0611851
392	2	0.42735	-0.0413743	0.0415799
393	2	0.428336	0.02003	0.0131029
394	2	0.43159	0.0440122	0.0278282
395	1	0.432419	0.0185735	0.0310499
396	0	0.435603	0.0256468	0.0316799
397	2	0.440624	0.0291498	0.0281526
398	1	0.441002	0.0755218	0.059338
399	2	0.441175	-0.0427075	0.0825947
400	2	0.442249	0.0161103	0.00771249
401	0	0.447174	0.00844652	0.00987478
402	2	0.447209	-0.0349134	0.00203517
403	0	0.447554	-0.0422136	0.00239858
404	0	0.448401	-0.0414754	0.0294745
405	2	0.448466	-0.0467378	0.0585971
406	0	0.451787	0.0334379	0.025524
407	0	0.454075	0.0285337	0.0081393
408	0	0.456255	0.0267361	0.0110002
409	0	0.457958	0.00432808	0.0236356
410	0	0.458306	0.00891739	0.0699036
411	0	0.458379	0.0848275	0.0392822
412	1	0.458683	0.035068	0.0174079
413	2	0.46044	-0.111343	0.0230305
414	0	0.462437	-0.00974859	0.00784757
415	2	0.462535	-0.0510766	0.053038
416	0	0.462633	0.0336365	0.00391193
417	2	0.462637	-0.0419424	0.00943475
418	0	0.46271	-0.00533763	0.00448031
419	0	0.463747	0.0237971	0.0219077
420	2	0.465191	0.0479665	0.015089
421	0	0.465618	-0.0426662	0.0549492
422	1	0.466991	-0.0340158	0.014591
423	2	0.469169	0.0369868	0.0162782
424	1	0.469505	0.00728607	0.0342125
425	1	0.469615	-0.0413266	0.057586
426	2	0.471197	-0.00302016	0.0767952
427	2	0.472317	-0.0109728	0.0286087
428	0	0.472624	0.0225306	0.109901
429	1	0.473061	0.0335184	0.188479
430	2	0.473124	-0.0338081	0.0247478
431	2	0.474473	-0.0454582	0.0702944
432	2	0.475856	-0.0147427	0.00910627
433	2	0.476139	-0.0574445	0.0122956
434	1	0.476165	0.0466563	0.0738537
435	2	0.477614	-0.0377968	0.0625131
436	2	0.477849	-0.00789207	0.0460022
437	0	0.480731	0.037721	0.0100865
438	2	0.481063	-0.0187518	0.0397727
439	2	0.48181	0.0232518	0.0213651
440	2	0.482387	-0.00870868	0.03997
441	0	0.4825	-0.0184328	0.0715301
442	2	0.482936	-0.0712928	0.0560065
443	2	0.483658	0.0217798	0.0300805
444	1	0.484312	0.144356	0.050246
445	2	0.484874	0.0216434	0.0506777
446	2	0.485226	-0.0365386	0.0358475
447	2	0.485888	-0.0674336	0.00646494
448	1	0.486688	0.0271749	0.145207
449	0	0.48733	-0.0277001	0.0498429
450	2	0.487655	0.0163928	0.0331524
451	1	0.488029	-0.044298	0.0154763
452	2	0.488726	0.0137787	0.048414
453	1	0.489218	0.131613	0.0629008
454	0	0.489637	0.0142347	0.0445874
455	1	0.491109	0.00936552	0.0697297
456	1	0.491524	-0.0251399	0.0193281
457	1	0.492008	-0.0590105	0.0952331
458	2	0.494303	-0.0622641	0.0280723
459	0	0.494712	-0.00456435	0.0812107
460	2	0.494971	-0.0647374	0.0297699
461	0	0.495132	-0.0244169	0.0634344
462	1	0.49748	-0.0670198	0.142867
463	2	0.497779	0.0421895	0.0244845
464	1	0.497812	0.0313385	0.0774565
465	2	0.498109	0.0690346	0.0422582
466	2	0.498367	-0.0216439	0.0631759
467	2	0.499555	-0.0245794	0.0372935
468	0	0.499744	0.0190988	0.0360778
469	2	0.500118	-0.0289156	0.0997597
470	2	0.501371	0.0244536	0.0435506
471	1	0.5017	0.0429707	0.0357033
472	0	0.501764	-0.089685	0.0129147
473	1	0.501904	0.0419986	0.100139
474	0	0.503055	-0.0243261	0.0701072
475	0	0.503176	0.00478206	0.0260388
476	1	0.503632	-0.0198929	0.0301293
477	2	0.50368	0.15262	0.00801245
478	0	0.505086	-0.0186939	0.0702843
479	2	0.50712	-0.0335845	0.0456783
480	2	0.508515	-0.0294986	0.0157726
481	0	0.508835	0.0592556	0.00779596
482	0	0.509331	0.0145854	0.0754023
483	1	0.510611	0.0225961	0.0418678
484	1	0.510795	0.0154831	0.170015
485	0	0.511625	0.011596	0.0795812
486	2	0.511765	-0.0386266	0.0178277
487	0	0.511843	0.0191918	0.0521873
488	0	0.512882	-0.0208721	0.0150592
489	0	0.513337	0.0560612	0.0338154
490	0	0.513868	-0.031176	0.0186761
491	2	0.515914	-0.0327462	0.0648036
492	2	0.516812	0.0237948	0.00604807
493	0	0.516954	-0.0586341	0.0815154
494	0	0.518433	-0.0459867	0.0343058
495	1	0.519274	-0.0602493	0.0791217
496	2	0.521183	-0.0136305	0.0244629
497	0	0.522885	-0.0162699	0.0576631
498	2	0.523468	0.0064858	0.0924124
499	2	0.524014	0.0599284	0.0704569
500	0	0.524361	-0.054127	0.0576601
501	0	0.525169	0.0295343	0.0769578
502	1	0.525648	0.0814411	0.0324054
503	0	0.526945	0.0351636	0.0241908
504	1	0.52743	-0.0171391	0.0746503
505	2	0.529754	0.0628523	0.0329798
506	2	0.531006	0.0619058	0.0277469
507	0	0.532088	0.0275526	0.00492218
508	1	0.532307	0.0235292	0.157144
509	0	0.532814	-0.0333868	0.0106723
510	1	0.533066	0.0688809	0.0151879
511	1	0.533395	0.04939	0.184754
512	0	0.535061	-0.0991115	0.0573636
513	0	0.535554	-0.0610945	0.0418297
514	2	0.536078	0.014644	0.0497922
515	1	0.536199	0.0712658	0.0514988
516	2	0.538145	-0.0636275	0.0134524
517	0	0.538388	-0.0453597	0.0217129
518	0	0.538527	0.0542868	0.0305031
519	0	0.54099	-0.0133398	0.0600121
520	2	0.541222	-0.0816634	0.0575202
521	0	0.542042	0.0600848	0.0988157
522	2	0.543066	0.0391171	0.039612
523	2	0.543298	0.0601661	0.0650092
524	0	0.543735	-0.0389863	0.0102238
525	0	0.543905	-0.0594054	0.0932435
526	1	0.544982	0.0353852	0.0431824
527	2	0.545709	0.0863645	0.0577058
528	1	0.54741	-0.0924792	0.0227804
529	0	0.5477	-0.008083	0.0332237
530	1	0.548537	0.126335	0.032941
531	1	0.549821	0.075681	0.0745377
532	2	0.549843	-0.0140941	0.0588168
533	0	0.550065	-0.0730725	0.0553783
534	2	0.552801	0.0311578	0.0222779
535	0	0.553118	0.012567	0.00798545
536	2	0.557396	-0.0661503	0.062093
537	2	0.557666	0.190273	0.129398
538	0	0.563697	-0.0407557	0.0545438
539	2	0.567364	-0.0452163	0.0144718
540	0	0.568967	0.0161683	0.0106923
541	0	0.569857	0.0751686	0.0425952
542	0	0.570069	0.0191332	0.0330578
543	2	0.571503	-0.0129818	0.0886681
544	0	0.571859	0.0516802	0.0341655
545	0	0.572356	-0.0218861	0.00181053
546	0	0.57279	-0.0189028	0.033818
547	0	0.572803	-0.012049	0.0977274
548	2	0.573495	0.064741	0.00612666
549	0	0.574227	0.078812	0.0644924
550	2	0.575791	0.0619624	0.0527462
551	1	0.576924	-0.01913	0.0373005
552	2	0.577378	0.0182784	0.132647
553	0	0.57809	-0.0535265	0.0670182
554	2	0.580519	-0.0824516	0.0332438
555	2	0.580996	-0.0329833	0.0187225
556	0	0.586072	-0.00959987	0.0598956
557	0	0.586688	0.0235284	0.0171794
558	2	0.586718	-0.0100399	0.0409656
559	0	0.587122	-0.0560925	0.0641171
560	2	0.589238	0.0310299	0.0409847
561	0	0.590261	0.0438215	0.0456233
562	0	0.590695	-0.0109988	0.013144
563	1	0.591518	0.105213	0.0178136
564	2	0.594056	-0.0115287	0.0242155
565	2	0.594869	0.0241899	0.0570165
566	2	0.595317	-0.0318061	0.0670879
567	1	0.595966	-0.0226584	0.0452169
568	2	0.596213	0.0460456	0.0442673
569	1	0.596677	0.110874	0.0294362
570	0	0.597844	-0.0661605	0.0622098
571	2	0.600716	-0.0141998	0.0438427
572	0	0.600848	0.041556	0.0492526
573	2	0.601421	-0.00731899	0.00632335
574	0	0.602536	0.0240949	0.0147201
575	0	0.602892	-0.053321	0.0810792
576	0	0.602928	0.045803	0.0120252
577	0	0.603478	0.0104891	0.0679331
578	1	0.603815	0.045876	0.0758317
579	0	0.60394	-0.0192307	0.114644
580	0	0.603966	-0.0658774	0.0360638
581	2	0.604082	-0.00772882	0.0123265
582	0	0.604118	0.0293844	0.00151043
583	2	0.605444	-0.0456009	0.0944484
584	2	0.606055	0.0186112	0.0355695
585	2	0.608204	-0.104088	0.00982973
586	1	0.609713	0.038417	0.0218872
587	2	0.610674	-0.0150903	0.12396
588	1	0.611026	0.0999015	0.156165
589	2	0.611516	-0.00516313	0.0653154
590	1	0.613652	0.0753256	0.0381993
591	1	0.614337	-0.100873	0.049722
592	0	0.614979	-0.0153904	0.0453212
593	2	0.615499	-0.127505	0.0369325
594	2	0.616445	-0.0105985	0.0793276
595	1	0.617876	-0.0790965	0.00213884
596	2	0.617901	-0.0171048	0.0475986
597	2	0.617911	-0.0609358	0.0440975
598	2	0.619379	0.0542871	0.0317628
599	0	0.620203	0.0327144	0.0126062
600	0	0.620738	-0.0281191	0.00836082
601	2	0.623186	-0.0882388	0.057459
602	0	0.62516	-0.00745967	0.0632685
603	2	0.627277	-0.0772753	0.0275247
604	1	0.62745	-0.0714409	0.0322827
605	2	0.627573	-0.0111605	0.0112216
606	2	0.628166	0.00682432	0.0287738
607	0	0.62847	0.0205782	0.119503
608	1	0.628494	-0.027608	0.0370933
609	1	0.629865	0.0546638	0.0115537
610	2	0.629955	-0.0728825	0.014148
611	2	0.630106	-0.0294441	0.0889552
612	0	0.630191	0.00836561	0.0319424
613	0	0.630911	-0.0138104	0.14174
614	2	0.632218	0.0342096	0.0176666
615	1	0.633075	0.0350377	0.144286
616	2	0.633718	-0.0634766	0.0813961
617	2	0.634174	0.0544313	0.079135
618	2	0.635907	0.00973219	0.0280389
619	2	0.638052	-0.0741191	0.0441492
620	0	0.638093	0.060969	0.0516458
621	0	0.639199	0.127677	0.0192172
622	2	0.6394	0.00683789	0.0499173
623	0	0.6415	0.016546	0.0173978
624	2	0.644068	-0.0275212	0.127105
625	0	0.644397	0.0179032	0.0690682
626	2	0.64594	-0.0202932	0.0426407
627	0	0.646422	-0.0647752	0.00384616
628	2	0.647726	0.0881269	0.0543578
629	1	0.647973	-0.0536609	0.0911489
630	2	0.647982	0.0539167	0.0163087
631	2	0.652105	0.000926849	0.0240653
632	0	0.652647	-0.0123836	0.0836423
633	1	0.653139	0.0292069	0.0473781
634	2	0.654287	0.0186902	0.0180135
635	0	0.654969	-0.11525	0.0631087
636	0	0.655103	-0.00662349	0.00280101
637	0	0.655177	-0.0551883	0.0145463
638	1	0.65602	-0.0365262	0.0164159
639	1	0.656218	0.026331	0.0606859
640	2	0.656458	-0.042925	0.051026
641	1	0.656982	-0.0350611	0.00958286
642	0	0.657376	0.0204492	0.048894
643	0	0.659945	-0.0309669	0.016605
644	2	0.661309	-0.00825224	0.0177966
645	2	0.661781	-0.0176355	0.054116
646	2	0.661817	-0.100354	0.0598434
647	0	0.662329	-0.0308478	0.0333496
648	1	0.662698	0.0587189	0.021823
649	0	0.663025	0.018815	0.0463781
650	0	0.663403	-0.035714	0.00950491
651	0	0.663903	0.0428875	0.0998943
652	2	0.667775	-0.0224783	0.111521
653	1	0.672334	-0.03525	0.0331334
654	2	0.673329	-0.0182803	0.0518737
655	0	0.673873	-0.057054	0.070059
656	0	0.67396	0.0163221	0.0396642
657	2	0.67514	0.061971	0.104336
658	1	0.677135	0.0882968	0.0518514
659	1	0.677955	0.0206038	0.00774357
660	0	0.678253	-0.00981832	0.0222971
661	2	0.67923	-0.0409216	0.0111496
662	1	0.679349	0.0648137	0.0629987
663	0	0.68035	0.0390434	0.0127042
664	2	0.680954	-0.0174045	0.0624601
665	0	0.681629	-0.0228022	0.000921458
666	2	0.683829	0.00764768	0.00137862
667	2	0.685091	-0.0306641	0.0380316
668	1	0.685738	0.0768115	0.00885888
669	2	0.686273	-0.0168806	0.0938165
670	0	0.686829	-0.00971311	0.115818
671	0	0.689525	0.0324973	0.038689
672	2	0.69091	-0.0129269	0.0125432
673	0	0.693591	0.0359412	0.0179709
674	0	0.694271	0.0522538	0.0288311
675	1	0.69473	-0.0593924	0.00416255
676	2	0.694761	0.0337592	0.0348876
677	0	0.695835	0.042157	0.0371679
678	0	0.696725	-0.0351683	0.0091196
679	2	0.69741	-0.0528413	0.0541885
680	2	0.697493	0.108766	0.0574568
681	2	0.698761	0.0429427	0.0288351
682	1	0.699942	0.0181071	0.103329
683	2	0.704308	0.0195217	0.00963053
684	2	0.705665	-0.0514152	0.0545
685	2	0.705692	0.0385971	0.03461
686	0	0.706119	-0.0439009	0.0285205
687	1	0.709617	-0.140702	0.085083
688	0	0.710412	0.0552151	0.00346233
689	2	0.71052	0.0236293	0.0455615
690	1	0.710921	0.0355777	0.0963136
691	2	0.711358	0.0103521	0.0119307
692	0	0.711495	-0.0927874	0.0553691
693	0	0.711692	-0.0284195	0.101047
694	2	0.711841	0.0239643	0.0638472
695	2	0.716338	0.0341481	0.0246311
696	1	0.716644	-0.0168184	0.0697456
697	2	0.717293	-0.0707182	0.0615973
698	2	0.71801	0.0485131	0.0321937
699	0	0.718212	0.0450145	0.00485312
700	2	0.718877	-0.0775903	0.0265222
701	2	0.719004	0.0114999	0.0298793
702	2	0.719746	0.0278349	0.0200846
703	0	0.71975	0.010724	0.0878579
704	2	0.721643	-0.0639603	0.0401734
705	1	0.722288	-0.0621476	0.137249
706	1	0.72326	0.0173022	0.0975529
707	2	0.724004	-0.0111251	0.0262164
708	1	0.724686	0.0715243	0.000897418
709	2	0.726482	-0.00632221	0.0231805
710	0	0.726789	-0.0558031	0.00964325
711	0	0.726834	0.0178393	0.0268698
712	2	0.727084	-0.0419153	0.0327938
713	1	0.727111	-0.113289	0.155448
714	0	0.729141	0.0347381	0.0882937
715	0	0.729903	-0.0283164	0.0264662
716	0	0.730987	-0.0880846	0.0191003
717	2	0.731121	0.0618119	0.0348624
718	1	0.731772	0.047028	0.0643586
719	0	0.731927	0.0195245	0.0850994
720	2	0.732093	0.0719994	0.0344214
721	1	0.732281	-0.146248	0.0231687
722	2	0.732414	0.0148411	0.0105985
723	0	0.732434	0.0202878	0.0528601
724	0	0.733864	-0.0246372	0.0883464
725	0	0.736707	-0.013882	0.0169417
726	0	0.737212	0.0283657	0.00307619
727	0	0.737422	-0.0112437	0.0153807
728	2	0.740212	0.021783	0.00227343
729	2	0.740823	0.036885	0.0480563
730	2	0.742725	0.0378951	0.000221245
731	2	0.744509	0.085729	0.0390251
732	2	0.745141	-0.0227121	0.0377474
733	1	0.745252	-0.0884869	0.0612626
734	1	0.747443	0.0624184	0.0642014
735	1	0.747778	0.0387665	0.0480123
736	0	0.747863	-0.0407837	0.00411821
737	2	0.748499	0.00768598	0.0962872
738	2	0.748554	0.0815966	0.128689
739	0	0.749767	-0.0937125	0.0922155
740	0	0.749815	-0.0421563	0.0125613
741	0	0.75075	0.0333692	0.0594605
742	2	0.750861	-0.0542653	0.0248015
743	1	0.752821	0.132237	0.0399969
744	1	0.753639	-0.0742621	0.0283217
745	0	0.758819	-0.0266759	0.0339381
746	0	0.759104	0.0171651	0.0802423
747	2	0.759288	-0.0245507	0.0322715
748	1	0.759423	-0.094809	0.0269356
749	1	0.760417	-0.0421508	0.0464932
750	2	0.760738	0.021711	0.0450472
751	2	0.761033	0.0392557	0.0302085
752	2	0.761519	-0.0740068	0.0224638
753	0	0.761636	0.0227967	0.0533161
754	2	0.762566	0.000393872	0.0386655
755	2	0.765519	-0.0479119	0.0191312
756	0	0.765575	-0.0626486	0.025432
757	2	0.766466	0.0842093	0.0285109
758	0	0.767579	-0.0275626	0.0478978
759	2	0.768734	0.0160705	0.0823186
760	0	0.769597	-0.0581491	0.061352
761	0	0.770296	-0.0376676	0.0137739
762	2	0.77155	0.158374	0.0206635
763	2	0.773169	0.0399455	0.0303071
764	0	0.774159	-0.0547185	0.0618115
765	2	0.77421	0.06888	0.0180486
766	1	0.774293	-0.0390534	0.0423321
767	2	0.775248	-0.0245168	0.0409052
768	0	0.776798	0.157849	0.0432361
769	2	0.77703	-0.0348269	0.00720248
770	1	0.777887	-0.0317532	0.0525309
771	0	0.777892	0.00295359	0.0481589
772	0	0.777964	0.12497	0.0517984
773	0	0.779945	0.036394	0.037438
774	1	0.780549	0.00969414	0.0369047
775	0	0.780662	0.0158558	0.0079125
776	0	0.780734	0.0723609	0.0500514
777	2	0.782104	-0.016079	0.0324641
778	0	0.783599	-0.0156366	0.0507116
779	2	0.784787	0.0128092	0.0627714
780	1	0.785726	0.0184037	0.0370192
781	2	0.788825	-0.0523705	0.103447
782	1	0.789303	0.0726441	0.0228719
783	1	0.790415	-0.0174814	0.112863
784	2	0.790512	0.039221	0.0031674
785	0	0.791181	-0.00646779	0.031048
786	0	0.792579	-0.0149372	0.00788263
787	1	0.794139	0.0297277	0.192839
788	2	0.794214	0.0304277	0.0648859
789	2	0.79424	0.0205967	0.0349728
790	2	0.794571	-0.012101	0.0730066
791	0	0.795171	-0.0605009	0.0175134
792	2	0.797238	-0.0297485	0.0846398
793	1	0.799219	-0.141333	0.00544278
794	0	0.799512	-0.0385185	0.0758461
795	0	0.799834	-0.0193669	0.0424195
796	0	0.801442	-0.0336421	0.0612542
797	0	0.8015	0.0349548	0.0221962
798	0	0.802767	0.0807459	0.0524918
799	1	0.804058	0.034087	0.0728341
800	2	0.805762	-0.110291	0.0539714
801	0	0.808415	-0.0200537	0.016011
802	2	0.808839	0.0353282	0.0829507
803	2	0.809861	0.0231281	0.00158742
804	0	0.810037	-0.0746606	0.0633105
805	1	0.810141	-0.0522374	0.0265784
806	2	0.811361	0.0250331	0.0358974
807	0	0.811733	0.0363614	0.02751
808	0	0.811946	-0.0385321	0.0614619
809	2	0.814143	0.0330386	0.0291661
810	1	0.815544	0.0195213	0.0187021
811	1	0.815742	0.0636881	0.139421
812	0	0.816381	-0.0449634	0.0643524
813	2	0.816913	0.0438421	0.0216428
814	2	0.817457	-0.0104263	0.112265
815	2	0.818404	-0.0363335	0.0543768
816	2	0.819463	-0.0144365	0.0434268
817	0	0.819585	0.020946	0.00452173
818	0	0.822135	-0.0233321	0.0762234
819	0	0.822501	-0.0293195	0.0671338
820	2	0.822755	-0.00804671	0.103673
821	2	0.825263	-0.0763163	0.0393466
822	0	0.826075	-0.038065	0.0127979
823	2	0.826921	0.0455004	0.01117
824	2	0.827134	-0.00975581	0.0577763
825	2	0.827369	-0.0277102	0.0362422
826	1	0.827542	0.0321333	0.0708565
827	2	0.827597	-0.0186822	0.00994348
828	2	0.828168	-0.0379677	0.0361336
829	0	0.828372	0.0479862	0.0302587
830	2	0.8289	-0.0552832	0.0524563
831	0	0.829229	0.00120794	0.0269244
832	2	0.829666	0.0292334	0.0121821
833	2	0.829836	0.0477263	0.0202297
834	2	0.832396	-0.0911799	0.0299058
835	2	0.832884	0.0571428	0.0060942
836	2	0.834098	-0.120414	0.00599927
837	0	0.834449	-0.0553338	0.00224959
838	2	0.835196	0.00276949	0.0075681
839	0	0.836563	-0.0157041	0.034212
840	0	0.83856	0.0679273	0.00489941
841	0	0.838655	0.00986995	0.00194576
842	2	0.839976	-0.00337473	0.00400753
843	1	0.840071	0.00886653	0.0773531
844	0	0.840127	-0.0472713	0.008676
845	0	0.842389	0.0599474	0.0393414
846	0	0.842545	-0.0605299	0.0669332
847	0	0.846292	-0.0769301	0.0123086
848	2	0.846327	0.0355992	0.014496
849	2	0.846401	-0.00986846	0.0987392
850	0	0.847403	-0.0224309	0.0358315
851	2	0.853362	-0.0329918	0.0421358
852	0	0.854968	-0.0457421	0.0307455
853	1	0.855051	-0.0527076	0.0671006
854	2	0.856806	0.0562253	0.0535301
855	1	0.857773	-0.0588686	0.0648335
856	2	0.858086	0.0221819	0.034954
857	0	0.859933	-0.0189206	0.00607617
858	2	0.860624	0.0108385	0.00861408
859	0	0.86145	-0.088395	0.012735
860	0	0.862357	0.0415931	0.0290411
861	2	0.862546	-0.0625269	0.0074449
862	2	0.862638	0.0366529	0.0185492
863	0	0.864802	0.0621753	0.066985
864	0	0.867063	-0.0230604	0.0245364
865	0	0.867345	-0.0193109	0.0444097
866	2	0.867769	-0.0501041	0.0258124
867	1	0.868101	-0.127979	0.138193
868	0	0.868844	-0.121747	0.0482584
869	2	0.870052	-0.0462876	0.0629679
870	0	0.870458	0.0835458	0.00500922
871	1	0.871014	-0.116455	0.0719287
872	0	0.871605	0.0180021	0.0949846
873	2	0.872644	0.0568395	0.039642
874	2	0.872787	0.0133478	0.0108904
875	0	0.874314	-0.0443711	0.0310317
876	0	0.877359	-0.0369704	0.0208276
877	0	0.878758	-0.0103869	0.0192849
878	2	0.880045	0.0901084	0.000958558
879	2	0.880377	-0.0182453	0.00902208
880	0	0.882255	-0.0406868	0.01175
881	2	0.88374	0.0504071	0.0334469
882	1	0.884794	-0.014805	0.00462386
883	1	0.884815	-0.0309632	0.0783161
884	0	0.885074	-0.0104534	0.00703193
885	2	0.885078	-0.051165	0.0329888
886	2	0.885429	-0.058723	0.0582172
887	0	0.887189	0.0152717	0.0594573
888	2	0.888503	-0.0482798	0.0413853
889	0	0.889017	-0.0160711	0.0428216
890	2	0.891947	0.104592	0.0561481
891	0	0.892619	-0.0383218	0.0416439
892	1	0.893996	-0.0856937	0.0441934
893	2	0.894764	-0.0458058	0.0348501
894	0	0.894789	0.0115644	0.0820401
895	1	0.895278	-0.0254611	0.0498467
896	1	0.897444	0.0232381	0.049821
897	2	0.898572	0.0439109	0.00287799
898	0	0.899157	-0.0725772	0.00405595
899	2	0.904412	-0.0501587	0.0341269
900	1	0.905453	-0.078154	0.0193482
901	0	0.905557	-0.0344008	0.0521152
902	2	0.906776	0.00595339	0.0523119
903	1	0.907895	0.0260243	0.0374168
904	2	0.908349	-0.0460828	0.0031391
905	0	0.909086	-0.00269432	0.00982824
906	0	0.909633	-0.0609546	0.0269041
907	2	0.909649	-0.0287431	0.0270731
908	2	0.917421	-0.0570912	0.0170304
909	1	0.918654	0.0616438	0.109462
910	0	0.919856	-0.00686151	0.0560475
911	2	0.919926	0.00469913	0.10432
912	0	0.920133	0.0299149	0.0476662
913	1	0.920338	0.037697	0.00394738
914	2	0.920555	0.0149336	0.0321316
915	2	0.920886	0.0343876	0.0298583
916	0	0.922491	0.0251651	0.0931895
917	0	0.924188	-0.00939567	0.0363132
918	2	0.924217	-0.0094096	0.0133696
919	2	0.926224	0.0277602	0.0663292
920	0	0.926225	-0.0649844	0.0595345
921	2	0.926762	-0.0533346	0.0330462
922	0	0.927866	0.00823683	0.0789465
923	0	0.928193	-0.00991912	0.0345201
924	0	0.930479	0.0683797	0.00111889
925	1	0.93406	-0.0202104	0.12567
926	0	0.935045	0.0438776	0.00487775
927	0	0.935309	-0.00464416	0.00698413
928	2	0.935851	-0.0900196	0.0388823
929	2	0.937411	0.0417495	0.0511047
930	2	0.93831	-0.00682462	0.0472487
931	2	0.938739	0.0387408	0.0239419
932	0	0.939022	0.049674	0.0334704
933	0	0.940352	0.0197576	0.0307461
934	0	0.941027	-0.018972	0.0419626
935	0	0.941258	-0.028522	0.055033
936	0	0.941329	-0.0122855	0.048269
937	0	0.941507	-0.0788362	0.00311383
938	0	0.942075	-0.00486528	0.03935
939	2	0.942651	-0.0282434	0.0418171
940	0	0.945185	-0.0703054	0.0978054
941	0	0.946313	-0.0521313	0.0166854
942	2	0.947969	0.00406899	0.0203132
943	2	0.948278	-0.0832832	0.00780026
944	0	0.948517	0.00414094	0.0692855
945	2	0.949072	-0.0946698	0.0465032
946	0	0.949632	-0.00268203	0.0704895
947	2	0.950069	0.077244	0.0231421
948	1	0.950192	0.0763308	0.00850093
949	0	0.951112	0.0431998	0.0538685
950	0	0.954347	0.117007	0.00944418
951	0	0.954497	-0.0175419	0.101305
952	2	0.956321	-0.0263557	0.0354787
953	1	0.957343	0.129656	0.0424008
954	1	0.958454	-0.0306356	0.0143506
955	2	0.959699	-0.0577923	0.0289469
956	2	0.959937	-0.0297974	0.0201305
957	0	0.960399	-0.0216792	0.0192106
958	0	0.960792	-0.00953715	0.0628337
959	2	0.963231	-0.0193377	0.0622006
960	2	0.965773	-0.0156893	0.0614995
961	0	0.965955	0.0526416	0.000273805
962	1	0.966069	0.0527681	0.0189372
963	0	0.966674	-0.0533407	0.0216296
964	0	0.969637	0.067168	0.0640139
965	0	0.969734	-0.0262273	0.0178115
966	2	0.97061	0.0438825	0.0257177
967	2	0.9711	-0.0513486	0.0718397
968	1	0.971558	-0.0309056	0.0489275
969	0	0.971694	-0.0626004	0.0475567
970	1	0.971864	0.0658502	0.0642832
971	2	0.973818	-0.0539297	0.0182812
972	2	0.976126	-0.0859882	0.0483943
973	0	0.977874	-0.0038195	0.0292108
974	0	0.978823	-0.0501647	0.0334571
975	2	0.979634	0.0225712	0.0730138
976	0	0.980724	-0.0660241	0.0507036
977	1	0.981441	-0.226266	0.137759
978	0	0.981728	0.0522842	0.00374738
979	0	0.982095	-0.0384594	0.0468212
980	0	0.983084	0.0187185	0.00394086
981	2	0.983366	-0.0218613	0.00438549
982	0	0.9837	-0.036955	0.0601758
983	2	0.984249	-0.023276	0.0285503
984	2	0.98428	0.0342658	0.00528577
985	2	0.984438	0.0255086	0.0259737
986	0	0.985046	-0.0603679	0.00161579
987	1	0.986119	-0.0373647	0.0277887
988	0	0.98619	-0.136685	0.0182305
989	2	0.989151	0.0249957	0.0615787
990	0	0.989391	0.0749961	0.0303432
991	0	0.991955	-0.017573	0.0265357
992	2	0.99385	-0.0322108	0.111352
993	0	0.993937	-0.0163279	0.0359767
994	0	0.994347	-0.0343112	0.0632724
995	1	0.995633	-0.0254882	0.0127042
996	2	0.996202	-0.0163605	0.0572534
997	0	0.996603	-0.0183446	0.150208
998	1	0.997697	-0.0135053	0.111907
999	1	0.999441	0.0955049	0.0134755
1	189	-0.0620606
2	699	0.0435979
2	421	-0.0367822
15	775	0.0205401
15	215	0.0214909
15	89	0.0269977
15	380	-0.0293218
15	703	0.0435114
15	964	0.0253392
15	251	-0.020138
25	238	0.0487983
25	250	-0.0148882
25	817	0.0460939
25	497	-0.0452415
25	963	0.0152167
28	483	0.0615843
28	471	0.0313163
28	586	0.0393088
28	134	0.0531685
28	30	0.0209085
28	749	0.0617162
28	425	-0.0194382
28	325	0.0368855
33	245	0.0188723
33	761	0.0700764
33	592	0.0352948
33	97	0.019806
33	958	-0.0242949
33	562	0.0317012
33	142	-0.0263761
33	242	0.0355217
33	81	-0.0275975
33	322	-0.0225335
33	868	-0.0185322
33	819	0.0472866
33	621	0.0338747
37	115	0.0368748
37	531	-0.0407774
37	283	-0.0443952
37	1	0.0293927
38	72	0.0609987
38	668	-0.0300343
38	165	0.0406442
38	105	-0.0448711
44	687	0.0971909
44	588	0.0337328
44	166	-0.041996
54	76	0.0519975
57	258	0.0210526
57	655	0.0175483
57	17	-0.0445737
57	822	0.0188549
63	200	-0.0227447
63	724	-0.02161
63	142	-0.010936
63	85	-0.0346932
63	234	0.0150147
63	259	-0.0265082
63	870	-0.0104019
69	279	0.0151083
69	739	-0.0159848
69	876	0.0195323
69	937	0.0355019
69	238	0.0101805
69	404	-0.0167639
69	797	0.0342088
69	487	-0.0279346
69	112	0.0231507
69	540	0.0337854
69	772	0.0286753
69	409	-0.011114
69	85	-0.0176909
69	884	-0.0255499
69	4	-0.0183523
69	162	-0.043394
69	187	0.0152423
70	202	-0.0331982
72	708	0.0392238
72	398	0.0419005
72	948	0.052446
72	659	0.0190348
76	259	0.0393455
78	733	0.0325084
78	448	0.0331413
78	268	0.0344287
78	297	-0.0549072
78	853	0.0315124
78	987	0.0447073
78	117	-0.0356394
78	159	0.0118505
78	810	-0.0520266
78	377	0.0625776
78	843	-0.0575037
78	511	-0.0216395
78	173	-0.0316139
78	462	0.0418052
78	871	-0.019487
78	668	-0.0429878
78	398	0.0382071
78	484	0.0268957
78	368	-0.0312504
78	154	0.0247075
78	451	0.0219173
78	244	0.0370199
78	30	-0.022145
78	361	-0.0136226
78	749	0.0289082
78	995	-0.0207192
78	977	0.0197781
78	882	0.0365359
78	567	-0.0299656
78	504	0.0207297
80	595	0.0427441
80	209	0.0471955
80	30	0.0515409
83	218	-0.0276748
83	688	0.0345765
83	846	0.0236563
83	414	-0.0235694
83	497	-0.0412333
83	454	-0.0414041
84	599	0.0157189
87	574	-0.0280294
87	863	-0.0226492
87	259	0.0174391
87	100	-0.0247257
87	773	0.0182733
89	408	0.0198243
89	310	0.0440013
97	253	0.0134274
97	840	0.0378446
102	237	-0.0365269
102	193	-0.011537
102	239	-0.0162101
102	976	-0.00764648
102	602	0.0192992
102	133	0.0310462
102	768	-0.0329919
102	278	-0.00742676
102	525	-0.0323351
102	957	0.0218142
102	741	0.0130072
102	944	0.0232533
104	81	-0.0262609
106	327	-0.0554009
111	102	-0.0505227
111	575	-0.0196225
111	776	-0.0243891
111	670	0.0315697
111	151	0.0217577
111	208	-0.0408074
111	152	-0.0248447
111	693	-0.0191303
111	951	0.0402911
111	143	-0.0137519
111	54	0.0263591
111	927	0.0193719
111	772	0.0181503
111	859	-0.0128559
111	894	0.0371901
111	421	-0.0230724
111	90	0.0353454
115	883	-0.0708045
115	40	0.0582985
115	953	-0.0343811
117	264	0.0354752
117	453	-0.0477398
117	787	-0.0237932
117	338	-0.0498662
117	682	-0.0639851
117	962	-0.0402967
117	483	-0.0264716
117	221	0.0366624
117	375	-0.0633226
117	387	-0.036499
117	213	0.0347443
117	106	0.0200659
117	451	0.0418459
117	175	-0.0245837
117	551	-0.0421447
117	189	0.052607
118	137	-0.043115
118	671	-0.024393
118	961	-0.0311794
118	512	-0.0138183
118	102	0.0298846
118	926	-0.0265814
118	546	-0.0328468
118	812	-0.0279265
118	941	-0.0245492
118	273	-0.0244552
118	299	-0.035499
118	403	0.028072
118	321	0.0209961
118	776	-0.029222
118	937	0.018353
118	161	-0.0231876
118	795	-0.0253773
118	933	-0.0589002
118	195	0.0113546
118	152	0.0400811
118	215	0.0234348
118	304	0.0335412
118	678	-0.0124215
118	507	-0.0310828
118	556	-0.0382237
118	847	0.0293355
118	880	0.0210136
118	121	0.0223597
118	819	0.0397808
118	572	0.0590755
118	150	-0.0316359
118	169	-0.0273984
118	219	-0.0376025
118	716	-0.0295481
118	489	-0.0205961
118	461	-0.0243243
118	887	-0.0347105
118	785	-0.0313062
118	710	-0.0392121
118	294	-0.0237676
118	808	-0.0174562
118	293	-0.0204843
134	588	-0.0500535
134	953	0.0599935
134	641	0.0213583
137	829	0.0194242
137	671	-0.0354065
137	111	-0.029477
137	418	-0.0232103
137	171	-0.0582527
137	739	0.0208199
137	575	0.0346793
137	513	-0.0137622
137	25	-0.0259709
137	798	-0.0218918
137	756	-0.0899263
137	57	-0.0272347
137	87	-0.0535314
137	612	0.0128479
137	54	-0.0361849
137	865	-0.0376345
137	844	0.03494
137	212	0.053386
137	218	-0.047274
137	580	0.0270981
137	142	-0.0301923
137	225	0.0410707
137	250	0.0442439
137	938	-0.0229619
137	613	0.0508879
137	723	0.0367443
137	703	0.0244943
137	935	-0.0352698
137	620	-0.0281789
137	490	0.0497987
137	174	0.0166802
137	986	-0.0361874
137	8	-0.0278958
137	82	0.00945263
140	225	-0.0270075
140	475	0.0402375
142	794	0.0312478
143	2	-0.0233347
143	180	0.0306532
147	148	0.0301722
149	500	0.0680963
149	969	-0.0055789
151	521	-0.0410712
151	193	-0.0215473
151	940	0.0377163
151	562	0.0437442
151	487	-0.024686
151	383	0.0587093
151	6	-0.0304987
152	711	0.0532291
159	453	-0.0420982
159	476	0.0575306
159	925	-0.0205115
159	227	0.0377049
159	338	-0.0490704
159	173	-0.0538242
159	462	0.0540657
159	30	0.0586682
159	970	0.0217975
159	464	-0.0156641
159	706	0.021585
159	526	0.0385002
159	903	0.0321993
160	273	-0.0274431
160	739	-0.0179072
160	239	0.0188273
160	192	-0.0439205
160	875	-0.0368338
160	487	0.0264249
160	365	0.020872
160	150	-0.0278832
160	353	0.0199815
160	311	0.0208052
160	135	-0.0295802
160	461	-0.0169266
161	932	0.0394021
161	798	0.0338389
161	796	-0.0581236
161	258	0.0218861
161	304	-0.0349734
161	54	-0.0618509
164	368	-0.0474207
164	515	0.0216362
164	653	-0.0133577
164	336	-0.0252883
164	165	-0.0376829
164	696	0.0358691
171	635	0.0213856
171	739	-0.0238814
171	973	-0.0268243
171	25	-0.0620497
171	791	-0.0271604
171	408	0.0565562
171	894	0.0274773
171	42	0.0177186
173	782	0.0461285
173	283	-0.0298783
192	650	0.0168093
193	875	-0.0190123
195	745	0.023424
195	807	-0.0227108
195	478	0.0162744
199	706	0.0429519
199	292	-0.0336691
206	121	0.0364576
208	152	0.03041
208	2	0.0431589
208	556	-0.0335839
208	868	0.0198135
212	637	-0.0253093
212	660	0.0228859
212	414	-0.0272706
213	327	-0.0132003
215	143	0.0194005
215	540	-0.0489037
215	786	0.0313316
215	82	0.0200331
216	865	-0.0326593
216	329	0.0372603
216	17	0.0302398
216	906	-0.0368383
218	133	-0.0198226
218	147	-0.0246565
221	826	0.0515727
221	770	-0.0447295
221	457	0.031978
221	608	-0.0373394
221	508	-0.0301373
225	719	-0.046039
227	366	0.0244719
227	471	0.050015
227	362	-0.0348586
227	595	0.0546796
227	569	0.0401948
227	970	-0.0383964
227	424	-0.0957779
237	756	0.0377481
237	97	0.0060833
237	978	-0.0191863
237	324	-0.0303318
237	409	0.0225222
238	419	-0.00981311
238	637	-0.0409101
238	363	-0.0236197
239	437	-0.025864
239	242	-0.0700643
239	541	0.017942
242	79	0.0211947
245	577	0.0232338
245	991	0.0145041
245	389	-0.0218539
245	602	-0.0114044
245	129	0.0281028
245	868	0.0168451
245	48	-0.0257839
245	100	0.0558577
250	768	0.0382438
252	40	-0.0177512
253	553	-0.0219639
253	493	-0.0222662
254	481	0.027994
254	76	-0.00330898
254	714	-0.0258176
258	723	0.0494964
264	476	-0.025743
264	925	-0.0156728
264	338	0.0223123
264	843	0.0440959
264	38	-0.074607
264	780	-0.106258
264	484	-0.0660953
264	826	-0.0453302
264	379	0.0438919
264	284	0.049267
264	659	-0.0148266
264	360	-0.0737963
264	900	-0.0364304
264	748	0.0383476
264	269	-0.0600451
264	350	-0.0194361
268	159	-0.0226766
268	264	0.0412663
268	453	0.0332476
268	787	0.0510493
268	913	0.0552059
268	744	-0.0242399
268	511	0.0144595
268	456	0.0453652
268	471	-0.0414592
268	387	-0.017859
268	252	0.0379899
268	333	-0.0716264
268	638	0.0182369
268	687	-0.0512721
268	68	-0.0471735
268	706	-0.0503117
268	70	-0.019597
268	590	0.0305757
268	551	-0.0275609
268	176	-0.0628735
268	530	-0.0152764
268	153	0.0617042
273	739	-0.0243339
273	547	-0.0285719
273	776	-0.0231175
273	933	0.0201126
273	577	0.0203806
273	804	0.019327
273	650	-0.0276072
273	906	0.0367359
273	182	-0.0345754
273	673	-0.0278471
274	867	0.0417401
277	258	0.0396417
277	837	-0.021303
277	437	-0.0386482
277	409	-0.0183328
277	642	-0.0298671
279	299	0.0423117
279	547	-0.0331718
279	321	0.0228006
279	195	0.024755
279	315	0.0495896
279	745	0.0144814
279	916	0.0242693
279	500	-0.0298484
280	444	-0.0298491
282	69	0.0181222
282	63	-0.0217267
282	575	0.0241238
282	317	-0.00928419
282	208	0.0149676
282	715	0.0125013
282	54	0.0452981
282	637	-0.0214696
282	133	-0.030977
282	250	0.0425192
282	772	-0.0533913
282	81	0.017727
282	964	-0.0273418
282	579	-0.0189438
282	650	0.0039665
282	920	0.0247869
297	495	0.0399914
297	853	0.0789041
297	987	-0.0491709
297	913	0.0283009
297	810	-0.0400004
297	682	0.0305984
297	366	0.0342184
297	38	-0.0354204
297	456	0.0490745
297	221	-0.0593126
297	586	0.02963
297	595	-0.0526656
297	333	0.052506
297	782	-0.0332688
297	451	-0.0449602
297	199	-0.0310924
297	734	0.0750578
297	896	0.0835527
297	94	0.0235758
297	748	0.0347243
297	508	0.0684235
297	766	-0.0359554
297	24	-0.0244689
299	459	-0.0318613
299	951	-0.0114165
299	711	-0.0526521
299	850	-0.0235455
299	549	0.0187401
299	129	-0.0225389
299	870	0.0121631
299	949	-0.0303623
302	940	-0.0576112
302	978	0.0203823
302	371	-0.0159122
302	857	-0.013154
304	840	0.033206
304	957	0.0703697
304	348	0.0201381
315	764	0.039649
317	57	0.0583176
317	643	0.0317685
317	206	0.0689916
317	969	0.0189885
317	950	0.030887
318	744	0.0234762
318	338	-0.0227998
318	173	-0.0674503
318	483	-0.0421766
318	398	-0.0349167
318	213	0.0371228
318	412	-0.0203113
318	95	-0.0277287
318	176	0.0522195
318	94	0.0336528
318	217	-0.0548222
318	608	-0.0595767
318	805	0.0740019
321	545	-0.0253144
321	612	-0.0153302
321	501	-0.0381042
321	990	0.0293267
322	475	-0.011007
324	688	0.0110803
324	81	0.0205161
329	894	-0.0146222
331	659	-0.0516451
331	230	-0.0356562
338	462	-0.0339492
338	44	0.0436993
338	337	-0.0454987
347	387	-0.029824
347	280	0.0416823
347	257	0.0143765
347	283	0.0593722
362	115	-0.0408697
362	425	-0.0721236
366	395	0.0321889
366	586	0.0300551
366	70	0.0439973
366	909	-0.0376158
366	895	-0.0523495
367	501	-0.0232504
368	429	0.00993439
368	336	-0.0507913
374	519	0.0302996
375	333	-0.039104
375	896	-0.0786301
377	462	0.0464003
377	429	-0.023011
377	591	0.0474621
377	526	0.0559442
377	185	0.028844
377	345	-0.0304418
380	148	-0.0323713
383	490	-0.038589
387	434	0.0444002
387	948	0.058872
387	190	-0.0365735
389	860	-0.0173679
389	905	-0.0209207
395	213	0.0356528
395	252	0.0681021
395	339	0.0279466
398	429	-0.0499834
403	538	0.0229489
403	575	0.0287631
403	481	-0.0332352
403	714	0.0239369
403	847	0.0431667
403	169	-0.0371387
403	898	0.0375724
403	482	-0.0233232
404	875	-0.0402553
404	472	0.0174258
406	917	0.0315386
406	674	0.0284194
406	89	0.0145813
406	225	0.016512
406	938	-0.0240463
406	817	0.027542
411	237	-0.0251486
411	419	-0.023374
411	524	-0.0315437
411	93	-0.0403168
411	920	-0.0225164
411	205	-0.0302082
411	307	0.0152461
412	379	-0.0408704
418	538	0.037671
418	15	-0.0207752
418	521	-0.0301132
418	193	0.0259542
418	517	0.0281203
418	997	0.00346565
418	367	0.0258584
418	727	-0.0148838
419	562	-0.0435763
419	194	0.0204632
419	647	0.0116274
425	998	0.023132
428	279	0.0370988
428	538	0.0328977
428	15	-0.0367809
428	321	-0.0379549
428	670	-0.013119
428	753	-0.0154559
428	917	-0.0164861
428	529	-0.0295338
428	772	0.0202473
428	149	-0.0135296
428	613	0.0258797
428	42	-0.024799
428	503	0.02008
429	892	0.038276
434	154	0.0590764
434	734	0.0256657
434	653	0.032834
441	468	-0.023785
441	118	0.0366223
441	600	0.009082
441	137	0.0274008
441	829	0.0229744
441	961	0.040779
441	160	-0.0673667
441	428	0.0174032
441	33	-0.0267644
441	812	-0.0226097
441	941	0.0397254
441	171	-0.0222509
441	635	-0.0510531
441	299	-0.0573649
441	547	-0.0386973
441	459	-0.0176517
441	321	-0.0334436
441	776	0.0239546
441	670	-0.0287564
441	937	0.0207812
441	545	0.0261586
441	237	0.0121
441	238	0.0185794
441	798	0.0447731
441	715	0.0235086
441	612	0.0274877
441	958	0.0415288
441	143	-0.0326491
441	302	-0.0292379
441	253	0.0906552
441	988	0.0153643
441	524	0.0310939
441	212	0.0625291
441	389	-0.00878917
441	200	-0.0365143
441	576	0.024909
441	507	-0.0241075
441	2	0.0469769
441	112	0.0172901
441	852	-0.0149792
441	927	0.0283876
441	374	0.0338337
441	905	0.0416176
441	334	-0.0200069
441	916	0.0409968
441	771	0.0372755
441	964	0.078895
441	234	-0.0294445
441	817	-0.0281306
441	647	-0.0234782
441	572	0.0328937
441	351	0.0251085
441	229	0.0335894
441	174	-0.0109
441	378	0.0184954
441	582	0.0235251
441	845	0.0269388
441	760	0.0337817
441	125	0.0143828
441	887	0.0364051
441	35	0.0240097
441	373	0.016598
441	570	-0.0278838
448	268	-0.0461262
448	853	0.0536203
448	987	0.0373147
448	159	-0.0441311
448	453	0.0833178
448	318	0.0851649
448	787	0.0298953
448	377	-0.0836097
448	28	-0.0352411
448	164	0.051839
448	173	-0.0287412
448	962	-0.0413721
448	395	-0.0215614
448	708	0.019964
448	434	-0.0476579
448	134	-0.0214558
448	721	-0.0394264
448	333	-0.0346177
448	209	0.0414132
448	257	-0.0291615
448	743	0.0144271
448	648	0.0382852
448	319	0.0224192
448	662	0.0277791
448	110	-0.065094
449	472	0.0246643
449	500	0.0349497
453	787	0.0319258
453	682	-0.028035
453	502	0.0243579
453	511	-0.0183637
453	528	0.0610788
453	106	0.0189401
453	105	-0.0331137
453	325	0.0169541
456	462	-0.0418543
456	968	0.0442508
456	244	-0.0297732
456	361	-0.0210131
456	690	0.0152748
459	932	-0.0177536
459	404	0.0216845
459	976	-0.0284586
459	978	0.0363144
459	847	-0.0146254
459	79	0.0123472
459	822	-0.0179883
459	34	0.0208856
464	903	-0.0463158
468	118	0.0280959
468	600	-0.0390512
468	137	0.0162381
468	607	-0.0262557
468	961	0.0320547
468	980	-0.025668
468	512	-0.0475287
468	282	-0.02498
468	102	0.0164673
468	160	0.024088
468	428	0.019321
468	546	0.0151612
468	812	0.035298
468	941	-0.0403393
468	279	-0.0507038
468	418	0.0327375
468	538	-0.0410574
468	63	-0.0312619
468	15	0.0243073
468	321	0.0341973
468	876	0.0383473
468	973	-0.0352711
468	317	0.027016
468	161	-0.0374236
468	208	-0.0189181
468	932	-0.0634513
468	152	-0.0262332
468	193	0.042298
468	216	0.0146619
468	535	-0.0106838
468	791	0.0276575
468	993	-0.0202975
468	991	0.022644
468	529	0.0358447
468	674	0.0371371
468	724	-0.0284337
468	850	-0.0263162
468	726	-0.0205305
468	204	-0.0162608
468	549	0.0432864
468	519	0.0267636
468	542	0.0400787
468	194	-0.0255065
468	636	-0.0487514
468	632	0.0376064
468	281	-0.0224727
468	410	0.0539133
468	845	-0.0453099
468	503	-0.00863042
468	623	-0.0232168
468	544	-0.0626725
468	912	0.0165829
468	663	-0.0158521
471	871	-0.0476396
471	331	-0.0817101
471	638	0.0667524
476	38	-0.083979
476	80	-0.0248338
476	252	0.0339252
476	64	0.0196033
476	244	-0.0445657
476	175	-0.0636606
476	230	0.0634575
483	687	-0.0544164
483	284	0.0405063
483	590	0.0279464
484	515	0.0379182
484	292	-0.0198004
484	165	-0.0309686
487	745	0.0451901
495	159	-0.0287715
495	453	0.0574702
495	774	0.0352951
495	476	0.0719009
495	925	-0.0405375
495	377	0.0340592
495	511	0.0108973
495	462	-0.0312774
495	72	0.05338
495	362	0.0650484
495	375	-0.0533104
495	213	-0.0590252
495	510	-0.0547656
495	37	0.0211347
495	595	0.0365374
495	633	0.0558777
495	687	-0.0774968
495	531	0.0781878
495	68	-0.0491621
495	515	-0.0502896
495	202	-0.029834
495	718	0.0640076
502	173	-0.0262871
502	456	0.0288977
502	563	-0.0510211
502	690	-0.0234509
502	578	-0.0179337
507	135	0.0341699
507	778	-0.0207627
510	721	0.0226536
510	257	0.0263948
510	95	0.0290833
511	366	-0.0607527
511	434	0.0377957
512	245	-0.0233306
512	321	0.0520756
512	761	0.0166443
512	83	-0.0313382
512	973	0.015116
512	958	-0.0499944
512	258	-0.0343268
512	726	-0.010766
512	112	-0.0265898
512	76	0.0381943
512	880	0.0161124
512	194	-0.0122176
512	103	-0.0174944
512	889	0.0417556
513	254	0.0199043
513	529	-0.0221177
513	557	-0.0186999
517	324	0.049663
521	487	-0.0478856
521	133	0.0520079
521	334	-0.0170886
521	234	0.0296247
521	579	0.0237964
524	724	0.0289311
526	319	-0.0522933
528	962	-0.0430668
528	398	-0.0194176
528	64	0.0210325
528	633	-0.0226268
529	726	0.0598142
531	615	-0.0665319
533	786	0.0321463
535	715	0.0150082
535	140	0.0331528
535	580	0.0303885
535	688	0.0234926
535	125	-0.0488015
538	151	-0.0176458
538	524	-0.0283904
538	602	-0.0410682
538	278	0.0243958
538	93	-0.0112203
538	986	0.0355503
538	831	-0.0229407
540	85	-0.0177271
541	79	-0.025331
542	93	0.0247797
545	238	0.0428828
545	517	-0.0131625
545	711	0.0188201
545	481	0.0196665
545	200	-0.0252547
545	310	0.0241666
545	183	0.0359907
546	245	0.0377593
546	299	0.0448545
546	547	0.0093919
546	965	-0.0275056
546	933	-0.0106927
546	517	0.0310496
546	724	0.0340771
546	478	-0.0238589
546	401	-0.0257514
546	207	0.0370941
546	267	0.0239204
547	612	0.0435397
547	976	0.0450105
547	844	0.032729
547	860	0.0247015
547	84	-0.0393868
547	88	-0.0453586
547	168	0.0305651
549	846	0.0441361
562	182	0.0173817
562	623	-0.0400413
569	473	-0.0143523
575	775	-0.0184843
575	796	0.0159579
575	726	0.033449
575	58	-0.0294433
575	525	0.0300828
576	549	-0.0487672
577	97	-0.0292653
577	993	0.0495735
577	389	-0.0238069
577	378	-0.0382886
577	207	0.0110137
579	877	0.00902618
580	643	-0.0189832
586	106	-0.0236357
586	154	0.0251687
588	563	-0.013228
592	329	-0.0360855
592	613	0.0366063
592	22	0.061305
600	137	-0.0496471
600	829	0.0525252
600	671	0.0222091
600	111	-0.0184666
600	512	-0.031277
600	282	-0.0169293
600	725	0.0403383
600	160	0.0489332
600	926	-0.0489085
600	33	-0.0309545
600	941	0.0176437
600	279	-0.0209549
600	171	-0.0158485
600	818	0.020809
600	753	-0.0199474
600	973	-0.0236641
600	513	0.0200133
600	195	0.0426448
600	277	0.0333733
600	87	0.0380809
600	254	-0.0378437
600	665	-0.0289961
600	524	-0.0162756
600	218	0.0151149
600	852	0.0248668
600	408	0.0231684
600	688	0.0090788
600	938	0.040057
600	149	0.0249301
600	310	0.0293102
600	541	0.0274503
600	525	-0.016957
600	226	0.0165076
600	764	-0.0245144
600	699	-0.0280728
600	313	0.0448822
600	8	-0.0480355
600	891	-0.035464
600	649	-0.0315259
600	416	0.0309058
607	111	-0.0576112
607	740	0.0352439
607	102	-0.0200702
607	547	-0.0377424
607	670	-0.0180167
607	796	0.0146361
607	195	-0.0276844
607	535	-0.0450341
607	254	-0.0300281
607	192	0.015044
607	54	0.0110718
607	574	-0.0245435
607	334	0.0258975
607	278	-0.0240049
607	51	0.0253729
607	353	0.0185923
607	382	-0.0134098
607	236	-0.0189501
607	27	0.0266876
612	407	-0.046116
613	768	0.0420601
625	876	0.0346694
625	83	0.0330794
625	521	-0.0477033
625	406	0.0249394
625	192	-0.0421012
625	642	0.0391984
625	501	-0.0452079
625	313	-0.0604025
625	979	0.0216408
633	68	-0.0519131
635	521	0.0187707
635	592	0.0223296
635	933	0.0496657
635	380	0.0200231
635	84	-0.012905
635	500	-0.0163902
635	180	0.047459
635	103	-0.0251337
637	726	0.0356455
637	371	-0.0361626
655	410	-0.012002
665	302	-0.0229002
665	724	-0.0326881
665	88	0.0320735
665	255	-0.0259703
668	44	-0.0543457
668	735	0.0265152
668	629	0.0554929
670	143	0.0220564
670	89	0.0384431
670	982	0.0177008
670	699	-0.0385665
671	607	0.0223112
671	739	-0.0265233
671	625	0.025675
671	403	0.0132541
671	63	-0.0351689
671	818	-0.0423215
671	575	-0.0310339
671	753	-0.0434285
671	592	-0.00804635
671	513	-0.0255049
671	796	0.0357278
671	193	-0.0273628
671	216	-0.0417729
671	215	0.0219898
671	239	0.0455336
671	940	0.0320179
671	253	0.0210254
671	865	0.0218873
671	449	0.0561158
671	104	0.0437533
671	204	-0.0168946
671	365	-0.0338667
671	472	-0.0222177
671	58	0.0144872
671	322	-0.0185201
671	723	0.0499353
671	982	-0.0329758
671	632	-0.0637283
671	488	0.0321816
671	251	0.0254666
671	758	0.0219148
671	288	-0.0313308
671	359	-0.0214972
674	860	0.0329789
674	112	-0.0546382
674	478	-0.0345829
678	804	-0.0141125
678	414	-0.0252053
678	716	0.0475707
682	708	0.0392247
682	586	0.0602916
682	213	-0.0303198
682	569	0.0217012
682	743	0.0648269
682	360	0.0275452
693	258	0.0220646
693	875	-0.0689785
693	602	0.035295
693	771	0.0332232
708	331	-0.0179419
711	561	-0.05243
711	741	-0.0323302
714	840	0.020555
714	636	0.0162169
715	940	-0.0313577
715	660	0.0282003
715	636	-0.0393206
721	595	0.017306
721	178	-0.0695874
725	245	-0.0299547
725	739	-0.0322232
725	403	-0.0409161
725	753	0.00983162
725	973	-0.0344175
725	937	-0.0228222
725	513	-0.0551373
725	775	0.0344494
725	404	-0.0336374
725	419	0.0288931
725	844	0.0388453
725	576	0.0198533
725	859	-0.023803
725	642	-0.0294871
725	982	-0.0297219
725	219	-0.0296721
733	268	0.0229695
733	297	-0.0665275
733	117	0.0252531
733	159	0.020879
733	453	0.0490504
733	502	0.0656116
733	511	-0.0748825
733	528	-0.0222726
733	164	0.0416781
733	780	0.0772392
733	347	-0.0324152
733	471	0.0355727
733	80	-0.027883
733	362	-0.0245661
733	668	-0.0584725
733	826	0.0725457
733	770	-0.0396735
733	154	0.0542915
733	569	0.0187162
733	412	0.0458583
733	648	0.0190396
733	343	-0.0281358
733	977	0.0532844
733	217	-0.0214315
733	190	0.0199984
733	52	-0.0586044
739	818	0.0396673
739	711	-0.0168095
739	850	-0.0259426
739	112	0.00827798
739	863	0.0320692
740	876	-0.0266947
740	776	-0.0414661
740	411	0.0290778
740	592	0.0188163
740	238	0.0196349
740	837	0.0141355
740	481	-0.0349618
740	449	0.01995
740	437	0.0515502
740	204	0.0473135
740	374	-0.0376571
740	519	0.0289559
740	478	-0.0478297
740	746	0.0216985
740	764	0.0316603
740	819	0.0183992
740	990	0.0177697
740	758	-0.0612475
740	891	0.0279865
744	476	-0.0695782
744	528	0.0487395
744	38	0.0709312
744	721	0.0908221
744	451	0.0441203
744	424	0.049984
744	343	-0.0557139
744	39	-0.0331567
744	799	0.0168871
746	407	0.0181056
753	374	-0.0227999
753	242	-0.0329534
753	147	-0.0130362
753	103	0.026698
756	693	-0.0218932
756	365	-0.0419989
756	367	0.0263992
756	226	-0.0228109
761	592	0.0321122
761	991	0.0149963
761	365	-0.0301641
761	745	0.0343333
761	647	0.0433795
761	121	0.0285307
761	923	-0.0253445
770	331	-0.0320315
770	280	0.0184249
770	457	-0.0388557
771	727	0.0263762
774	483	0.0394487
774	347	0.0693395
774	510	-0.0119562
774	64	0.0556892
774	633	-0.015798
774	638	0.0853043
774	257	0.0570289
774	464	-0.0345302
774	284	-0.0301667
774	337	-0.0461153
775	988	-0.0350362
775	140	0.0383535
775	265	-0.0211164
776	844	-0.0375151
776	580	-0.0462777
776	621	0.0124618
776	950	-0.038127
780	462	0.0365633
780	80	-0.0359365
780	749	-0.0412866
780	530	0.00883628
780	455	0.0174638
782	444	-0.0342276
787	925	-0.0215964
787	227	0.0439705
787	347	0.0448288
787	708	0.0232207
787	375	-0.0433009
787	510	-0.0438004
787	855	0.068136
791	905	-0.0256496
791	643	0.0135371
791	472	-0.00838457
791	226	-0.0215387
793	44	-0.0283844
793	252	-0.066212
793	209	-0.0163828
793	743	-0.0495743
793	178	-0.0680223
795	797	-0.030173
795	253	0.026217
795	988	0.0333707
795	582	0.0338304
795	649	0.0420953
795	16	0.0317681
796	57	-0.0191703
796	16	-0.024103
796	197	-0.0111337
797	58	-0.0437391
797	692	0.0352142
797	489	0.0269845
798	404	0.026793
798	850	-0.0185247
798	129	0.0147472
798	351	-0.021331
807	542	-0.00956309
810	502	0.0345365
810	511	-0.0458549
810	395	-0.0373383
810	398	-0.0297268
810	531	-0.0586604
810	274	0.0529895
810	444	-0.0514578
810	900	0.0400061
810	713	0.0236865
811	338	0.0204004
811	843	-0.0292676
811	511	-0.0855868
811	72	0.0769704
811	871	-0.012813
811	368	-0.0219229
811	333	0.090208
811	734	0.0200618
811	653	0.0438569
811	903	0.016019
811	998	-0.0419242
811	855	0.0307069
811	455	0.0515742
811	805	-0.0592388
812	941	-0.0303032
812	625	0.0175149
812	411	0.0147773
812	756	0.0328281
812	917	-0.0341282
812	678	0.0272414
812	104	-0.0388049
812	540	0.0336564
812	643	0.0293861
812	51	0.0359018
818	937	-0.0431303
818	775	0.0193806
818	152	0.0333353
818	363	-0.0304812
818	746	-0.0173801
818	877	0.01256
818	561	-0.030485
829	607	-0.006762
829	512	0.0135772
829	102	0.0175491
829	941	0.0193244
829	245	-0.0553859
829	418	0.0424483
829	83	-0.0301072
829	965	0.0285937
829	753	0.017725
829	775	-0.0218588
829	152	-0.0161182
829	277	-0.0135178
829	693	-0.0426171
829	419	-0.0253076
829	216	-0.0175106
829	517	-0.0231817
829	481	-0.00937419
829	602	0.0209869
829	927	-0.0327498
829	315	-0.0136577
829	310	0.0330359
829	916	0.0413054
829	363	0.0314793
829	541	-0.0265838
829	859	-0.0341485
829	642	0.0584663
829	846	0.0565601
829	371	-0.0148796
829	51	0.0110891
829	935	0.0265108
829	488	0.0119843
829	620	-0.0363899
829	229	0.0126849
829	839	0.0298901
837	204	0.0315178
837	84	-0.0188711
837	807	-0.0223124
837	692	0.0217761
843	968	0.0309758
843	244	0.0598377
843	361	-0.0352764
843	563	-0.0463966
843	909	0.0351798
843	882	0.0260945
844	660	-0.0207051
850	905	-0.0208396
852	692	0.0228078
853	987	-0.0259801
853	117	-0.0404132
853	811	0.0611293
853	925	-0.0651382
853	338	0.0184541
853	362	0.0385819
853	826	-0.0177241
853	782	-0.0221857
853	280	0.0787371
853	412	-0.0503871
853	948	-0.0258035
853	379	-0.052366
853	883	-0.052679
853	424	0.0682173
853	175	0.0849985
853	892	-0.0198782
853	604	0.0566197
853	783	-0.0191084
860	334	0.0200479
860	48	0.0186747
863	794	0.0211971
871	896	-0.0360007
871	648	0.0273986
871	662	-0.0330654
875	519	-0.0305572
875	409	0.0256651
876	932	-0.0357629
876	193	-0.0186709
876	517	-0.016727
876	304	0.0181429
876	797	0.0422163
876	760	-0.0420719
883	591	-0.0379411
913	810	0.0283001
913	377	-0.0432522
913	502	-0.0316002
913	793	0.0326109
913	375	-0.0739121
913	826	0.0169834
913	64	0.032471
913	591	-0.0185122
913	153	-0.0573284
916	969	0.0447134
917	865	0.0220914
917	655	0.0637972
917	557	-0.0481534
925	528	-0.042767
925	173	-0.0183041
925	708	0.0431139
925	588	0.0274173
925	292	-0.025265
925	590	-0.0529516
926	279	-0.0401192
926	418	0.0315196
926	317	-0.0114284
926	25	-0.0318561
926	988	-0.0430785
926	865	-0.0188498
926	844	-0.0276224
926	324	0.024213
926	997	0.0342558
926	363	-0.0137999
926	542	0.0255961
926	804	0.0330713
926	260	-0.0171938
927	58	-0.0237855
932	612	0.0402394
932	576	0.0389684
932	329	0.0379356
932	880	0.0309972
933	993	0.0317378
933	660	0.012089
933	533	0.0261437
937	208	-0.0263722
937	556	0.0434527
937	794	0.0410879
937	17	-0.0323386
940	859	0.00772566
941	171	-0.0329112
941	513	-0.0274718
941	406	0.0394297
941	795	-0.0213986
941	97	-0.035627
941	533	-0.0180705
941	544	0.0255124
951	192	-0.0153789
951	437	-0.015057
951	380	-0.031155
951	206	0.0205343
951	736	-0.0526314
958	529	0.0104546
958	133	-0.016272
958	180	-0.0343062
961	980	-0.0457059
961	273	-0.0335554
961	635	0.0367049
961	761	-0.0205745
961	670	0.0397057
961	965	0.0553952
961	404	0.0211768
961	665	0.0524033
961	576	-0.0427848
961	408	0.0271751
961	703	0.0239761
961	88	-0.0200024
961	857	0.0350701
961	401	0.043487
961	281	0.0365411
961	43	0.0366602
962	80	-0.0313622
962	782	0.0422997
962	209	-0.0743642
962	867	0.0907747
965	97	0.0271435
965	437	0.0290403
965	104	0.0148934
965	807	-0.0227675
965	475	0.0334322
965	627	-0.0156261
968	95	-0.053524
968	999	-0.0607256
970	892	0.0347553
970	336	0.0556608
973	592	0.0491357
973	865	-0.0315643
973	200	-0.0233586
973	507	0.0115841
976	938	0.0293693
976	168	0.0267965
978	574	-0.0568907
978	383	-0.0760467
980	160	-0.0185443
980	546	-0.0238192
980	418	0.00903491
980	635	-0.0102486
980	459	0.041041
980	976	-0.0206021
980	192	-0.0502565
980	940	-0.0114657
980	991	-0.0447638
980	449	0.0189328
980	140	0.0210844
980	556	-0.0368258
980	206	-0.0149434
980	847	-0.0401714
980	599	-0.033359
980	898	-0.0285547
980	45	-0.0316752
987	117	0.00889568
987	811	0.0778332
987	787	0.0274619
987	913	0.0553813
987	780	0.0647117
987	962	0.0230306
987	483	-0.0231125
987	106	-0.0320423
987	638	-0.0746987
987	199	-0.0171196
987	274	-0.0297528
987	1	0.0249666
987	867	0.0302464
987	999	-0.0299441
987	713	-0.0570532
987	735	0.0457892
988	852	0.00513807
988	831	0.0101918
991	863	0.0204326
993	524	-0.0189557
993	200	-0.0271024
993	315	0.022694
997	574	-0.013731
997	311	-0.0289067
999	995	0.0400598
