400
200
400
1000
500
3
0.333333	0.666667	
0	2	0.000172538	0.010801	0.0765898
1	2	0.00266401	0.0512608	0.103023
2	0	0.004115	0.0101832	0.0913582
3	2	0.00485177	-0.047054	0.00124083
4	0	0.00512715	0.00785488	0.0776137
5	0	0.0065291	0.0201286	0.141566
6	0	0.0070966	0.0222628	0.0223297
7	0	0.00711673	0.0228179	0.0489099
8	2	0.00811637	0.0418181	0.0385989
9	2	0.0102312	0.0625103	0.0301642
10	1	0.0104961	-0.138638	0.0755271
11	2	0.0114031	-0.0493381	0.0506074
12	0	0.012163	0.0571708	0.0526909
13	0	0.0126619	-0.0362053	0.0717395
14	0	0.0137742	0.0830265	0.0150904
15	2	0.0156476	-0.0194977	0.0411865
16	2	0.0164253	0.034649	0.0532676
17	2	0.0188698	0.0564028	0.0330818
18	0	0.0194528	0.0697851	0.0208989
19	0	0.0219627	0.032655	0.105763
20	2	0.0224292	-0.00685258	0.0986381
21	2	0.0239143	-0.0394958	0.0360812
22	1	0.0255827	-0.0164662	0.070893
23	0	0.0266574	0.0178127	0.0909962
24	0	0.0273847	-0.0156673	0.0459847
25	0	0.0278395	0.0132461	0.040466
26	2	0.0289509	0.029259	0.0742814
27	2	0.0327745	-0.024269	0.0173416
28	0	0.0336703	-0.0914244	0.0363775
29	2	0.0342812	-0.0539072	0.043972
30	0	0.0354271	-0.015439	0.0493544
31	0	0.037194	0.0410388	0.0133092
32	2	0.0381645	-0.0525512	0.0341752
33	2	0.0387113	0.110979	0.0108299
34	2	0.0394294	0.033597	0.0848001
35	2	0.039982	0.0498182	0.0155006
36	1	0.0456282	0.0705702	0.0436144
37	1	0.0508172	-0.00922223	0.094984
38	0	0.0511779	-0.0436205	0.0669229
39	2	0.0526179	-0.026476	0.0383434
40	0	0.053876	0.0158839	0.035759
41	2	0.0542294	-0.0378554	0.00490772
42	0	0.0558291	0.0828215	0.0354645
43	1	0.0563607	-0.111996	0.028626
44	0	0.0570091	0.0367527	0.150306
45	1	0.0582879	0.0745006	0.0202877
46	2	0.0588049	-0.0613806	0.0217393
47	0	0.0592964	-0.0089215	0.101594
48	2	0.0602472	0.0586231	0.0118461
49	1	0.062557	0.128462	0.0935055
50	2	0.0628604	-0.00810636	0.0372089
51	1	0.0634505	-0.130082	0.00342441
52	0	0.0642383	-0.00319371	0.0063889
53	0	0.0644598	-0.0169169	0.0758478
54	0	0.0669292	-0.0198636	0.0435498
55	0	0.0673538	-0.0333252	0.121164
56	0	0.067374	-0.0141235	0.0183662
57	0	0.0678088	0.044816	0.0318593
58	0	0.0696291	0.0292106	0.086666
59	2	0.0705215	-0.00695437	0.0254325
60	0	0.0735831	-0.0101958	0.0396974
61	0	0.0759823	-0.0151575	0.0182235
62	2	0.0768444	-0.0658276	0.0312635
63	0	0.0779999	-0.056217	0.00375682
64	1	0.0783711	-0.0924825	0.0168743
65	2	0.0784776	-0.0211536	0.0612538
66	0	0.0802759	-0.0317699	0.0615655
67	2	0.0805396	0.040732	0.041442
68	2	0.0808452	0.00860055	0.0401001
69	2	0.0824794	-0.0286347	0.00841667
70	0	0.0828711	0.0348407	0.0159062
71	0	0.0845569	-0.0855861	0.0670459
72	0	0.0852504	-0.0545117	0.0780118
73	1	0.0853773	-0.17481	0.00422158
74	0	0.0862456	0.0735677	0.00417853
75	0	0.0881336	-0.029092	0.0649133
76	2	0.0881563	-0.0664577	0.00805558
77	2	0.0901142	0.033486	0.0288518
78	0	0.0910567	0.0290482	0.0481251
79	1	0.0927016	0.0698561	0.0066981
80	1	0.0930374	0.137893	0.0407333
81	2	0.0955568	-0.0337397	0.0537691
82	1	0.0963958	-0.0592227	0.00379318
83	2	0.0987496	0.0304178	0.0821325
84	0	0.0995599	0.0295187	0.0105501
85	0	0.10101	-0.0415492	0.0395499
86	0	0.102558	0.0189483	0.000633889
87	1	0.102593	0.0103772	0.101573
88	1	0.103467	-0.0102558	0.0453905
89	0	0.104406	0.0197238	0.0203779
90	2	0.104484	0.0635203	0.0576027
91	2	0.10597	0.0336765	0.00505167
92	0	0.106036	0.0129375	0.0249494
93	0	0.106279	0.0823336	0.00742734
94	1	0.106458	-0.14332	0.0500485
95	2	0.106792	0.0168517	0.0251546
96	0	0.108702	0.0327006	0.0635047
97	2	0.109257	-0.0209308	0.0805291
98	0	0.109279	0.0295894	0.0570769
99	0	0.109922	0.0716175	0.0024142
100	2	0.110004	0.0217957	0.0104569
101	2	0.110477	0.026578	0.0440841
102	0	0.110801	-0.0916408	0.030113
103	1	0.111627	0.050003	0.0682341
104	0	0.112876	-0.0414168	0.0467913
105	2	0.113063	-0.0746989	0.0417229
106	2	0.11342	-0.0293787	0.077367
107	1	0.113641	-0.0870984	0.0534476
108	2	0.113866	0.025504	0.00840409
109	2	0.116492	-0.0451012	0.0577977
110	1	0.117001	0.0576222	0.0276779
111	0	0.118522	-0.0315158	0.086554
112	2	0.119236	-0.0164339	0.0443535
113	0	0.120558	0.0389886	0.133278
114	2	0.122258	-0.0217988	0.0624565
115	0	0.123536	-0.032225	0.0520924
116	1	0.124339	-0.115193	0.0363554
117	2	0.12443	-0.0486803	0.0931856
118	1	0.124433	-0.0726387	0.0725635
119	2	0.125919	0.0547285	0.103062
120	1	0.126643	-0.0790424	0.132819
121	0	0.127459	0.0440326	0.0325611
122	1	0.128176	-0.0249975	0.0637182
123	2	0.1285	0.0768102	0.032733
124	1	0.130841	0.0342936	0.0257666
125	0	0.131641	-0.0334589	0.0250302
126	2	0.132931	-0.0342421	0.0130695
127	1	0.133413	0.0445803	0.0671945
128	0	0.135579	-0.0665755	0.0138438
129	0	0.136068	0.0406047	0.00123622
130	2	0.136782	-0.0620069	0.0713174
131	0	0.137286	-0.048056	0.0524418
132	0	0.137905	0.0455281	0.017338
133	0	0.137993	-0.00526733	0.0705062
134	1	0.138229	-0.0714355	0.197752
135	0	0.138332	0.0376955	0.0026661
136	0	0.141579	-0.0278346	0.0517858
137	1	0.143094	0.0290699	0.0884535
138	0	0.144058	0.0175078	0.04018
139	2	0.145312	-0.0415933	0.0411744
140	1	0.145514	0.0802246	0.023755
141	1	0.152629	0.0479429	0.0580181
142	2	0.154131	0.0404743	0.0203276
143	2	0.155125	0.0840218	0.0125981
144	1	0.155245	0.0434162	0.00783311
145	1	0.155781	-0.052853	0.0323439
146	0	0.155873	0.0718476	0.0186497
147	2	0.156055	0.110381	0.041017
148	0	0.156167	0.077339	0.059209
149	0	0.15618	0.0507791	0.0238198
150	0	0.15659	0.0073562	0.0864849
151	2	0.156909	0.0518289	0.087216
152	2	0.156939	0.0347033	0.0124275
153	0	0.159165	0.0188162	0.00182996
154	0	0.159367	0.0257804	0.00512637
155	1	0.160809	0.0534814	0.0106466
156	0	0.160923	0.048737	0.0318083
157	0	0.161277	-0.0410498	0.00865404
158	0	0.161967	0.080444	0.0889019
159	0	0.162218	-0.0845862	0.0501672
160	1	0.162297	0.055825	0.0189604
161	0	0.162837	-0.0282478	0.0548135
162	2	0.162892	0.0249086	0.0151847
163	2	0.163061	-0.028411	0.00852926
164	0	0.168278	-0.042545	0.0219205
165	2	0.168861	-0.0159901	0.0240626
166	0	0.169489	0.0371279	0.0113235
167	1	0.169573	-0.115053	0.0603086
168	1	0.170287	0.039698	0.111505
169	0	0.172369	-0.0270332	0.00494054
170	0	0.173472	0.0517648	0.045904
171	1	0.173499	0.0386461	0.030633
172	2	0.174932	0.0219058	0.0387145
173	0	0.175571	-0.0765054	0.0149458
174	2	0.176952	-0.0143189	0.0919835
175	0	0.177263	-0.0319355	0.00114409
176	1	0.177925	-0.0483874	0.119312
177	2	0.177988	-0.0433704	0.0162486
178	0	0.182533	-0.0924888	0.00979622
179	0	0.182894	0.0132949	0.0109771
180	2	0.184038	-0.0602299	0.0269448
181	0	0.184143	-0.0452768	0.0263587
182	2	0.186002	-0.113093	0.00110174
183	2	0.186414	0.10033	0.0304257
184	0	0.187366	0.0349266	0.00802528
185	2	0.188115	0.00779925	0.0722004
186	1	0.188355	-0.0293701	0.0689061
187	2	0.18881	0.0100556	0.00432794
188	1	0.189612	-0.137707	0.111847
189	0	0.189662	0.0534323	0.05644
190	2	0.18997	0.0055811	0.0178224
191	2	0.190208	-0.0192468	0.00629882
192	2	0.191317	-0.0538363	0.0486306
193	0	0.191631	-0.00913424	0.0304551
194	1	0.192353	0.0159637	0.086452
195	2	0.196064	0.0494971	0.0283878
196	2	0.196365	0.0202457	0.0189131
197	0	0.197247	0.00749289	0.084401
198	2	0.197499	0.105979	0.0191613
199	2	0.198427	0.00425466	0.0294619
200	0	0.19931	-0.0246417	0.00595408
201	2	0.199738	-0.0134233	0.0977005
202	1	0.200938	0.0428015	0.0148186
203	0	0.201597	0.0231824	0.0490873
204	2	0.204164	0.0300481	0.0226571
205	0	0.204749	0.0393675	0.0181739
206	1	0.208217	0.0409755	0.0894496
207	0	0.208603	-0.0812007	0.0838872
208	2	0.208836	0.0324283	0.0196398
209	0	0.210489	-0.0148717	0.0615575
210	0	0.210725	-0.0156956	0.00173926
211	0	0.213125	0.044779	0.0661939
212	2	0.217667	-0.0256071	0.0279802
213	2	0.218348	-0.0294163	0.00568572
214	0	0.218356	0.0121112	0.000493753
215	0	0.220494	0.0684411	0.0169585
216	0	0.222366	-0.0387397	0.0722337
217	1	0.222472	0.112479	0.1077
218	2	0.223077	0.0263507	0.0576778
219	1	0.223261	-0.0563918	0.0526437
220	0	0.224092	0.0289889	0.0175566
221	2	0.224239	-0.0129974	0.0608683
222	1	0.224783	0.0662851	0.0679122
223	0	0.225692	0.0395009	0.0447464
224	0	0.225964	0.121689	0.0345303
225	2	0.226628	0.0115916	0.06865
226	2	0.229614	0.0635857	0.0731871
227	2	0.229905	0.00813038	0.00542608
228	0	0.23017	0.0448915	0.0176601
229	2	0.23078	0.0544372	0.116635
230	2	0.232773	-0.0475297	0.0189293
231	1	0.234839	-0.00427138	0.0488018
232	2	0.23663	-0.033157	0.0643331
233	0	0.238642	-0.0714578	0.0989154
234	0	0.238762	-0.072789	0.0117762
235	1	0.239957	-0.0757512	0.104683
236	2	0.240851	0.0511852	0.0445772
237	2	0.241165	0.0270829	0.0333136
238	1	0.241672	-0.0230197	0.025828
239	0	0.243508	-0.0242827	0.0078309
240	2	0.244035	0.0557558	0.0245547
241	0	0.247981	-0.131887	0.0934479
242	1	0.248356	0.00591824	0.0637428
243	2	0.249317	-0.0695565	0.00186772
244	2	0.250795	-0.0459356	0.00966645
245	2	0.250818	0.0219739	0.00121233
246	2	0.253629	-0.0184568	0.00626501
247	2	0.254572	-0.0696135	0.0395521
248	0	0.254988	0.0514022	0.00947873
249	0	0.256107	-0.0583674	0.0450568
250	0	0.256186	0.111374	0.0301154
251	1	0.257214	0.0383879	0.00705731
252	0	0.257508	-0.00602041	0.0227341
253	0	0.258021	-0.0708519	0.039348
254	2	0.258317	0.0470582	0.065548
255	1	0.258702	-0.0331094	0.00115789
256	2	0.258783	0.020622	0.0161513
257	0	0.259051	0.0148119	0.0158072
258	2	0.259648	0.0181513	0.0344098
259	1	0.259861	-0.0379382	0.109298
260	0	0.263713	-0.0213914	0.13719
261	1	0.265549	0.0211657	0.0634795
262	1	0.266824	0.0616974	0.0458072
263	2	0.267804	0.0273762	0.0330561
264	0	0.268642	0.0157729	0.0221053
265	0	0.2725	-0.0375144	0.00862797
266	1	0.272587	0.0212331	0.0724526
267	2	0.27325	-0.0327176	0.00548442
268	2	0.273692	-0.0616864	0.0410414
269	0	0.273835	-0.0234769	0.0346446
270	2	0.277252	0.0182406	0.0156406
271	2	0.279238	-0.0628053	0.00700248
272	2	0.280528	-0.00878949	0.00316261
273	2	0.280935	0.07734	0.0324981
274	2	0.281118	0.0193992	0.000816923
275	1	0.282771	0.0270239	0.0041699
276	1	0.283137	-0.154454	0.0798856
277	1	0.283226	-0.101626	0.0652373
278	1	0.285031	0.0513707	0.0238683
279	0	0.285637	0.0394992	0.0620139
280	2	0.287024	0.0105549	0.0658691
281	0	0.28797	0.0431732	0.0314259
282	2	0.28826	0.0269678	0.00800643
283	2	0.28851	0.0332936	0.0689708
284	2	0.288989	0.0987428	0.0136641
285	0	0.291549	-0.0505559	0.0219053
286	0	0.292062	-0.0154489	0.0400609
287	0	0.292493	0.0102944	0.00975944
288	0	0.293028	-0.0243869	0.003173
289	2	0.294653	0.01021	0.0521247
290	0	0.295806	-0.0225226	0.122938
291	0	0.299325	0.0468274	0.00489422
292	0	0.30105	-0.0494014	0.0591022
293	0	0.301626	-0.00266119	0.00898427
294	0	0.301722	-0.0596154	0.0209392
295	1	0.30303	-0.0552147	0.110018
296	2	0.30555	0.0791581	0.0324516
297	2	0.310768	-0.0498779	0.0456197
298	1	0.312002	-0.0304216	0.0199561
299	2	0.312486	0.049151	0.0129844
300	0	0.312771	0.0257007	0.010493
301	2	0.314653	0.12293	0.00300649
302	2	0.318061	-0.0215933	0.0696759
303	0	0.319647	-0.0212961	0.0356667
304	0	0.32048	-0.0210015	0.00115663
305	1	0.321627	-0.0161121	0.00685474
306	0	0.322188	0.0247125	0.0179509
307	0	0.323175	0.0283663	0.00870169
308	0	0.326814	0.0438263	0.0236429
309	0	0.327137	-0.0873275	0.011348
310	2	0.327992	0.0429061	0.0688063
311	0	0.328299	-0.0423593	0.0605242
312	1	0.329562	0.0562881	0.109432
313	1	0.330556	-0.187226	0.0883492
314	2	0.331442	-0.0378833	0.0250491
315	0	0.331857	-0.122426	0.0928421
316	2	0.33209	0.0128821	0.0610392
317	1	0.333363	-0.0456892	0.0894248
318	0	0.341016	-0.0447272	0.0212275
319	0	0.342592	0.0255084	0.00574566
320	2	0.343654	-0.00411917	0.0141694
321	2	0.343666	0.0382058	0.0437748
322	2	0.343895	0.0325113	0.0172039
323	0	0.343897	-0.0305003	0.00390441
324	1	0.343923	-0.0283782	0.0263298
325	2	0.344444	-0.0205581	0.0185466
326	0	0.345568	-0.0724463	0.0799514
327	0	0.345734	-0.0167667	0.0821576
328	0	0.347249	0.0162877	0.00939513
329	0	0.347712	-0.0728805	0.0237082
330	1	0.348383	0.0167334	0.0112671
331	2	0.349058	-0.0773107	0.0712006
332	1	0.349457	0.105289	0.0417341
333	2	0.350056	0.0422507	0.0132256
334	2	0.351937	0.0558368	0.0284798
335	0	0.353294	-0.0562041	0.0260586
336	1	0.353921	-0.0308818	0.0591681
337	2	0.354155	0.0597908	0.0878006
338	0	0.35422	0.0862061	0.0758981
339	2	0.354374	0.0392338	0.0223703
340	0	0.355949	-0.0616119	0.034558
341	0	0.35769	0.0478023	0.0320904
342	1	0.357828	0.00337425	0.0256238
343	0	0.358062	-0.049778	0.00587818
344	1	0.358693	0.0814393	0.0575535
345	1	0.358837	0.0669504	0.0578833
346	0	0.358914	-0.0229294	0.0544214
347	1	0.359131	-0.0500836	0.034494
348	2	0.359796	0.129308	0.00344288
349	2	0.360048	-0.0168843	0.0519422
350	0	0.360318	0.152175	0.0103471
351	0	0.36135	0.0144213	0.0143142
352	0	0.361555	0.010365	0.0145959
353	2	0.362384	0.0232419	0.0419603
354	0	0.362562	0.0421608	0.00229431
355	2	0.363471	-0.0188743	0.0622321
356	0	0.364186	0.0125211	0.0430947
357	0	0.364189	0.0429498	0.056639
358	0	0.367197	-0.0188393	0.0334328
359	2	0.36751	0.107884	0.0335399
360	2	0.368095	0.022338	0.0550491
361	2	0.368212	-0.0325091	0.0348254
362	0	0.368428	-0.0116714	0.024155
363	1	0.369063	-0.0914521	0.0523429
364	2	0.369938	-0.0568107	0.0673252
365	0	0.370714	-0.00821774	0.0243934
366	1	0.37124	0.00856884	0.016346
367	2	0.372355	0.0582592	0.0733369
368	2	0.372955	0.0245369	0.00564556
369	1	0.373598	-0.00413986	0.0473079
370	2	0.37383	-0.00821053	0.0566151
371	0	0.37928	-0.0195328	0.00507213
372	2	0.379575	0.0189931	0.00306704
373	2	0.380834	0.0194453	0.0700023
374	2	0.38215	0.0455528	0.0196356
375	1	0.384581	-0.0188176	0.0728427
376	2	0.385078	-0.034697	0.0173839
377	2	0.38574	-0.0225437	0.0458647
378	2	0.386312	0.0990202	0.00262894
379	0	0.386585	-0.00511355	0.0172061
380	2	0.389328	0.0401779	0.00126826
381	2	0.389581	-0.0632909	0.0131595
382	2	0.389863	0.0717864	0.0189441
383	2	0.390284	-0.0302872	0.037501
384	2	0.390907	0.0109068	0.0144411
385	0	0.392084	0.126268	0.0355965
386	2	0.39394	-0.0193617	0.027821
387	1	0.394509	-0.116191	0.0960028
388	2	0.395442	0.0696591	0.00753029
389	1	0.395474	-0.064345	0.0562745
390	1	0.396481	-0.0154097	0.03776
391	0	0.396768	-0.0512691	0.023829
392	2	0.397041	0.0387753	0.00569009
393	2	0.397246	-0.0220129	0.0461257
394	2	0.397734	0.00698318	0.0524802
395	0	0.399731	-0.0119907	0.041096
396	0	0.399832	-0.0187537	0.043306
397	0	0.400185	-0.0381763	0.0439562
398	1	0.401273	0.007627	0.0391205
399	2	0.402295	0.0176239	0.0849047
400	1	0.402588	-0.129668	0.0206631
401	2	0.402996	0.0493979	0.0598058
402	2	0.403042	0.0587777	0.095531
403	2	0.403594	0.0342486	0.00538711
404	1	0.406865	-0.0147293	0.0777915
405	0	0.407657	-0.0347419	0.0030909
406	0	0.407685	0.0814331	0.119244
407	0	0.408263	-0.127655	0.0676406
408	0	0.408578	0.0450369	0.0191817
409	0	0.409089	0.0410511	0.0262773
410	0	0.410333	-0.0786945	0.00560105
411	0	0.410945	0.0308762	0.0782392
412	2	0.414034	-0.049646	0.0466128
413	0	0.416241	-0.0187006	0.0178234
414	1	0.417672	0.0826591	0.00989079
415	1	0.417942	0.123934	0.196503
416	2	0.418075	0.0229281	0.121911
417	0	0.420699	0.0164412	0.0361209
418	2	0.420762	-0.0222906	0.00738442
419	1	0.42153	0.104564	0.0724125
420	2	0.422121	-0.0756939	0.0452913
421	0	0.422181	0.00297317	0.0462843
422	0	0.422435	-0.0397708	0.0283596
423	1	0.424072	-0.0433917	0.122067
424	0	0.424927	-0.146092	0.0270038
425	0	0.425525	-0.151172	0.0044535
426	1	0.425946	0.0900838	0.0358824
427	0	0.425992	0.0568401	0.0164686
428	0	0.426995	-0.0306004	0.039439
429	2	0.427609	0.0392222	0.0322862
430	2	0.430303	0.0497829	0.0144073
431	2	0.430754	0.0209432	0.0268368
432	2	0.430856	0.114382	0.0204853
433	0	0.431112	-0.115634	0.00120191
434	1	0.431658	0.0406954	0.0119213
435	0	0.433871	0.0259129	0.0223023
436	0	0.433995	-0.039057	0.0239219
437	0	0.435773	0.00168117	0.0347465
438	0	0.436226	-0.0486438	0.00853369
439	2	0.436705	0.0761043	0.0607062
440	2	0.438004	0.0397249	0.0812287
441	0	0.438394	0.0360126	0.0895644
442	2	0.438509	-0.116757	0.0710476
443	2	0.439338	-0.0870409	0.018912
444	2	0.439799	-0.0383855	0.0485878
445	2	0.441139	-0.0292071	0.0728286
446	2	0.441189	0.0832076	0.0340937
447	0	0.441491	-0.0229624	0.0624305
448	1	0.443097	0.0171221	0.00557211
449	2	0.443337	0.00985228	0.0269273
450	0	0.444589	0.0208311	0.0373095
451	1	0.446323	0.0872115	0.0429256
452	1	0.446615	-0.0247557	0.0614343
453	1	0.447157	-0.0259973	0.0065655
454	2	0.447158	-0.00298916	0.0302478
455	2	0.448698	-0.0724685	0.00577403
456	0	0.450387	-0.0184158	0.0958919
457	1	0.452138	-0.0567141	0.107428
458	0	0.453373	-0.0508694	0.0340295
459	2	0.453595	-0.0454863	0.0315483
460	0	0.453923	-0.128623	0.0987448
461	2	0.455357	0.0104455	0.03961
462	2	0.457329	-0.0461576	0.00367581
463	0	0.457455	-0.0374889	0.0163099
464	2	0.458578	-0.00332505	0.0449232
465	0	0.458828	0.0647429	0.116683
466	0	0.459387	-0.0561614	0.0116758
467	1	0.459772	0.0587607	0.0796251
468	0	0.460699	-0.0477203	0.0657458
469	2	0.462659	-0.0103225	0.00453744
470	2	0.46406	0.0249958	0.0812015
471	2	0.465106	0.0343656	0.00333401
472	1	0.465811	0.0606615	0.0763563
473	0	0.467088	0.0249038	0.0517231
474	0	0.467539	0.00762354	0.0753998
475	1	0.469229	-0.0201471	0.0764393
476	2	0.471848	-0.0395628	0.0252462
477	0	0.473089	0.00834601	0.0639117
478	2	0.473447	0.0695935	0.0049236
479	2	0.475531	-0.0422823	0.0292618
480	1	0.475843	0.0797425	0.0971439
481	0	0.476488	0.0288686	0.103339
482	0	0.476911	-0.153219	0.0824196
483	2	0.478952	0.00842432	0.0120348
484	2	0.479725	-0.0706339	0.127901
485	2	0.482034	0.107612	0.0138535
486	1	0.483491	0.0642774	0.0476407
487	0	0.483653	0.0337436	0.0132995
488	2	0.484594	0.031387	0.0791896
489	0	0.485759	0.0267764	0.00467217
490	2	0.489056	0.0471827	0.0311265
491	2	0.490086	-0.0404354	0.00673965
492	2	0.490587	-0.0379245	0.0549077
493	2	0.492806	-0.0437426	0.0610306
494	2	0.494202	0.0731848	0.0754257
495	2	0.496137	-0.156691	0.00137782
496	2	0.497519	-0.0123319	0.039962
497	2	0.499198	-0.0072833	0.011459
498	2	0.499338	-0.0999066	0.0558423
499	0	0.499839	0.0412925	0.0743513
500	0	0.500002	-0.00264783	0.0171077
501	1	0.50011	0.0758312	0.067433
502	2	0.500627	-0.0982478	0.0193611
503	2	0.503097	0.0596407	0.0726806
504	0	0.503315	0.0157193	0.0474097
505	2	0.503473	-0.0743556	0.0216454
506	0	0.504141	-0.00636606	0.0546019
507	2	0.504154	0.0490445	0.00508229
508	0	0.504368	-0.0447325	0.024619
509	0	0.507665	-0.0864566	0.00952283
510	2	0.507922	-0.000240985	0.0366384
511	0	0.510466	0.0130102	0.0449188
512	2	0.512678	-0.035384	0.0471855
513	1	0.515282	0.0962709	0.0676652
514	2	0.515507	0.0272381	0.0780584
515	2	0.516663	-0.0453049	0.0563801
516	0	0.5172	-0.0995994	0.0286109
517	0	0.517373	0.00981809	0.0223306
518	0	0.52078	-0.0602156	0.0276985
519	2	0.521254	0.00788491	0.0212901
520	0	0.521278	-0.0142181	0.0506192
521	1	0.52136	-0.0770619	0.0740617
522	0	0.521467	0.0160596	0.036625
523	2	0.522612	0.0374655	0.0402057
524	1	0.524256	0.0330922	0.150762
525	2	0.528585	-0.0137754	0.0284784
526	0	0.528711	0.0413547	0.0324603
527	1	0.532099	-0.044789	0.0440037
528	1	0.533542	-0.00824766	0.0354821
529	0	0.536388	-0.0227257	0.0382703
530	0	0.538591	-0.012831	0.0153241
531	2	0.539014	0.0208732	0.104858
532	1	0.539592	0.0198521	0.102023
533	0	0.542617	0.0258768	0.0831203
534	1	0.543154	-0.171729	0.0675505
535	1	0.543225	-0.117279	0.0787375
536	2	0.54565	0.0104662	0.0514078
537	2	0.546019	-0.0607132	0.0138537
538	2	0.548409	0.037172	0.0140139
539	1	0.549366	-0.0472883	0.00834348
540	0	0.550443	-0.00338713	0.0584116
541	0	0.550956	0.043837	0.0184134
542	2	0.551851	-0.0236816	0.145842
543	0	0.551891	-0.0070728	0.0309421
544	0	0.552885	0.0188821	0.04333
545	0	0.553991	-0.0515388	0.00217046
546	2	0.553995	0.0151635	0.0197479
547	2	0.554245	-0.0136798	0.00128186
548	1	0.55566	0.0329781	0.0693351
549	0	0.555745	-0.0119423	0.0861002
550	2	0.557332	-0.0569101	0.0582757
551	0	0.55874	0.061966	0.0384253
552	0	0.559029	-0.0142082	0.0116446
553	0	0.55911	-0.061477	0.0246326
554	2	0.559592	-0.0161214	0.0032944
555	1	0.560679	0.044923	0.0174461
556	0	0.561967	-0.00800306	0.0762456
557	1	0.562923	0.03315	0.00084431
558	0	0.565786	0.0121213	0.0300759
559	1	0.565914	0.0543126	0.103511
560	0	0.567059	0.0257288	0.0107823
561	2	0.567635	0.00987948	0.0121104
562	0	0.569466	-0.0659092	0.0293513
563	2	0.569853	0.00930897	0.0378239
564	0	0.570973	-0.0371482	0.0275335
565	0	0.571602	-0.0283853	8.66907e-05
566	0	0.57204	-0.00397984	0.00644573
567	0	0.572192	-0.0359278	0.0587124
568	1	0.57226	-0.0568255	0.0548489
569	0	0.572761	0.0245238	0.0689459
570	1	0.575012	0.0152974	0.112276
571	1	0.577793	-0.0324263	0.0259156
572	0	0.578253	0.0177122	0.0089437
573	0	0.578697	0.0175703	0.0103764
574	2	0.579191	-0.0122347	0.00784018
575	2	0.580011	-0.0785387	0.0370326
576	0	0.580085	-0.0310642	0.0545006
577	2	0.581162	-0.00342533	0.0167522
578	0	0.586021	-0.0868526	0.00217338
579	2	0.587157	-0.0388256	0.107647
580	1	0.587313	0.0511682	0.0670683
581	0	0.589218	0.0204377	0.0630133
582	2	0.590616	0.0764506	0.0499318
583	0	0.591032	-0.0313451	0.056299
584	0	0.59321	-0.034948	0.0428307
585	2	0.594619	-0.0282488	0.00487771
586	0	0.594699	-0.0286581	0.0945425
587	2	0.596069	0.0168171	0.0243449
588	0	0.596183	-0.0361551	0.0353875
589	2	0.596522	0.017528	0.0495846
590	2	0.597351	0.0230085	0.0605686
591	1	0.599271	0.0262655	0.0188275
592	1	0.600442	0.0675361	0.0591231
593	0	0.601185	-0.100259	0.0084357
594	2	0.602099	-0.0751389	0.114464
595	2	0.602795	0.0130821	0.0525555
596	1	0.603228	-0.0608061	0.0583328
597	0	0.603418	-0.0235801	0.0328094
598	1	0.604283	-0.0506789	0.0736463
599	1	0.605261	-0.0264048	0.054983
600	2	0.608529	-0.0345432	0.049807
601	0	0.610359	0.128223	0.0127921
602	0	0.61064	-0.018923	0.0270246
603	0	0.612655	-0.0502574	0.0593629
604	1	0.613217	0.0576204	0.0146012
605	0	0.613613	0.100222	0.043348
606	0	0.616412	-0.0111033	0.0321013
607	2	0.61656	0.0699961	0.0349926
608	0	0.619984	0.026052	0.0288945
609	2	0.622358	-0.0136306	0.00128392
610	0	0.623693	0.0350414	0.014449
611	0	0.625203	-0.0165828	0.0248834
612	2	0.626073	0.0438115	0.000154508
613	2	0.627139	0.0194676	0.026867
614	0	0.627944	-0.0481024	0.0519606
615	0	0.628459	-0.00830378	0.119542
616	1	0.628579	0.0171828	0.117243
617	2	0.630291	0.0611286	0.00681525
618	2	0.630691	0.0441133	0.0264321
619	1	0.631025	-0.0238707	0.0372291
620	2	0.631495	-0.017931	0.0773328
621	1	0.632172	-0.0673885	0.112997
622	1	0.632972	-0.0452242	0.0152552
623	0	0.633903	0.0109044	0.00850102
624	0	0.634305	-0.0856092	0.020615
625	2	0.637477	0.0397429	0.0472624
626	0	0.637967	0.0120783	0.0360718
627	0	0.639397	0.0610895	0.00850365
628	1	0.639823	-0.037731	0.096771
629	0	0.641796	0.0627398	0.0029921
630	1	0.642132	-0.0608493	0.00633119
631	2	0.642302	0.0600191	0.0989682
632	2	0.642676	0.0501929	0.00620883
633	1	0.644627	-0.0555282	0.142635
634	2	0.646018	0.0340292	0.127731
635	2	0.652543	-0.0832895	0.0471283
636	2	0.654013	-0.0427532	0.0364171
637	1	0.654169	-0.0646768	0.078948
638	2	0.65465	-0.0462948	0.0756664
639	1	0.655228	-0.0303897	0.0107455
640	1	0.655512	-0.0792378	0.10136
641	0	0.656371	0.00234841	0.067531
642	2	0.656518	0.0194366	0.0560389
643	0	0.65692	-0.0460385	0.0290597
644	0	0.657127	0.0182615	0.00826475
645	2	0.657368	-0.0382246	0.0564741
646	2	0.657632	-0.0160751	0.0481728
647	0	0.658254	-0.00706566	0.00961582
648	1	0.660151	0.0272176	0.0791323
649	2	0.661275	0.0332017	0.0512883
650	0	0.661544	-0.0216749	0.0551708
651	2	0.661678	0.038563	0.0921918
652	2	0.662951	-0.0202983	0.070591
653	1	0.663262	-0.0452254	0.0793427
654	0	0.663974	-0.0170503	0.0465182
655	1	0.665104	-0.11544	0.053367
656	2	0.665953	-0.0560227	0.031554
657	0	0.666839	0.0270776	0.0236741
658	0	0.666999	-0.0121411	0.12437
659	0	0.668147	-0.0472061	0.0210838
660	0	0.668822	0.00881021	0.036168
661	2	0.670389	-0.0231774	0.0674279
662	1	0.67181	0.0204396	0.0450697
663	0	0.672083	0.0817637	0.0194024
664	2	0.673917	-0.054592	0.0952519
665	2	0.674586	-0.0541817	0.103072
666	2	0.676537	-0.0301608	0.0889155
667	2	0.677064	0.0259708	0.0288191
668	2	0.677122	0.0483045	0.0348919
669	2	0.679453	-0.047334	0.0148141
670	1	0.680961	0.0569942	0.0870269
671	0	0.681467	0.0355213	0.0117641
672	2	0.682615	-0.0491663	0.0124205
673	0	0.682966	-0.0743888	0.0417632
674	0	0.685778	-0.0210469	0.0597091
675	1	0.685808	0.0397795	0.0185691
676	1	0.685847	-0.112249	0.107573
677	0	0.686917	-0.0272444	0.0976184
678	2	0.688464	0.0411841	0.0359073
679	0	0.689369	-0.0283251	0.0586058
680	1	0.689955	-0.0780128	0.00318683
681	2	0.690217	0.0497029	0.105049
682	2	0.693475	-0.0278868	0.0465274
683	0	0.694264	0.0285058	0.018979
684	2	0.694519	-0.0358426	0.0735276
685	2	0.694779	0.0710344	0.0656627
686	0	0.694968	0.0367152	0.0644141
687	2	0.695259	-0.0115108	0.122456
688	2	0.696362	0.0429577	0.0474371
689	0	0.697563	0.00595266	0.0454069
690	2	0.697725	0.0235894	0.0126993
691	2	0.697876	0.014419	0.0530326
692	0	0.69916	0.0578983	0.0419327
693	2	0.699407	0.145691	0.0478533
694	0	0.701423	0.00712233	0.0481867
695	1	0.703657	0.071566	0.0718731
696	1	0.704292	0.0409344	0.188037
697	1	0.706445	0.0212986	0.0733465
698	1	0.706813	0.0560518	0.0419869
699	1	0.707058	0.0936468	0.0240507
700	0	0.710916	-0.0126636	0.00964103
701	2	0.711862	0.0247081	0.0318647
702	2	0.712309	-0.0891812	0.0298035
703	1	0.712868	-0.0158081	0.0773999
704	0	0.716732	0.0285902	0.0486601
705	0	0.717353	0.00606184	0.065143
706	2	0.717734	-0.009026	0.00254881
707	2	0.71868	-0.0422062	0.0422134
708	0	0.719063	0.0132862	0.0341793
709	2	0.720383	-0.0326265	0.0485841
710	0	0.720483	-0.0153564	0.0243358
711	0	0.720587	0.0985099	0.0742363
712	2	0.721525	0.0550039	0.00152538
713	1	0.722489	0.0156408	0.10113
714	0	0.724812	0.079275	0.0435753
715	0	0.727302	-0.0169338	0.0597895
716	0	0.727468	-0.0818613	0.00888194
717	2	0.728154	0.0454358	0.0364605
718	0	0.728812	0.0502405	0.00174819
719	2	0.729616	0.00585789	0.00088013
720	1	0.731575	0.124276	0.0946288
721	1	0.73211	-0.0741895	0.0351486
722	2	0.733222	-0.0447599	0.0360595
723	0	0.739578	0.0236292	0.00568702
724	0	0.739871	-0.0288671	0.0107566
725	0	0.743463	-0.0366236	0.00495604
726	2	0.743533	0.0792141	0.0242294
727	0	0.743723	-0.0241842	0.00935406
728	2	0.743841	0.00324815	0.0397716
729	0	0.746663	-0.0452273	0.0615024
730	2	0.746667	0.0248163	0.0866421
731	1	0.747288	0.0211558	0.106693
732	2	0.751213	0.103437	0.0914821
733	2	0.751603	0.03214	0.0570745
734	1	0.755191	-0.191735	0.0342186
735	2	0.756917	0.0608772	0.0111416
736	0	0.758156	0.0803955	0.127131
737	1	0.75869	0.0274512	0.0450531
738	0	0.759174	-0.0424491	0.00652227
739	2	0.760805	-0.0316709	0.0527468
740	0	0.761064	0.0484408	0.0700621
741	0	0.762886	0.0369229	0.00439239
742	2	0.766774	0.0120273	0.0604597
743	0	0.766898	0.0379146	0.00603914
744	2	0.767226	0.0361187	0.0295176
745	0	0.76923	0.0193916	0.0628163
746	2	0.769556	-0.0317111	0.0229033
747	2	0.770866	0.0218582	0.00151554
748	0	0.771465	-0.0268479	0.138547
749	0	0.771525	-0.0503905	0.00727297
750	0	0.772877	-0.0295578	0.0298665
751	2	0.773655	-0.0389345	0.0724105
752	2	0.774776	-0.0367947	0.0606898
753	0	0.778105	-0.0443097	0.0748608
754	1	0.778106	-0.0306411	0.00308513
755	0	0.778319	0.00367535	0.0838018
756	2	0.780429	-0.0846211	0.0189952
757	1	0.780634	-0.059289	0.0498178
758	1	0.783191	-0.0920103	0.105104
759	1	0.783278	0.0222074	0.151296
760	2	0.783508	0.0115323	0.0138964
761	0	0.784408	-0.00553949	0.0204992
762	1	0.786121	0.1033	0.0012228
763	2	0.786857	-0.0076683	0.0402323
764	1	0.788475	0.0316732	0.137989
765	2	0.78858	-0.0234896	0.0356884
766	2	0.788735	-0.0764702	0.072967
767	2	0.790314	-0.00862293	0.0184105
768	0	0.790715	0.00382868	0.0613954
769	0	0.791197	0.0289327	0.00544099
770	0	0.792879	-0.0479651	0.0556718
771	0	0.794873	-0.0462324	0.0199502
772	0	0.794975	-0.04573	0.0962925
773	2	0.795411	-0.0394476	0.0317721
774	0	0.796313	0.0609178	0.0351222
775	2	0.79701	-0.118203	0.00778068
776	2	0.797114	-0.0544286	0.00319175
777	2	0.797856	-0.087034	0.0258828
778	0	0.798013	-0.051441	0.0634081
779	2	0.798311	0.0259934	0.0184928
780	0	0.798339	-0.0228618	0.000521431
781	0	0.798902	0.0471068	0.0313061
782	1	0.799703	-0.0099584	0.0213868
783	2	0.800552	-0.00980822	0.0658649
784	2	0.801207	-0.0211028	0.0681851
785	1	0.80155	0.0984799	0.0565975
786	0	0.802005	-0.0331286	0.0072287
787	1	0.80219	0.0747699	0.052636
788	1	0.802237	0.0997838	0.0129897
789	0	0.802793	0.00407236	0.0419567
790	1	0.803923	-0.0333476	0.0453991
791	2	0.805394	-0.0247747	0.0331792
792	2	0.806615	0.0375752	0.0270723
793	2	0.80716	-0.0670423	0.0668425
794	2	0.807831	0.0920327	0.0857028
795	0	0.808003	-0.0193017	0.00788032
796	2	0.808994	0.00777222	0.105531
797	1	0.809234	0.0849064	0.060584
798	2	0.809866	-0.0211835	0.00374686
799	0	0.8116	-0.013269	0.0253234
800	0	0.815206	-0.0328688	0.0693915
801	1	0.815488	-0.17339	0.0704876
802	2	0.816058	-0.00693003	0.0469067
803	0	0.816086	-0.0110499	0.027789
804	2	0.816097	-0.0306631	0.0345644
805	0	0.818328	0.0168498	0.013426
806	0	0.818762	-0.146676	0.0187416
807	2	0.819249	-0.0774172	0.0474272
808	0	0.819488	0.107607	0.110172
809	1	0.820479	0.0458486	0.00757098
810	0	0.821184	-0.0163991	0.0477705
811	2	0.82121	0.0162952	0.0478127
812	2	0.821248	0.0772958	0.013416
813	0	0.823373	-0.0182544	0.00212635
814	2	0.824386	0.0604935	0.00416586
815	0	0.824672	0.114351	0.0365222
816	0	0.826018	0.00694913	0.0201067
817	2	0.82658	-0.0112263	0.0787613
818	1	0.827394	-0.0196341	0.0497341
819	0	0.827493	0.0210884	0.0168918
820	0	0.827534	0.0770868	0.0299937
821	2	0.827825	0.00979656	0.028589
822	0	0.831431	-0.0177199	0.0978546
823	1	0.832238	-0.029289	0.0427467
824	0	0.83257	-0.0148295	0.0100374
825	2	0.834481	-0.0488752	0.0143411
826	2	0.835856	0.0692518	0.0640138
827	2	0.836343	-0.0172989	0.113007
828	2	0.836397	-0.0457831	0.0209072
829	2	0.836487	0.0335309	0.00736971
830	2	0.836673	-0.0431113	0.0529696
831	1	0.836779	0.0827813	0.0389357
832	0	0.838233	-0.063794	0.0450136
833	2	0.838894	0.0286347	0.0295576
834	2	0.839001	0.0116135	0.0393764
835	2	0.83936	0.0196307	0.0326969
836	2	0.842488	0.00362692	0.058843
837	2	0.842588	-0.0565889	0.0456007
838	0	0.843606	0.0883548	0.0805203
839	0	0.843982	-0.0906114	0.00750287
840	2	0.844506	0.00104393	0.0254715
841	2	0.844785	-0.0305098	0.0206853
842	0	0.846298	-0.0338044	0.0128637
843	2	0.848449	-0.101752	0.0049163
844	2	0.851225	0.0868133	0.0230057
845	0	0.851476	0.0304506	0.041963
846	1	0.851723	0.117753	0.140161
847	1	0.852365	0.0340365	0.0141337
848	2	0.852371	-0.0407855	0.0328006
849	1	0.852663	0.0238385	0.0240603
850	1	0.853423	0.113832	0.0259283
851	2	0.854544	0.0472943	0.027165
852	1	0.854854	0.0391017	0.000363178
853	2	0.857055	0.00376081	0.11444
854	0	0.858914	0.0346771	0.0239517
855	2	0.860089	-0.0613435	0.00534108
856	0	0.860505	0.0211521	0.00511172
857	0	0.86053	-0.0431378	0.0370462
858	2	0.862514	0.0284696	0.0057061
859	0	0.863202	0.0336412	0.0402138
860	0	0.867071	-0.0349413	0.00280017
861	2	0.8672	0.0489117	0.00196238
862	0	0.867894	-0.0139861	0.00642824
863	0	0.869492	0.0387925	0.0231467
864	0	0.869682	0.0546962	0.0104392
865	2	0.870536	-0.0777917	0.0199606
866	0	0.871224	0.0209627	0.0235228
867	2	0.871999	0.0125298	0.0474467
868	2	0.872217	-0.0198896	0.00954485
869	2	0.872639	-0.0285669	0.0403756
870	2	0.873753	-0.0969807	0.0164581
871	2	0.873869	0.132289	0.0663857
872	0	0.875076	-0.0349137	0.0830744
873	0	0.877406	0.162663	0.107517
874	2	0.877824	0.0130086	0.0998838
875	2	0.877932	0.017109	0.0678097
876	0	0.879507	0.0284236	0.0226016
877	0	0.879768	0.0379799	0.0427606
878	0	0.881513	-0.0346193	0.0135709
879	0	0.882384	-0.0486754	0.0279836
880	0	0.88348	-0.0434382	0.0775601
881	2	0.885253	-0.0239598	0.0392775
882	0	0.885611	0.0244714	0.0194
883	0	0.886206	-0.0395326	0.0296283
884	2	0.886744	0.0474103	0.0592317
885	1	0.887385	-0.0223851	0.063706
886	1	0.890663	0.0669507	0.0397757
887	0	0.890745	0.103326	0.0722328
888	1	0.891967	0.0348679	0.0399315
889	0	0.892198	0.0446326	0.0273977
890	0	0.892278	-0.0326941	0.0105326
891	0	0.892314	-0.0524032	0.0627867
892	1	0.892567	0.00737237	0.0249258
893	2	0.89293	-0.0102557	0.0412371
894	0	0.894997	-0.0522946	0.0227271
895	0	0.898929	0.0534252	0.00196033
896	0	0.899713	0.0394624	0.0904795
897	2	0.899811	0.00327495	0.0310678
898	0	0.900063	0.0508026	0.0539632
899	0	0.900634	0.00337281	0.0452964
900	0	0.90112	-0.0147579	0.0529928
901	2	0.901459	0.0809569	0.0298459
902	0	0.902232	-0.0517942	0.0473272
903	2	0.907767	0.0994714	0.0804317
904	0	0.907859	0.0583476	0.0102612
905	2	0.908887	0.0334306	0.00843358
906	0	0.909675	0.0419251	0.0104859
907	2	0.910782	0.0417215	0.0795355
908	0	0.910864	-0.0258805	0.123874
909	0	0.911612	-0.069402	0.00409112
910	2	0.912596	0.00764354	0.0436565
911	1	0.912701	-0.0855036	0.00923939
912	0	0.914378	0.0324116	0.044787
913	2	0.914769	-0.0301511	0.0212118
914	0	0.915274	-0.0188472	0.0244782
915	2	0.91633	-0.0120681	0.123492
916	2	0.916616	0.0204234	0.0333601
917	0	0.916886	-0.00657582	0.0287755
918	2	0.917512	-0.0168602	0.0259454
919	0	0.919693	-0.00934922	0.0491301
920	0	0.920142	-0.024074	0.0101873
921	2	0.920247	-0.0321685	0.0355461
922	2	0.922432	0.030517	0.0332777
923	0	0.923089	-0.029782	0.00185898
924	0	0.925323	-0.0500045	0.0488972
925	0	0.92543	0.074721	0.0317452
926	1	0.925457	0.071117	0.0176186
927	2	0.925639	-0.0756011	0.021237
928	2	0.925942	0.0544164	0.0981139
929	2	0.926949	0.0175438	0.0458264
930	2	0.927612	0.0662157	0.0132427
931	1	0.927867	-0.0465366	0.0344854
932	0	0.92795	-0.02494	0.0975305
933	2	0.928761	-0.0133863	0.0560174
934	0	0.929263	0.043064	0.0403715
935	2	0.930613	-0.0343795	0.066782
936	2	0.930649	-0.00633588	0.0660432
937	0	0.931122	-0.0232321	0.106811
938	1	0.931993	-0.0465691	0.0876045
939	2	0.935762	-0.0330764	0.00734751
940	2	0.939935	0.0193466	0.0574171
941	2	0.940505	-0.0436694	0.0361272
942	0	0.940602	0.0164859	0.0133157
943	2	0.940614	0.00951322	0.0449463
944	2	0.940664	0.0392394	0.0432609
945	1	0.94197	-0.0212336	0.0581716
946	2	0.943282	-0.007403	0.0321803
947	2	0.94505	-0.0909838	0.00342252
948	2	0.945611	-0.0272426	0.0379474
949	0	0.945727	0.0612509	0.0143707
950	0	0.946226	-0.0746838	0.00742849
951	1	0.946407	0.0393689	0.0123484
952	0	0.948822	-0.033585	0.0729355
953	2	0.94912	0.068894	0.0395585
954	2	0.951412	-0.0386132	0.0641005
955	2	0.952592	0.0864394	0.00833674
956	0	0.952967	0.0857249	0.0309443
957	2	0.953537	-0.0438488	0.0122922
958	1	0.953951	-0.0570549	0.0314405
959	0	0.954382	-0.0391834	0.0411021
960	2	0.954472	0.0497507	0.00999609
961	0	0.955975	0.0182191	0.0218412
962	2	0.956521	-0.0691301	0.120802
963	1	0.95717	0.0757945	0.0747208
964	2	0.960346	0.0163622	0.012058
965	1	0.960481	0.0913265	0.0895622
966	0	0.961757	-0.0190097	0.0221707
967	1	0.963203	-0.0564346	0.111089
968	2	0.963236	0.0149991	0.0584306
969	2	0.963906	0.050775	0.0496551
970	1	0.966827	-0.015478	0.0224946
971	0	0.966898	-0.00992796	0.0292509
972	2	0.967838	-0.0847858	0.0288837
973	2	0.968114	-0.0114167	0.0750305
974	1	0.969089	0.0264885	0.0229714
975	2	0.970558	-0.0185403	0.00138609
976	0	0.972006	-0.048078	0.0150376
977	2	0.972993	0.0355463	0.0894356
978	0	0.975165	-0.0187195	0.051377
979	1	0.981188	0.0473065	0.00520899
980	2	0.981733	-0.0991736	0.00264082
981	2	0.983164	-0.113404	0.00825042
982	1	0.983188	-0.0109939	0.171331
983	0	0.984438	0.051594	0.0371518
984	0	0.984519	-0.0314959	0.0659968
985	1	0.985818	-0.0105782	0.0452894
986	0	0.985834	-0.0593865	0.00526855
987	2	0.988204	0.0666011	0.0265929
988	1	0.988335	-0.0107543	0.0761541
989	2	0.989763	-0.0712889	0.00327952
990	0	0.99032	0.0233273	0.103428
991	0	0.991356	-0.0315544	0.0335629
992	1	0.992309	0.184561	0.0525153
993	2	0.994539	-0.0254264	0.017119
994	2	0.995556	-0.0716829	0.0787511
995	0	0.996386	0.0712389	0.0268792
996	1	0.998704	-0.0508261	0.0160234
997	1	0.999011	-0.0506375	0.0184848
998	1	0.999225	0.0282833	0.124876
999	1	0.999682	-0.0196924	0.0859909
6	710	-0.0122015
6	898	0.0264465
6	966	0.0163431
6	724	0.0237641
10	168	-0.0561872
10	145	0.0497031
10	107	-0.0493148
10	266	-0.0529538
10	696	-0.0168414
13	789	-0.0141061
13	588	-0.0367899
13	287	-0.0157149
22	970	0.030277
25	745	0.0220268
25	588	0.0284162
25	942	0.0299291
25	200	0.0394557
30	529	-0.0244003
30	725	0.0419135
30	581	-0.0245486
30	215	-0.0412442
30	53	0.0446502
30	395	0.0151283
30	677	-0.0152679
30	456	0.015438
30	978	0.0356249
30	413	-0.0270999
30	38	-0.013551
30	711	0.038145
30	565	-0.0080441
30	803	-0.0508883
30	421	-0.0192187
30	716	0.0219995
30	879	-0.0320952
30	351	-0.0245236
30	971	0.0331941
30	214	-0.0194775
30	799	0.00787186
30	410	-0.022254
30	976	-0.0284293
30	25	0.0206604
30	576	0.0528631
30	343	-0.0275154
30	923	-0.0158794
30	234	-0.0209143
30	61	0.0168342
30	566	0.0188241
30	55	0.0269037
30	715	0.0523967
30	578	0.0324281
30	307	0.0145087
30	311	0.0534146
30	894	0.0200132
30	125	0.0240214
30	880	0.0202881
30	795	-0.0404115
30	128	0.00546067
30	819	-0.0229239
30	906	0.0256466
30	654	-0.0247109
30	315	0.0283932
30	659	-0.0449045
30	909	-0.0227938
30	873	0.0300568
30	184	0.0219156
30	824	-0.0108451
30	338	0.0219727
30	786	0.0413431
30	839	-0.0144808
30	150	0.0157302
30	93	0.0229889
30	623	-0.0132315
30	437	-0.0204889
30	729	-0.0438302
37	160	-0.0155477
37	888	0.0310108
38	984	0.0140078
38	912	0.0222873
38	597	0.0434349
38	610	0.0298886
38	896	0.0238263
38	362	-0.0215132
38	859	-0.0225332
38	845	-0.0256461
38	158	-0.0411823
38	718	-0.0170735
38	425	0.0189512
42	880	0.0442032
49	118	-0.0460747
52	520	-0.0171969
53	517	-0.0195989
53	978	-0.0212521
53	300	0.0551908
53	856	0.0460577
53	803	-0.049489
53	379	-0.0453045
53	329	0.0412366
53	175	-0.0315393
53	914	-0.00785841
53	896	-0.00498178
53	291	0.0425965
53	530	0.0301046
53	932	-0.0417295
53	148	-0.0266109
53	934	-0.035496
53	438	0.0185518
53	303	0.052193
53	125	0.0446525
53	898	-0.0316574
53	925	0.0250016
53	500	0.0289498
53	424	-0.00889967
55	902	-0.0252515
55	31	0.027262
57	365	0.048769
57	481	-0.04855
58	673	-0.0258602
61	173	0.0229075
63	121	-0.0185469
63	131	0.0359398
63	181	0.0288225
63	265	-0.0203338
63	606	-0.0181085
63	774	0.0184232
63	900	0.019684
63	805	0.0249328
63	890	0.0374786
64	275	-0.0421918
64	168	0.0468976
64	127	0.0219067
64	219	0.0607493
64	616	0.0511783
64	534	0.0325227
66	816	0.0291203
66	264	0.0221239
71	31	0.0397584
74	379	0.0215711
74	657	-0.0149163
74	115	0.0177874
74	857	-0.0215568
74	845	0.014723
74	710	0.0476091
74	560	0.0389706
74	133	0.0387714
74	56	0.024533
75	343	0.0647676
75	205	0.0247363
75	281	0.0356644
75	411	0.018763
78	899	0.0243387
79	404	-0.0361178
79	847	0.03336
79	342	0.0449217
79	448	0.0512794
79	754	0.0313414
80	888	0.031617
84	326	0.0479073
84	71	0.0151845
84	743	-0.0294807
84	917	0.052982
84	549	-0.0158926
84	269	-0.027604
84	705	-0.0253751
85	31	0.0286557
85	233	-0.0401418
87	997	0.0530327
88	622	0.0237479
89	207	0.0277542
92	153	-0.0308711
94	332	-0.0370241
94	697	-0.0687371
94	759	0.0520418
94	278	-0.0369692
94	831	0.0438791
94	958	0.0466932
94	414	-0.025791
96	253	0.0390512
96	210	-0.0343049
96	99	0.0407604
98	780	-0.0148783
98	771	-0.0510737
98	340	-0.0309105
98	602	0.029129
98	358	-0.0407408
98	327	0.039016
98	586	0.00531491
98	749	0.0320261
104	379	-0.0354221
104	98	-0.0459273
104	66	-0.0246922
104	96	0.0194134
104	859	0.0351672
104	89	0.0172305
104	819	-0.0177071
104	458	-0.0230725
104	408	-0.00582427
104	463	-0.0157291
107	88	0.0285781
107	596	-0.0343561
107	997	0.0598419
110	801	-0.0240049
110	713	0.0241243
110	64	-0.0119435
110	400	-0.0404466
110	759	0.0266472
110	160	0.0274879
110	313	-0.00735331
110	389	-0.0661819
110	675	-0.0579794
110	127	0.0500199
110	261	0.0517883
110	375	-0.0455842
110	217	-0.0255146
110	648	0.0436011
111	854	0.0280337
111	70	-0.0507957
111	778	-0.0634256
111	19	0.0281229
115	326	0.0242099
115	679	-0.0186925
115	303	0.0188636
115	92	-0.0140611
115	228	-0.0125852
121	279	-0.0173041
121	956	-0.0632895
121	441	0.0234324
121	58	0.0371793
121	727	-0.0159377
125	753	-0.00908334
127	931	0.0322618
127	171	0.0414379
133	894	-0.030367
134	501	-0.0757198
134	737	0.051702
138	269	-0.0188278
140	598	0.0530095
140	790	0.0311752
140	596	-0.0733232
140	398	0.0592152
140	852	0.0836906
141	801	0.054501
141	366	0.0464959
141	467	-0.0360792
141	670	-0.0151544
141	598	-0.0340506
141	295	-0.0286388
141	276	0.0614847
141	176	-0.0230075
141	501	-0.0370273
141	570	0.0522934
144	637	-0.0541416
144	475	-0.0314155
144	535	-0.0231216
144	275	0.0552295
144	79	0.0295821
144	697	0.00968329
144	847	-0.0324762
144	790	0.0382848
144	88	0.0493233
144	818	-0.0587008
144	390	-0.0178827
144	998	-0.0539806
144	73	-0.0128243
145	580	-0.0847795
145	823	-0.0578736
155	604	-0.0304565
155	330	0.0495483
155	675	0.0441259
155	266	-0.028692
155	398	0.033102
155	472	-0.0705275
155	534	0.0423322
155	737	-0.0451327
156	253	-0.0315479
156	460	-0.0282128
156	986	0.061294
158	822	-0.0243832
159	72	-0.0225874
160	312	0.0299907
160	831	-0.0583132
166	12	-0.0533087
168	167	0.0530693
170	891	0.0244505
175	610	0.00663454
175	799	-0.0192508
175	673	0.0349237
175	553	0.0220506
175	541	0.0324056
175	952	-0.0234394
175	611	-0.0220552
179	741	0.0147712
179	441	0.0163257
179	860	0.0236433
179	136	0.029351
179	569	-0.0209003
188	317	0.0520134
188	570	-0.0358396
189	300	0.0275511
189	741	-0.020703
189	133	-0.0486983
189	860	0.0236448
189	433	0.0370479
189	148	0.01433
189	281	-0.0414367
189	40	-0.0275973
189	193	-0.0363918
189	47	0.0234415
189	319	0.0173002
189	4	0.0293358
194	640	-0.0444207
197	474	-0.0302291
203	738	0.0241861
203	102	-0.030633
205	959	0.0153077
205	743	0.0368662
205	308	-0.0285346
206	336	0.0381874
206	453	0.0352026
206	885	0.0435772
206	699	-0.0241652
206	557	-0.0211287
206	347	0.0269613
206	155	-0.0505022
206	535	-0.0253226
206	965	0.0489755
206	345	-0.0258955
206	37	0.0315347
206	524	-0.0672716
206	231	-0.013474
206	790	-0.0546141
206	127	-0.00856052
206	387	0.0478915
206	721	0.0152117
206	186	0.0461865
206	720	-0.0487872
206	568	-0.0206462
206	997	-0.0340343
206	998	0.0354776
206	448	-0.019296
206	277	-0.0317904
206	363	-0.0733104
206	630	0.0228944
214	799	-0.0264706
214	602	0.0300546
214	627	0.0357029
214	659	0.0406641
214	644	-0.0259796
214	878	0.00898255
215	53	0.029913
215	526	0.0407109
215	189	0.0158681
215	104	-0.0272527
215	300	0.0687021
215	803	-0.0309716
215	216	0.015296
215	286	0.0136393
215	866	-0.0184366
215	410	0.0240326
215	25	-0.0280478
215	891	0.01588
215	518	-0.0198197
215	61	0.00918828
215	530	0.0225599
215	602	-0.0310233
215	715	0.0210464
215	203	-0.0311235
215	24	-0.0202903
215	197	-0.0302746
215	816	-0.0205077
215	588	-0.0270512
215	541	-0.0303682
215	522	-0.0417406
215	772	0.0141755
215	47	-0.0530246
215	603	0.0085922
216	597	-0.0618004
216	214	0.0659248
216	25	0.00971027
216	343	0.0230196
216	605	-0.0583993
216	560	0.0298988
216	743	-0.107222
216	253	-0.0535014
216	458	-0.0176088
216	586	0.0237118
219	818	0.016983
222	37	-0.0196651
222	168	-0.0439337
222	312	0.0344216
222	387	0.0486972
222	513	-0.0386311
222	653	-0.0464073
222	680	-0.0428489
222	999	0.0216039
231	255	0.0251009
231	591	0.0362897
231	997	-0.0253233
233	405	0.0320952
234	181	-0.0227876
249	318	-0.0186132
249	925	0.0241244
249	909	-0.0329441
249	887	-0.0222202
250	674	0.0270085
257	896	-0.0171331
257	309	-0.0274448
257	748	0.0347538
257	72	0.0163299
257	428	0.0134235
257	354	0.0384936
257	5	0.0187568
257	904	-0.0166004
257	761	-0.00946546
257	200	0.016345
259	344	0.049299
259	206	0.0236076
259	336	0.0154256
259	453	0.0234837
259	885	-0.0449403
259	110	0.0213837
259	699	-0.0492065
259	557	0.0522399
259	347	0.0635229
259	141	-0.0151217
259	155	-0.0596796
259	801	0.0392717
259	637	0.0711212
259	713	0.0344408
259	535	-0.0625928
259	222	-0.0236952
259	79	-0.0366087
259	332	-0.0343867
259	662	-0.0394078
259	160	-0.0363421
259	168	0.0442993
259	670	-0.0510004
259	107	0.028719
259	598	0.0473987
259	790	0.055935
259	695	-0.0374563
259	295	-0.048358
259	342	0.034535
259	49	-0.0557055
259	80	-0.0206546
259	720	-0.0381438
259	118	-0.0669466
259	680	0.025884
259	926	-0.0244878
259	639	0.0239284
259	124	0.0189419
259	938	0.0175158
259	419	-0.0416069
259	655	-0.0424399
259	103	0.0835274
259	548	-0.0517565
259	911	-0.0548455
259	985	-0.00739656
261	628	-0.0708548
265	477	-0.0284134
275	222	-0.0285236
275	10	-0.0423681
275	404	-0.0415578
275	703	-0.0147459
275	238	-0.0702028
276	521	0.031407
276	758	-0.0187138
277	22	-0.047066
278	145	0.0414317
278	342	0.023379
278	43	0.0324333
279	173	0.0214953
279	228	0.0214487
279	468	-0.0212133
286	891	0.0210864
286	365	-0.0257297
286	530	-0.0294849
286	315	-0.0402032
286	952	-0.0145431
286	474	-0.0511707
291	650	0.0137815
291	281	-0.0284564
291	899	0.0344182
291	466	-0.0272191
293	741	0.0323862
293	159	0.0477222
293	674	-0.0535702
293	671	0.0148155
293	319	0.00858504
294	725	-0.0265665
294	864	0.0330182
294	677	-0.0137805
294	435	-0.0337875
294	189	0.0484433
294	593	0.0136477
294	84	-0.0206671
294	379	-0.0145429
294	716	0.0357499
294	98	0.0219398
294	879	-0.0222187
294	780	0.0218548
294	597	0.0369728
294	657	0.0338225
294	306	-0.0368078
294	626	-0.0170824
294	6	-0.0319199
294	362	0.0320178
294	924	-0.0252828
294	249	-0.0522528
294	75	-0.0072954
294	441	0.0537375
294	679	0.00832656
294	234	-0.0200316
294	489	-0.0403067
294	710	-0.0149411
294	56	-0.0134793
294	727	0.0279142
294	578	-0.0217824
294	860	0.0309761
294	159	-0.0306612
294	406	-0.0216857
294	5	0.0381085
294	224	0.0260399
294	248	-0.032911
294	615	0.013708
294	346	0.0234067
294	562	0.0468333
295	324	-0.0393475
300	856	0.0182855
300	257	0.0449847
300	857	0.0149908
300	465	-0.0316445
300	845	0.0392879
300	71	-0.0658068
300	181	0.0537912
300	407	-0.0432828
300	877	0.0178055
300	552	0.0390248
306	291	-0.0297445
306	771	-0.0119251
306	543	-0.018231
306	138	0.0460547
306	436	0.0160918
306	641	-0.0299838
309	24	0.0131195
311	397	0.0149186
311	499	-0.0395753
312	276	-0.0432232
312	82	-0.0427858
313	255	0.0511096
313	219	0.0551672
313	698	-0.0543007
313	782	0.0381856
318	250	0.0434661
318	520	0.0257566
323	207	-0.0260352
323	736	0.0240983
326	614	0.0461021
329	63	0.0517591
329	351	-0.0614883
329	518	0.0265056
329	365	-0.0287292
329	845	0.017727
329	131	-0.0153008
329	290	0.0345108
329	482	0.0423709
330	598	0.0862764
330	134	0.0281549
330	451	-0.0240175
330	982	-0.0399983
332	662	-0.0627984
332	188	0.0470532
336	453	-0.0175035
336	110	0.0241798
336	699	0.0503267
336	144	0.0199823
336	141	0.0572337
336	713	0.0525544
336	475	0.0434376
336	64	-0.0240805
336	79	0.0363902
336	457	-0.0116101
336	140	-0.0101096
336	168	-0.0465842
336	255	0.0500146
336	513	-0.0264865
336	988	-0.0412932
336	958	-0.0715925
336	217	0.0469377
336	137	-0.0453872
336	619	-0.0527295
336	758	-0.0295856
336	938	0.0123276
336	974	-0.0280219
336	846	-0.0333663
336	979	-0.059862
336	787	-0.0317311
340	473	0.0200492
340	832	-0.0385871
343	509	-0.0212305
343	89	-0.0382239
343	482	0.0471801
344	206	-0.0151357
344	336	0.0214779
344	885	0.061075
344	699	0.0576101
344	559	0.0430822
344	347	0.0267716
344	155	-0.0274529
344	637	-0.0397207
344	713	0.0248826
344	475	0.0302001
344	535	-0.0542439
344	400	-0.0346723
344	467	-0.0423156
344	697	0.0601704
344	759	-0.042578
344	140	-0.0539888
344	160	-0.0193827
344	194	-0.0612836
344	107	-0.0286351
344	598	0.0304507
344	188	0.0770973
344	342	0.0629617
344	235	0.021465
344	958	-0.0349911
344	186	0.0287631
344	176	0.0322586
344	80	0.0203669
344	580	0.0507605
344	87	0.0133223
344	568	0.031837
344	324	-0.0450425
344	448	0.0275445
344	996	0.0350768
344	82	-0.0345925
344	137	-0.0429285
344	369	-0.0636245
344	731	0.0515627
344	967	-0.05603
345	931	0.0342197
345	580	0.0324452
345	628	-0.0424009
345	317	0.0281386
347	637	0.0316452
347	604	0.0437681
347	64	0.0400784
347	697	0.0352192
347	145	0.0292787
347	313	0.0460035
347	235	-0.0433281
347	591	-0.0386125
347	87	0.0316609
347	251	-0.0383394
347	888	-0.0413481
347	452	-0.0354783
351	660	-0.0283869
351	78	0.0304238
351	193	-0.0420178
351	769	-0.0435329
351	157	0.0153036
351	328	-0.0248398
352	518	-0.0285197
352	679	-0.0155
352	42	-0.0265781
352	56	0.030051
354	815	0.0257382
362	57	-0.0207365
362	608	-0.0176439
365	902	0.0176863
366	330	-0.0833108
366	194	0.0489305
366	231	-0.0451102
366	387	-0.0742142
366	988	-0.0372726
366	931	0.0684547
366	87	-0.0349179
366	414	0.0274189
366	501	0.0444761
366	974	0.0308309
375	317	0.0508054
379	560	-0.0321468
379	24	0.0329453
379	611	0.0385399
379	146	-0.0108292
379	877	-0.0350812
379	150	-0.029158
389	790	0.056485
389	387	-0.0366407
389	648	0.0309687
390	809	-0.0290373
395	84	-0.0244857
395	984	-0.0196978
395	976	0.0227284
395	540	-0.0277144
395	924	0.0104568
395	309	-0.0227811
395	326	0.0487036
395	748	0.0283654
395	768	0.0229192
395	148	-0.0545087
395	902	0.0443772
395	5	0.034195
395	252	-0.0556894
395	211	-0.0181553
395	569	-0.0345179
395	820	0.0195649
395	786	-0.0423538
395	551	-0.0131448
400	965	0.0348795
400	278	-0.0420956
400	513	0.00792213
400	818	-0.0352582
400	251	-0.063383
400	480	-0.0280271
400	369	0.0293449
400	999	-0.0438786
404	145	0.0631134
404	255	-0.0311604
404	653	0.0603424
404	324	0.00670659
407	508	0.0247162
410	949	0.0146191
410	540	0.012086
410	436	-0.0599437
410	146	-0.0339301
410	28	-0.0215049
413	104	-0.0264551
413	879	0.0383346
413	991	0.0180497
413	572	0.0383394
413	924	0.0297887
413	920	0.0238571
413	576	-0.0301507
413	956	-0.0296296
413	465	-0.0215083
413	42	0.0322776
413	715	-0.0431444
413	52	0.0246719
413	660	0.0219526
413	253	0.0234344
413	509	0.0401291
413	671	-0.0206392
415	762	0.0577041
417	306	0.00731758
417	626	0.0326333
417	605	-0.0431894
417	511	0.0532528
417	647	-0.0166316
417	704	-0.0217607
417	753	-0.0228407
417	132	0.0421847
421	657	-0.0389647
421	866	-0.0493292
421	291	-0.0120648
421	170	0.026057
421	85	0.0188752
421	428	0.0229126
421	654	0.0219717
421	506	0.0315266
421	350	-0.0468946
426	731	0.0445665
428	558	-0.0195776
433	210	-0.0419515
434	539	0.0424421
434	415	0.0362298
434	363	-0.028698
435	593	0.0155427
435	711	0.0204074
435	379	-0.0167563
435	63	0.0279784
435	57	0.0281913
435	891	0.0446635
435	956	-0.0622318
435	96	-0.0385242
435	566	0.0196302
435	13	-0.0313807
435	71	0.00823061
435	727	0.0377073
435	745	0.0342196
435	12	-0.0273296
435	315	-0.0180851
435	23	0.0416678
435	224	0.030795
435	544	0.0210873
438	354	0.0364711
438	409	0.0288145
441	323	-0.0262127
441	290	-0.0377326
441	468	0.0357768
448	926	-0.0209287
451	982	-0.0256833
453	110	0.058007
453	559	0.0207219
453	155	0.0549611
453	637	-0.0564048
453	94	-0.0378212
453	965	-0.0970362
453	457	0.0340648
453	332	-0.038
453	662	-0.0404164
453	524	0.0436068
453	255	0.0842524
453	88	-0.0348091
453	513	0.0389225
453	988	-0.0363045
453	342	-0.0330298
453	653	0.0369882
453	122	-0.0295322
453	298	-0.0419536
456	104	-0.0250925
456	876	0.0311133
456	421	-0.0334759
456	781	-0.0292617
456	417	-0.0161963
456	806	-0.0312462
456	583	-0.00931518
456	365	-0.038292
456	560	-0.0182233
456	55	0.0210369
456	252	-0.0335117
456	70	-0.0389188
456	241	0.0285034
456	769	-0.0204674
456	839	-0.0455822
456	60	-0.032215
457	695	0.0401689
457	124	0.0420179
457	757	0.0374253
465	159	-0.0123032
465	197	-0.0135713
465	411	-0.0343733
467	662	-0.0225347
467	670	-0.0326389
467	539	0.0497077
467	616	0.031927
467	398	0.0330704
467	217	-0.0209792
472	419	0.049375
475	535	0.0639775
475	94	0.0360746
475	332	0.0411167
475	695	-0.0370169
475	235	0.0222087
475	186	-0.0430175
475	591	0.048849
477	161	0.0145297
480	619	0.0394981
489	281	0.027779
509	173	0.092844
511	789	0.0082224
511	694	-0.0084994
511	816	0.0159547
513	134	-0.0439409
516	961	-0.030232
517	395	0.0666294
517	456	0.0179821
517	38	0.0381587
517	711	-0.0154919
517	565	-0.023093
517	379	-0.0124747
517	781	-0.029816
517	57	-0.0162357
517	279	-0.0565765
517	564	-0.0188236
517	166	-0.00827041
517	42	-0.0551299
517	748	-0.0442505
517	650	0.0280214
517	55	-0.0301049
517	727	0.034157
517	932	-0.0252941
517	250	-0.0709067
517	627	-0.0229018
517	499	-0.0164032
518	149	-0.0213925
518	481	-0.0332202
521	886	0.0160795
524	295	-0.0139562
524	88	-0.0281637
524	122	0.0667125
524	22	-0.0902793
526	189	-0.023849
526	216	-0.0214716
526	686	-0.0320979
526	326	-0.0350598
526	205	-0.0289006
526	61	0.0359313
526	543	-0.0273907
526	307	-0.023226
526	894	-0.022
526	72	-0.0315814
526	477	-0.0209513
526	898	-0.0230668
526	358	-0.0268871
526	952	0.0325422
526	842	0.0347526
526	409	0.0188491
526	239	-0.0393251
526	135	0.0129261
529	294	-0.0230568
529	395	0.0193447
529	456	0.0156319
529	300	0.0290308
529	74	-0.0148428
529	984	-0.0286372
529	780	-0.027206
529	351	0.0440199
529	971	0.0293373
529	610	0.0223275
529	806	0.0467513
529	626	-0.0393544
529	362	-0.0431337
529	170	-0.0279659
529	309	0.0272364
529	920	0.0158647
529	156	0.012893
529	857	-0.0459965
529	352	-0.00690385
529	57	-0.0432641
529	891	-0.0435411
529	66	-0.0411409
529	205	0.0248291
529	166	-0.038123
529	859	-0.0521668
529	489	-0.0235085
529	768	-0.0160205
529	813	0.0256832
529	789	0.0163036
529	578	0.0245793
529	810	0.0310771
529	932	0.0281491
529	543	-0.0302929
529	131	-0.0131387
529	311	-0.0423963
529	323	-0.0298433
529	148	0.0139284
529	934	-0.0211009
529	917	0.0305279
529	181	0.00296908
529	674	0.0328952
529	611	0.0474655
529	556	-0.0168856
529	815	0.0167752
529	895	-0.0315411
529	724	0.0397294
529	220	-0.0215835
529	658	0.0112484
529	708	0.0064016
529	396	-0.0407003
529	692	-0.03106
530	516	-0.0338392
530	460	0.0203853
535	275	0.0432127
535	332	0.0265369
535	998	-0.0398161
535	426	-0.0493817
535	528	0.0218582
535	892	0.0475573
539	390	0.0669056
539	124	-0.0348495
540	115	-0.0282423
540	433	-0.0458742
540	553	0.0210251
540	889	-0.0484329
543	934	0.0319547
545	340	0.0115451
545	750	0.03414
545	541	0.0222631
545	102	0.0280321
545	153	0.0225663
545	558	0.0239698
553	909	-0.0118795
557	141	0.0259221
557	801	-0.0259725
557	759	0.0168949
557	847	0.0786856
557	295	-0.0320928
557	958	0.0443799
557	49	0.0457304
557	80	-0.0252116
557	931	-0.0460701
557	616	0.0493594
557	951	-0.0849372
557	809	0.0143006
557	571	-0.0291265
557	51	-0.0468519
559	801	-0.0864432
559	764	-0.0312205
559	457	0.0128632
559	332	-0.0413894
559	345	0.0552434
559	278	0.0793858
559	818	0.0686922
559	375	-0.0401204
559	996	-0.0263669
559	36	0.0788369
559	73	0.0371431
559	945	0.0454978
564	42	-0.0139418
564	748	0.014351
564	745	-0.0367021
565	74	-0.0360433
565	914	0.0855706
565	149	-0.0419901
565	197	0.0306341
565	880	0.0200264
565	473	0.0479372
565	556	-0.0251601
565	629	0.00732908
565	683	0.0338864
565	304	0.00978225
566	614	0.0345305
568	998	0.0734874
572	647	0.0177444
572	203	-0.0187831
572	950	0.0520307
572	917	-0.0174205
572	92	-0.0232698
572	629	0.00916634
572	689	0.0269397
576	61	0.0212191
576	748	0.0212178
576	745	0.0308106
576	533	-0.0192319
578	52	0.0253875
580	375	0.0252794
581	677	0.00556607
581	593	-0.0327187
581	38	-0.0427651
581	104	-0.0343512
581	711	-0.037013
581	565	0.0334395
581	84	-0.0212863
581	98	-0.0136553
581	984	0.0286431
581	971	0.0134583
581	799	-0.031341
581	410	-0.0211584
581	896	-0.0392346
581	6	0.0412224
581	540	0.0210576
581	326	0.0157106
581	234	0.0209975
581	750	0.0204956
581	959	0.0144736
581	560	-0.0368697
581	813	0.0261873
581	131	-0.0498714
581	995	0.0106362
581	149	-0.0219274
581	700	0.0542642
581	714	-0.0451633
581	533	-0.01384
581	606	0.0240614
581	705	-0.012238
581	86	-0.0347073
581	154	0.0314655
583	660	-0.032004
583	925	-0.0292671
583	23	-0.0108096
583	327	-0.0178435
593	300	-0.0164924
593	716	0.0368249
593	175	-0.0179262
593	597	-0.0446597
593	971	-0.033805
593	626	0.0617983
593	291	-0.0423103
593	249	-0.0543796
593	679	-0.0601444
593	727	0.0342413
593	908	0.0435748
593	89	-0.040515
593	184	0.0237871
596	721	-0.0703613
596	570	0.0497562
597	679	0.0410985
597	166	-0.0157834
597	966	-0.019762
597	44	-0.0407346
602	72	-0.0160348
604	275	0.0533055
604	457	-0.039908
604	10	-0.0284391
604	404	0.0227591
604	261	-0.0722828
604	434	-0.0648144
604	628	0.0290046
604	426	-0.0594673
604	36	-0.0588359
605	166	-0.0195637
605	813	0.0147235
610	362	-0.0169119
610	924	0.0313733
610	121	-0.0178889
610	234	-0.0208388
610	318	-0.0459097
610	700	-0.0301194
626	75	0.0459768
626	959	-0.0304616
626	516	0.0231006
626	506	-0.0208715
626	603	0.0228079
628	324	-0.0375832
637	713	0.0321004
637	194	0.0303413
637	390	0.038929
637	277	0.0363521
637	970	0.0532458
637	622	-0.0308884
637	532	-0.0679553
647	995	0.0306821
647	406	-0.017404
650	40	-0.0199992
650	718	0.0224641
653	451	-0.0450398
657	286	0.0247702
657	156	-0.0194371
657	983	0.0414257
659	900	0.0609153
662	194	-0.0513868
662	176	-0.0405105
662	49	0.0309741
670	312	-0.0248325
670	188	0.0403656
670	480	-0.0668743
673	878	-0.0329631
675	266	-0.0412133
675	720	0.0494665
675	568	0.0503963
677	456	-0.0245481
677	435	-0.0226263
677	413	-0.0468288
677	189	0.0256031
677	104	-0.0445574
677	84	0.0427617
677	803	0.0649551
677	912	-0.0180009
677	991	-0.0193625
677	214	-0.0387126
677	741	-0.0465902
677	173	0.0226292
677	473	-0.0346805
677	740	0.0541066
677	132	0.0291652
679	18	-0.0329363
680	298	-0.0403184
686	351	0.0460657
686	540	0.0337773
686	770	-0.0277474
686	156	0.0412615
686	771	-0.0307939
686	566	-0.0261685
686	516	0.0293482
686	12	-0.0244369
686	40	-0.0333323
686	406	-0.0375754
686	458	-0.0356723
694	862	-0.0394493
695	951	0.0546676
695	571	-0.0558304
697	389	0.0421829
697	847	-0.0550133
697	219	-0.0500445
697	51	0.0702359
699	559	-0.0385527
699	144	0.0577547
699	155	-0.042475
699	713	-0.0275837
699	64	0.0387452
699	94	0.0534358
699	168	-0.0576629
699	675	0.0974129
699	251	-0.0532233
699	926	0.0260003
699	703	0.0349778
699	850	-0.0282264
704	99	-0.0236784
710	509	-0.0344059
710	269	0.0236381
711	362	0.0522646
711	293	-0.0364729
711	307	-0.0271928
711	553	0.0203144
711	533	-0.0447104
711	854	-0.0202238
711	385	0.0459332
711	942	0.0314358
711	872	0.0309778
713	275	-0.0307436
713	219	-0.0505669
713	186	0.0177117
713	171	-0.0438934
713	639	0.030006
714	211	-0.0171096
714	805	-0.0449157
715	601	0.0240848
716	605	-0.0287038
716	166	0.0244275
716	813	0.0301263
716	700	-0.0184265
716	481	-0.0186982
716	738	0.0217045
716	132	-0.0155241
716	500	-0.0364667
720	757	0.028762
721	266	-0.0603421
721	599	0.0620333
725	864	0.047046
725	215	-0.0526678
725	517	0.0307283
725	526	-0.0212376
725	677	0.0268387
725	978	-0.0181451
725	38	-0.0185893
725	657	-0.036548
725	572	-0.0227789
725	949	-0.0184855
725	309	0.0339722
725	293	-0.0201259
725	179	0.00959979
725	156	-0.0574874
725	352	0.0212366
725	279	0.0424321
725	66	-0.0377058
725	564	-0.0521305
725	340	-0.0296268
725	750	0.0282383
725	58	0.0178744
725	516	0.0482226
725	133	-0.0412771
725	950	0.0201512
725	433	-0.0354729
725	704	-0.0172561
725	422	-0.0399025
725	358	-0.016987
725	411	0.0327031
725	584	0.02094
725	385	-0.0497451
725	508	-0.0266394
725	883	0.0174917
725	408	-0.0123964
741	990	0.0550174
741	549	0.0474423
750	520	-0.0307358
759	37	0.0258654
759	616	-0.043643
759	45	0.0239328
764	278	-0.0477815
764	37	-0.0768573
764	387	0.0643282
764	988	-0.0224914
764	472	0.0469828
764	639	-0.0323444
764	592	0.0473236
768	307	0.0181871
768	424	0.0177837
770	340	-0.0127093
770	318	0.0534351
770	549	-0.0423421
770	474	0.0150812
771	428	-0.0261072
771	983	-0.0756716
780	657	-0.0130057
780	511	0.0131055
780	58	-0.0220139
780	768	-0.0360127
780	718	-0.0248742
780	961	0.0552865
781	329	0.0203324
781	770	-0.0148784
781	743	-0.0363921
781	860	0.0476771
781	894	-0.0506062
781	250	-0.0279062
781	422	-0.054507
781	407	-0.024407
789	934	0.0348999
795	723	-0.0321396
799	6	0.0115709
799	832	0.0216635
799	644	-0.0406165
799	522	0.0116263
801	637	0.020748
801	366	0.0299245
801	475	-0.039499
801	457	-0.0350888
801	261	0.0467079
801	532	-0.0243554
801	852	0.039751
801	992	0.0400131
803	421	-0.0128991
803	879	-0.0234668
803	866	0.0267535
803	465	-0.0135969
803	694	0.0417915
803	138	-0.0362433
803	906	0.0381711
803	584	0.0342498
806	866	0.014811
806	770	-0.0506771
806	647	0.04514
806	819	0.0212804
806	772	0.0183632
806	19	0.0217664
806	14	-0.0350592
810	700	-0.0104888
810	704	-0.00783127
810	917	0.0217947
813	889	0.0293919
823	118	0.0431033
823	521	-0.0522324
831	591	0.0297335
831	823	0.0782498
831	951	-0.0685571
831	202	-0.0487924
845	52	0.0182293
847	414	0.059278
847	452	-0.0753045
856	597	0.0241082
856	949	0.0218581
856	6	0.0268774
856	170	-0.0191532
856	857	-0.0267934
856	518	-0.0277164
856	660	-0.0241817
856	138	0.0178454
856	40	-0.0310426
856	425	-0.0180769
856	450	0.0201663
856	755	0.0281682
857	341	0.0121089
857	723	0.019928
859	950	0.0134326
864	581	0.0316684
864	517	-0.00692596
864	395	0.023222
864	526	-0.00971523
864	677	-0.0210948
864	84	0.0168018
864	912	-0.0233187
864	971	-0.0279638
864	866	-0.0327535
864	976	0.0274016
864	170	0.0522604
864	511	0.0260019
864	750	-0.0244248
864	859	-0.019673
864	489	0.0301168
864	133	0.0326368
864	602	-0.0651631
864	71	-0.0163349
864	85	-0.0360787
864	24	0.0205197
864	438	-0.0322555
864	608	0.027458
864	889	-0.0182203
864	128	0.0257747
864	422	0.0420671
864	290	0.0247639
864	740	0.0533892
864	78	0.013618
864	644	-0.00981199
864	778	-0.0140337
864	820	-0.0384759
864	904	-0.025786
866	608	0.0183938
866	397	0.0198839
866	584	-0.0186971
866	873	-0.0233906
876	84	-0.0330986
876	781	0.00629271
876	329	-0.0142555
876	417	-0.0211242
876	306	0.036914
876	309	0.0163713
876	249	0.0316226
876	923	0.0572988
876	56	0.0209975
876	673	0.0171061
876	842	-0.0394543
876	113	0.0246198
879	175	-0.0377932
879	780	-0.031263
879	115	-0.0535727
879	362	-0.0599761
879	436	0.0546144
879	854	0.00863423
879	54	-0.021651
885	141	0.0323684
885	764	0.0357149
885	345	-0.0345719
885	330	0.0755084
885	37	0.0310496
885	389	0.0579318
885	194	-0.0408564
885	231	-0.0476014
885	312	-0.0327939
885	261	0.0317954
885	596	-0.041672
885	235	-0.0723335
885	176	0.0109568
885	251	0.0179281
885	82	-0.0236149
885	696	-0.0549791
885	849	-0.0735532
891	207	0.0195573
891	986	-0.0271755
896	96	-0.0162423
896	489	-0.034444
896	789	-0.0249732
896	740	0.00510255
908	832	-0.028639
908	341	-0.0266106
908	248	-0.0216342
912	597	-0.0518351
912	286	-0.0204824
912	956	-0.0361788
912	58	-0.0552824
912	13	-0.0229311
912	738	-0.0391431
912	883	-0.00913318
914	949	0.0173049
914	352	0.0103288
914	959	-0.0449514
914	995	0.0331208
914	627	-0.0441394
914	12	-0.0155096
914	906	-0.0227844
914	2	0.0442703
920	179	0.0349224
920	75	0.0269526
920	694	-0.0189463
920	149	0.0195729
920	654	0.0141336
923	241	-0.0303575
923	822	-0.027061
923	761	-0.0314242
924	56	-0.0272982
924	158	0.0113807
932	567	0.0197462
949	57	-0.0577654
949	605	0.0250052
949	627	0.0238395
949	354	0.0455382
950	210	-0.0142821
956	128	-0.0113921
956	753	-0.0269161
959	566	0.0232873
965	345	-0.0407184
965	160	-0.0470651
965	480	-0.0306858
965	398	-0.0716176
965	599	-0.0913081
965	849	0.0250962
971	657	0.0682216
971	170	0.0271795
971	923	0.036361
971	499	0.0241518
971	736	0.0188908
976	66	0.0148577
976	303	-0.020239
976	23	-0.0497382
976	385	-0.0489571
978	189	0.0314396
978	593	-0.0639292
978	74	-0.0241976
978	924	-0.0309648
978	309	-0.0143917
978	857	0.0236132
978	564	0.0360798
978	583	-0.0305536
978	771	0.0253157
978	650	-0.0417582
978	136	-0.0188736
978	862	-0.011181
978	824	0.0253101
978	895	-0.0404817
978	573	0.0229543
984	976	0.0206634
984	770	0.0363551
984	170	0.0242017
984	520	-0.0389189
984	265	-0.0265869
984	774	-0.0333276
988	122	0.0492894
990	608	-0.0196726
990	795	0.0431859
990	641	-0.0119821
991	576	0.024369
991	741	0.0383929
991	902	-0.0116875
991	303	-0.0416391
991	966	0.0300638
991	397	0.0606597
991	99	0.0243598
991	338	-0.0350215
995	264	0.0310294
996	171	-0.024051
996	809	-0.0395185
