400
200
400
1000
500
3
0.333333	0.666667	
0	2	0.000140511	0.0291214	0.0218364
1	0	0.000650522	-0.0101917	0.0424755
2	0	0.000689899	-0.0329414	0.0474749
3	0	0.00090656	0.0326144	0.0295281
4	0	0.00183193	-0.0765263	0.0659721
5	0	0.00209048	-0.04595	0.0558529
6	2	0.00309855	0.0279867	0.054501
7	1	0.00329247	-0.0787905	0.0536005
8	2	0.0037641	-0.00622377	0.0592906
9	0	0.00463108	-0.0211274	0.0123538
10	2	0.00819238	0.00528446	0.0788466
11	0	0.00929286	0.0801102	0.00418687
12	1	0.0101077	-0.0661441	0.0176043
13	1	0.0124564	-0.0745192	0.0726141
14	1	0.0138806	-0.0600684	0.00221633
15	0	0.0146498	0.0500214	0.00299531
16	1	0.016728	-0.00302376	0.106093
17	1	0.016816	-0.0701638	0.031501
18	1	0.0173206	0.0340878	0.019183
19	1	0.0173877	0.0183171	0.0817846
20	0	0.0177273	0.0431821	0.114522
21	0	0.0182235	0.0342055	0.0821806
22	1	0.0189039	0.0389998	0.0251558
23	2	0.0190706	0.0659605	0.110262
24	2	0.0204456	-0.0542784	0.0169305
25	1	0.0217698	0.0241145	0.109005
26	2	0.0219715	0.0480803	0.0397592
27	0	0.0220124	0.00337082	0.0320343
28	1	0.0222479	-0.0815807	0.0354237
29	0	0.0240373	0.00730024	0.00846966
30	0	0.0241626	-0.0871267	0.0441844
31	1	0.0259138	-0.0813188	0.126719
32	0	0.0269955	-0.0393598	0.0501783
33	0	0.0276587	0.118007	0.0575495
34	2	0.0278312	0.0436266	0.0883809
35	2	0.0285894	0.0434566	0.064856
36	2	0.0299224	0.00113302	0.00342692
37	0	0.0302114	-0.0974525	0.0224475
38	2	0.0322766	0.040135	0.0250142
39	0	0.0338584	0.0495449	0.0688249
40	2	0.0345619	0.0467372	0.0611097
41	2	0.0352986	0.0343429	0.0464404
42	0	0.0358858	0.0156806	0.0207548
43	2	0.0364299	-0.0675659	0.010999
44	1	0.0365041	-0.0255097	0.138796
45	2	0.0381818	-0.0159663	0.115315
46	2	0.0413533	-0.025074	0.00735502
47	2	0.0416809	0.0216561	0.0262592
48	0	0.0439485	-0.0315042	0.0729349
49	1	0.0460955	0.0461362	0.0544175
50	0	0.0482342	0.0152923	0.0470016
51	2	0.0486924	0.00170817	0.034329
52	1	0.0488851	0.046503	0.117946
53	2	0.0493454	-0.0200651	0.046767
54	2	0.0506872	-0.0598702	0.0638815
55	2	0.0511273	0.0105917	0.0261782
56	0	0.0511328	0.0658257	0.0516793
57	0	0.0526091	-0.0472599	0.0849518
58	0	0.0532825	0.121546	0.0494039
59	0	0.0547995	-0.0100501	0.0185311
60	2	0.0551202	-0.0242965	0.0673767
61	0	0.0557096	-0.0803785	0.0235956
62	2	0.0560664	-0.0205601	0.0029177
63	0	0.0561314	0.0636153	0.00852656
64	1	0.0564117	0.0473598	0.0126905
65	2	0.0574118	0.0315338	0.02164
66	1	0.0574444	0.0728661	0.0490021
67	1	0.0578327	0.0369828	0.127145
68	0	0.0606001	0.0178681	0.000699959
69	2	0.0623801	0.0322184	0.0796648
70	0	0.0625581	0.0831691	0.0331486
71	1	0.0635315	-0.0275438	0.0103053
72	0	0.0636277	-0.058824	0.041028
73	0	0.0639164	0.082877	0.0323191
74	2	0.0639624	-0.00845788	0.0165299
75	2	0.0641282	-0.0208008	0.0465597
76	0	0.0652941	0.036488	0.0172198
77	2	0.0653213	-0.012327	0.0483246
78	2	0.0685823	-0.0120235	0.0823938
79	0	0.0690072	-0.0333114	0.0561328
80	2	0.0694932	0.0287623	0.0210639
81	2	0.0695907	0.0224708	0.0188478
82	1	0.0714041	0.073577	0.0518017
83	0	0.0745388	0.0515195	0.0332121
84	2	0.0746552	0.0624847	0.000705357
85	1	0.0753552	-0.0552287	0.0387179
86	2	0.0765235	-0.0346441	0.0578117
87	2	0.0770257	-0.0031817	0.109525
88	2	0.0774749	0.0905501	0.0271111
89	0	0.0776243	-0.0399225	0.0342246
90	2	0.0799281	0.00515739	0.0809767
91	0	0.0841309	-0.0371605	0.0901102
92	0	0.0852251	0.0624848	0.00476263
93	0	0.0857884	-0.0158393	0.00573092
94	0	0.0862919	-0.0550082	0.0135459
95	2	0.0866318	-0.0308063	0.0204962
96	1	0.0871674	0.00927545	0.0479812
97	2	0.0871978	0.0345805	0.044273
98	0	0.0884442	0.0265892	0.0105198
99	2	0.089506	0.0245882	0.0230748
100	2	0.0895237	-0.0801325	0.101849
101	2	0.0902998	-0.0753148	0.0362006
102	2	0.0915139	-0.0781979	0.0464467
103	0	0.0932078	0.0487372	0.0180373
104	0	0.0943945	-0.0143838	0.0484158
105	2	0.0949877	-0.0162931	0.0203248
106	2	0.0954138	-0.0152134	0.0190261
107	0	0.0960564	-0.0208579	0.0614123
108	2	0.0968738	-0.0221141	0.0144864
109	1	0.0969915	0.0730965	0.113974
110	0	0.0971218	-0.0113232	0.0683212
111	0	0.0980352	-0.0787285	0.0120595
112	0	0.0988763	-0.0524268	0.00430199
113	0	0.100321	0.00884917	0.00109094
114	2	0.100614	0.0356578	0.0109024
115	0	0.101024	0.0420247	0.0815609
116	2	0.101632	0.0794121	0.0487988
117	2	0.103147	0.0097396	0.0203754
118	2	0.103331	-0.00958528	0.0873705
119	1	0.104198	-0.106169	0.0282404
120	2	0.105226	0.0264055	0.00455544
121	0	0.106883	0.0522415	0.00179741
122	0	0.10714	0.0116859	0.0272012
123	0	0.107689	0.0472897	0.0340282
124	2	0.107701	0.0938475	0.00457013
125	0	0.108982	-0.0346117	0.0280783
126	0	0.109122	-0.0491214	0.0808566
127	0	0.109394	-0.0219561	0.0462032
128	1	0.111265	-0.0939927	0.0507808
129	2	0.111717	0.0226228	0.0270652
130	2	0.112597	-0.0986691	0.0565996
131	1	0.113472	-0.0658588	0.0836542
132	1	0.113954	0.088041	0.0606942
133	1	0.11578	0.127562	0.0853706
134	0	0.116821	0.0192953	0.0626226
135	0	0.117053	0.0617014	0.0392365
136	2	0.119247	0.0269353	0.106842
137	2	0.120125	0.0379485	0.000850431
138	1	0.120235	0.0263118	0.00922205
139	0	0.120861	-0.0475231	0.0216838
140	0	0.122548	-0.0338959	0.019783
141	0	0.12285	-0.0339616	7.49851e-05
142	1	0.126222	-0.0364695	0.0146143
143	0	0.126916	0.00550783	0.035163
144	0	0.126963	0.0195116	0.0184624
145	2	0.127248	-0.0463219	0.0468396
146	0	0.128663	-0.0305881	0.0490334
147	2	0.128677	0.0472832	5.97166e-05
148	2	0.129081	0.0378663	0.0219333
149	2	0.129732	-0.0201886	0.0161084
150	0	0.130528	0.0357248	0.0375331
151	1	0.130951	-0.0664453	0.0272033
152	0	0.13163	0.0262719	0.0628902
153	0	0.13333	0.0289648	0.0490255
154	2	0.134301	0.0935756	0.0548655
155	1	0.135067	-0.00264385	0.030682
156	1	0.135471	-0.0431247	0.130515
157	0	0.135762	-0.0756872	0.00688323
158	0	0.136117	0.141284	0.00632799
159	2	0.137184	0.0737147	0.0264819
160	2	0.139947	0.0330507	0.0622517
161	1	0.142643	-0.0393771	0.125528
162	2	0.143471	0.0145767	0.00208547
163	2	0.143924	0.00583285	0.0232081
164	0	0.146041	0.022702	0.0314566
165	2	0.147294	0.031077	0.0379345
166	0	0.147533	0.0998895	0.0192222
167	1	0.148066	-0.101935	0.0166044
168	2	0.148328	-0.0916487	0.0419771
169	2	0.152639	-0.00281408	0.034321
170	2	0.152648	0.0941974	0.0582686
171	2	0.152978	0.0226765	0.00859635
172	0	0.153431	0.0234321	0.00630043
173	1	0.153517	0.133107	0.0239046
174	2	0.157299	-0.0170251	0.030724
175	2	0.16049	0.0183248	0.0296031
176	2	0.160916	0.0198173	0.0217926
177	0	0.161973	0.020773	0.0430532
178	0	0.162916	0.0857947	0.0601649
179	2	0.163881	-0.024518	0.00904372
180	1	0.163927	0.029904	0.0880505
181	2	0.164016	-0.086163	0.0786532
182	2	0.16534	0.065836	0.0239364
183	2	0.166337	0.018389	0.0699748
184	2	0.167361	0.0274286	0.0330227
185	2	0.167893	-0.0323307	0.0470361
186	0	0.168815	-0.0308444	0.0626846
187	0	0.169319	-0.0344949	0.113142
188	0	0.172178	0.0273466	0.0247701
189	2	0.17649	-0.0262448	0.0193812
190	0	0.177801	-0.0265713	0.0569559
191	2	0.178674	-0.0403534	0.0162957
192	1	0.179045	0.0490509	0.0240808
193	0	0.180572	0.00598916	0.0390452
194	1	0.181555	-0.0159934	0.00558075
195	0	0.181708	0.0173955	0.0279248
196	0	0.182498	-0.0344198	0.0358738
197	2	0.182587	0.0675657	0.0645335
198	1	0.185616	-0.0327434	0.0788993
199	0	0.185831	0.0171945	0.0550076
200	2	0.185938	0.00487668	0.0374987
201	0	0.186046	-0.0240852	0.0209815
202	2	0.187801	-0.0559703	0.00488814
203	2	0.188978	-0.100258	0.0194089
204	0	0.190291	-0.0253304	0.000857386
205	1	0.190907	-0.0503117	0.014153
206	2	0.1922	-0.0421454	0.0343568
207	0	0.192211	-0.0998385	0.00508085
208	2	0.192282	0.0446354	0.0968263
209	0	0.192836	-0.0291262	0.0238987
210	2	0.192939	0.00578498	0.0258644
211	0	0.192991	0.00912163	0.0729951
212	1	0.194541	0.0118231	0.0165164
213	1	0.197382	-0.0427944	0.107358
214	0	0.19773	0.0528828	0.0339099
215	2	0.198261	-0.0279326	0.00553068
216	0	0.199774	0.0412949	0.0112562
217	1	0.199816	0.066394	0.00292174
218	0	0.200043	0.0428551	0.0343896
219	2	0.201163	0.0220582	0.00634271
220	1	0.202703	-0.0391732	0.0655954
221	0	0.202777	0.0220133	0.032592
222	2	0.20328	-0.0531082	0.0701013
223	0	0.204321	-0.0359243	0.0311428
224	0	0.20583	0.0528852	0.00735487
225	0	0.205907	-0.0229959	0.041242
226	0	0.20598	-0.014249	0.0605321
227	0	0.20651	0.0205182	0.0219869
228	1	0.207696	-0.0425879	0.1128
229	0	0.208475	0.00846186	0.0664011
230	2	0.209203	0.161665	0.0436128
231	2	0.209708	-0.0484203	0.0162707
232	2	0.210598	-0.0118547	0.0704323
233	2	0.210619	-0.0192587	0.00263988
234	2	0.211411	0.0258987	0.0110664
235	0	0.212009	0.0427615	0.0170168
236	0	0.212274	0.0188417	0.0467105
237	2	0.212697	-0.0121797	0.0778377
238	2	0.213234	0.0227329	0.00844797
239	0	0.213781	-0.0202459	0.0320565
240	0	0.214388	0.027806	0.1117
241	1	0.214608	-0.187441	0.0102689
242	0	0.214887	-0.0914838	0.0207861
243	2	0.217412	-0.0547852	0.0993573
244	1	0.217511	0.0479279	0.0430677
245	2	0.217748	-0.0724221	0.0177812
246	0	0.218438	-0.0338528	0.058511
247	0	0.220405	-0.273495	0.0341269
248	2	0.220545	-0.119124	0.00506616
249	2	0.221102	-0.0195087	0.0292516
250	1	0.221692	-0.0395288	0.00479533
251	2	0.22266	-0.0601186	0.00672886
252	2	0.228267	0.0261301	0.00327695
253	2	0.229589	0.0602947	0.0526924
254	0	0.230472	-0.0227959	0.0392524
255	2	0.231225	0.00957681	0.064849
256	2	0.231593	-0.0547746	0.0501956
257	0	0.232743	0.0313914	0.0508711
258	2	0.233564	0.07065	0.0208049
259	0	0.233569	0.0457653	0.0240609
260	0	0.234846	-0.0683737	0.0153155
261	0	0.235219	-0.0398354	0.060643
262	0	0.237634	0.0835792	0.00877759
263	2	0.238036	0.0551267	0.0195989
264	0	0.24269	0.104675	0.00898768
265	0	0.242902	-0.0214558	0.00652513
266	2	0.244194	-0.0174716	0.00975434
267	0	0.248472	0.0216802	0.0412933
268	0	0.248989	0.0144616	0.0232739
269	0	0.25507	-0.0359217	0.0745807
270	1	0.255671	-0.122872	0.13513
271	0	0.255799	0.00945759	0.0810132
272	1	0.256848	0.0446877	0.100274
273	1	0.256851	0.124315	0.0574835
274	0	0.257807	-0.0279055	0.0378691
275	2	0.258676	-0.0433275	0.0600913
276	0	0.25981	0.0898658	0.0397989
277	0	0.26009	0.0322903	0.0858971
278	2	0.260873	0.0229498	0.0502482
279	2	0.263817	0.0132185	0.0650225
280	2	0.26524	-0.0313035	0.0563823
281	0	0.26538	-0.0405823	0.0149156
282	2	0.267334	0.0147967	0.0728986
283	0	0.268096	-0.0158888	0.0225364
284	2	0.268399	-0.0238683	0.0325905
285	2	0.26903	-0.0631514	0.00431896
286	2	0.27053	-0.0431563	0.0164118
287	1	0.271025	-0.14903	0.0266041
288	2	0.271131	0.017288	0.0512039
289	2	0.271387	-0.0680345	0.0486508
290	1	0.271699	0.0687617	0.0431239
291	1	0.271802	0.00231645	0.0211452
292	2	0.272488	0.117103	0.00247587
293	0	0.274543	-0.0224909	0.0677088
294	0	0.276764	-0.0325006	0.085081
295	1	0.27679	0.132159	0.0884674
296	2	0.278145	-0.0219717	0.0615694
297	2	0.27833	0.0247343	0.0627924
298	2	0.27962	0.00346933	0.0152271
299	0	0.280247	0.0886665	0.0304333
300	0	0.280367	-0.101027	0.0277296
301	1	0.280482	-0.0357497	0.0667033
302	1	0.281295	-0.060554	0.0336792
303	0	0.281855	0.0350306	0.00100968
304	0	0.284272	-0.0201467	0.104197
305	0	0.28835	-0.0595946	0.0440445
306	1	0.288739	0.0353077	0.0945006
307	2	0.292149	-0.00779986	0.111341
308	0	0.293028	0.0163085	0.133091
309	0	0.293088	0.03412	0.0384283
310	2	0.293162	0.00626675	0.0148584
311	0	0.294163	-0.0203148	0.0600887
312	0	0.295158	0.0530171	0.0278613
313	0	0.295555	-0.0358307	0.00599076
314	2	0.297038	0.0171409	0.0196114
315	0	0.298497	-0.0254415	0.0344546
316	2	0.298946	-0.0363198	0.0219103
317	1	0.298953	-0.0202561	0.00224245
318	2	0.299222	0.0418212	0.0331955
319	2	0.299932	-0.0777197	0.102761
320	0	0.30107	0.0360324	0.0348735
321	2	0.301382	0.0622978	0.00346212
322	2	0.302042	-0.0475767	0.0208036
323	0	0.303169	0.0474913	0.0345396
324	1	0.304134	0.0221479	0.00564435
325	2	0.304164	0.0199377	0.00196037
326	0	0.306895	0.0222324	0.00969044
327	0	0.308368	0.00890665	0.0135406
328	0	0.310515	0.0256625	0.0538974
329	1	0.311941	-0.0887091	0.00404542
330	2	0.312252	-0.0253011	0.0211676
331	2	0.316204	0.0296254	0.0712376
332	1	0.31761	-0.0134735	0.00826558
333	1	0.318004	-0.0607533	0.0164691
334	0	0.318249	-0.0318337	0.0270313
335	0	0.319666	-0.0726136	0.0151388
336	2	0.322312	-0.0542495	0.0075937
337	0	0.323082	-0.0459888	0.00360143
338	2	0.325527	-0.0246236	0.0471391
339	2	0.327651	-0.019571	0.00997129
340	2	0.328265	0.0577176	0.0208432
341	0	0.328913	0.0224907	0.0849436
342	2	0.331431	-0.0437541	0.00992161
343	2	0.331947	-0.027761	0.0150902
344	2	0.333684	-0.0192832	0.00237058
345	2	0.337343	-0.03502	0.0458609
346	1	0.338473	-0.0545977	0.0661683
347	2	0.339491	-0.0422866	0.00882295
348	2	0.340058	-0.062252	0.0749455
349	0	0.340294	-0.0500175	0.012447
350	2	0.340483	-0.0032232	0.0313246
351	0	0.340982	0.0575673	0.0659608
352	2	0.342264	-0.0211657	0.0434443
353	0	0.342295	-0.00972516	0.0561305
354	0	0.343595	0.0113559	0.0572215
355	0	0.343823	-0.0254806	0.0154522
356	0	0.344032	-0.0397225	0.0500002
357	2	0.344833	-0.0223314	0.00716995
358	1	0.345659	0.0195164	0.00387251
359	1	0.346049	-0.0619714	0.24359
360	2	0.346663	0.0521347	0.0942102
361	0	0.348141	-0.0111304	0.0268218
362	0	0.348247	0.0669371	0.0614302
363	2	0.348261	0.0515017	0.04422
364	0	0.348911	0.020543	0.0929079
365	2	0.353794	0.0206724	0.0402343
366	0	0.354976	0.0608035	0.0422035
367	1	0.356686	0.0271538	0.0316214
368	2	0.357419	0.00444406	0.0680268
369	2	0.357635	0.0534487	0.0205103
370	0	0.357989	-0.0017689	0.00977474
371	1	0.358332	-0.0365701	0.0867736
372	0	0.360374	-0.0764028	0.0901309
373	2	0.360637	-0.0124661	0.0491616
374	2	0.363657	0.0415108	0.00490292
375	1	0.366715	0.0103915	0.0513018
376	2	0.367549	-0.0781068	0.00619627
377	0	0.367599	-0.0230184	0.00492818
378	0	0.368116	0.0255255	0.00114017
379	2	0.370859	-0.0277007	0.07442
380	2	0.371688	0.0211803	0.0645703
381	0	0.373634	0.12758	0.0985153
382	0	0.374747	-0.0199654	0.0418771
383	0	0.375402	-0.0052807	0.0502242
384	2	0.375696	0.0441176	0.0469891
385	0	0.376095	0.0232765	0.00382072
386	1	0.376121	-0.13135	0.00935473
387	1	0.37727	-0.0214075	0.0363068
388	2	0.377761	-0.0230703	0.0544463
389	2	0.381535	0.030663	0.00102132
390	0	0.381885	-0.0210538	0.0427402
391	2	0.383585	0.0524339	0.0680351
392	2	0.383618	0.0400809	0.0347591
393	2	0.38607	-0.10008	0.0481352
394	2	0.388076	-0.0703042	0.0346251
395	1	0.388888	-0.132865	0.0234413
396	0	0.389003	-0.0853354	0.0179134
397	2	0.390725	0.017285	0.0120272
398	2	0.390881	-0.0342228	0.000224983
399	0	0.390885	0.128454	0.109645
400	0	0.39479	-0.0132191	0.111288
401	0	0.39485	0.122216	0.076929
402	2	0.397283	0.0395657	0.0534331
403	0	0.400268	-0.0570715	0.101762
404	0	0.400452	-0.0359995	0.0155897
405	2	0.402185	-0.15343	0.102772
406	0	0.402707	-0.0887586	0.0171238
407	2	0.403239	-0.0277268	0.0245125
408	2	0.403253	0.0611646	0.015772
409	1	0.404046	-0.0452001	0.093532
410	2	0.404938	-0.0295776	0.0610703
411	0	0.405537	-0.0291261	0.0341284
412	2	0.405859	-0.013875	0.104787
413	0	0.406126	-0.0739386	0.0871321
414	2	0.406763	0.00206518	0.0633222
415	2	0.407178	-0.0511586	0.0190197
416	0	0.408111	-0.0523064	0.0440491
417	0	0.408635	-0.0408617	0.0654131
418	1	0.409378	0.0263061	0.0197704
419	2	0.410989	0.0536343	0.115739
420	0	0.411102	0.0124584	0.0489434
421	0	0.411174	0.0540471	0.0166211
422	1	0.413917	-0.0774629	0.0593882
423	0	0.41787	0.0357947	0.0895629
424	2	0.41832	-0.0173342	0.107619
425	1	0.419573	-0.055751	0.0191855
426	1	0.420467	-0.0129993	0.054657
427	0	0.42058	-0.0202663	0.0185759
428	2	0.42117	-0.0489205	0.0834804
429	1	0.422656	-0.0463467	0.0192645
430	2	0.423647	-0.0215773	0.00804071
431	1	0.423782	0.101431	0.102528
432	1	0.425395	-0.00759274	0.041719
433	0	0.426238	-0.0318408	0.087538
434	2	0.428689	-0.032426	0.00354447
435	2	0.428689	-0.0416395	0.057618
436	2	0.429112	-0.0792567	0.0424411
437	0	0.42928	-0.0243108	0.0450526
438	1	0.431258	0.0369913	0.0187121
439	0	0.434516	-0.0255256	0.0157716
440	2	0.434543	0.106686	0.0691975
441	0	0.434745	-0.0329425	0.00905873
442	2	0.434898	0.0376029	0.0221181
443	2	0.435464	0.0480662	0.0458118
444	1	0.43573	0.0601656	0.0292745
445	0	0.440329	-0.0637505	0.0271388
446	0	0.441106	-0.0654927	0.000873088
447	0	0.442748	-0.0313316	0.0568343
448	2	0.443164	-0.0114496	0.033401
449	0	0.444082	0.0194129	0.0672281
450	0	0.444638	-0.0144279	0.0950789
451	0	0.445339	-0.0503781	0.0649263
452	0	0.44698	0.0252072	0.0564563
453	0	0.448464	0.0415305	0.00211719
454	2	0.45042	-0.0587965	0.0166717
455	1	0.450584	-0.0692068	0.118275
456	0	0.451491	0.00850487	0.0597094
457	0	0.452326	-0.0286973	0.076697
458	1	0.45254	0.0618348	0.16559
459	0	0.453682	-0.0339129	0.066445
460	1	0.455708	0.0395722	0.0837815
461	0	0.455868	-0.0463775	0.0260437
462	2	0.45655	-0.0282363	0.0363146
463	0	0.457111	-0.0331671	0.0602802
464	2	0.457267	-0.0508881	0.0227101
465	1	0.458217	-0.0602268	0.0632958
466	2	0.459174	-0.0251532	0.024712
467	0	0.459257	0.0312622	0.0905997
468	0	0.462103	-0.0303922	0.0177247
469	0	0.462966	-0.0415148	0.0282429
470	1	0.464231	0.0193516	0.00854328
471	1	0.465713	0.0362052	0.0364132
472	2	0.466422	0.013176	0.0957381
473	2	0.468501	0.0253366	0.0151455
474	2	0.469293	0.038793	0.0377563
475	0	0.469991	0.0413992	0.0147203
476	0	0.470492	0.0134116	0.0460202
477	0	0.470791	-0.0133122	0.0633348
478	0	0.472703	-0.0218705	0.0615496
479	1	0.473547	-0.0520663	0.00188801
480	2	0.475455	0.0251876	0.036707
481	0	0.47578	0.00548342	0.000566924
482	1	0.476585	-0.0537208	0.000459989
483	0	0.477116	-0.0248483	0.0415081
484	1	0.477814	-0.103609	0.0911952
485	0	0.478283	0.0290556	0.0615988
486	2	0.481289	-0.0299788	0.0669164
487	0	0.482748	0.0673699	0.0528068
488	2	0.483881	0.0401484	0.138519
489	0	0.484079	0.0681907	0.0572421
490	2	0.484682	0.0491911	0.0417852
491	2	0.484814	-0.0140354	0.0325198
492	0	0.485781	0.0300116	0.0135887
493	2	0.486323	0.110132	0.0493884
494	1	0.487955	-0.0660555	0.0177787
495	0	0.489552	0.0228333	0.000379922
496	0	0.491863	0.0639918	0.114087
497	2	0.492439	-0.0577271	0.0166436
498	2	0.492847	0.0234443	0.0741524
499	2	0.494374	0.019247	0.0240052
500	1	0.497206	-0.252833	0.0846595
501	2	0.497373	0.0526989	0.0281302
502	0	0.498822	-0.00113701	0.012159
503	2	0.499155	0.034484	0.066397
504	2	0.499603	-0.047861	0.000659455
505	0	0.500281	0.0344202	0.108927
506	2	0.50033	-0.0599428	0.0398738
507	2	0.500813	0.0365512	0.0117518
508	1	0.501215	0.198466	0.0221413
509	0	0.501261	0.0372447	0.0443986
510	2	0.50175	-0.0473374	0.0478055
511	2	0.501753	-0.0133668	0.0189386
512	0	0.504463	0.0388282	0.0342388
513	2	0.506198	-0.0588432	0.0847756
514	1	0.506496	0.0496466	0.0300483
515	0	0.50832	0.0379598	0.0513834
516	1	0.509724	-0.0282693	0.154161
517	2	0.511405	-0.0333472	0.0104048
518	2	0.511477	-0.0504471	0.040637
519	0	0.516484	0.0918227	0.0773517
520	1	0.516497	-0.0698858	0.0648967
521	0	0.517147	0.0203002	0.00338732
522	2	0.517779	0.0194515	0.0178889
523	0	0.521058	0.0307385	0.0553169
524	0	0.522359	0.0601978	0.0300933
525	2	0.522686	-0.0299695	0.0215185
526	0	0.522695	-0.0361499	0.0606377
527	0	0.524341	0.0189108	0.0424455
528	0	0.524965	0.0053737	0.0558335
529	2	0.525957	0.0486137	0.0624163
530	0	0.526491	-0.00335213	0.018358
531	0	0.530793	0.0549076	0.000586586
532	0	0.531093	0.0345488	0.0395173
533	2	0.533468	-0.137291	0.0371269
534	2	0.534954	-0.030134	0.0405989
535	0	0.53693	-0.0540899	0.111916
536	1	0.537344	-0.0646837	0.0863933
537	0	0.539789	0.016254	0.054104
538	1	0.541548	-0.0341573	0.096092
539	0	0.543541	-0.0387691	0.036972
540	1	0.543586	0.0426271	0.017698
541	1	0.54373	0.0436857	0.0434948
542	2	0.544143	0.083787	0.0582232
543	2	0.544309	0.0149187	0.0117274
544	0	0.545096	0.037754	0.0572356
545	2	0.548832	0.153789	0.0187021
546	0	0.549782	0.0320165	0.0217934
547	0	0.551764	-0.0357977	0.101309
548	1	0.551949	-0.0398935	0.0312461
549	0	0.552174	-0.0565176	0.00293438
550	2	0.55238	-0.0645642	0.0661007
551	2	0.553276	0.0141134	0.0213506
552	2	0.553479	-0.0270822	0.028451
553	2	0.55351	0.0339845	0.0224779
554	2	0.555006	0.0434181	0.00284456
555	0	0.557481	0.0459467	0.0608936
556	0	0.558048	0.00594883	0.0344706
557	2	0.559315	-0.00728158	0.0295465
558	0	0.56015	0.0501416	0.0474229
559	0	0.560523	-0.0162901	0.0253568
560	0	0.560608	-0.0702932	0.022263
561	2	0.561931	0.0351097	0.0569384
562	0	0.563247	0.130234	0.006466
563	2	0.56332	0.00966243	0.0293873
564	2	0.564289	0.0352423	0.025854
565	1	0.56637	-0.0270082	0.0543043
566	2	0.566556	-0.0199304	0.0776649
567	2	0.568673	-0.0181128	0.0278788
568	2	0.570125	-0.00896436	0.00281614
569	0	0.570147	-0.0898701	0.0434306
570	2	0.572782	0.025826	0.13638
571	2	0.575684	0.012231	0.125543
572	0	0.576122	0.00458301	0.117344
573	1	0.576529	0.0517455	0.0163312
574	2	0.577356	-0.00779356	0.0523074
575	0	0.577705	0.067182	0.0599822
576	0	0.578214	-0.0598209	0.0224812
577	2	0.57831	0.0269078	0.0365717
578	1	0.578842	-0.00698179	0.0655042
579	1	0.579163	0.0375516	0.0362098
580	0	0.579241	-0.0407981	0.00486074
581	0	0.585983	-0.0222001	0.0852411
582	2	0.586322	0.0423511	0.00239585
583	1	0.588979	-0.0396401	0.0889767
584	0	0.589303	0.0295256	0.0209907
585	1	0.589672	0.039851	0.0336524
586	2	0.592398	0.0251305	0.0587259
587	2	0.592478	0.0695636	0.0192528
588	2	0.593067	-0.0691789	0.0156385
589	0	0.59391	0.0170135	0.0455754
590	0	0.596653	0.0304783	0.0126306
591	0	0.596979	-0.0586635	0.0338843
592	0	0.599279	0.0571449	0.00011565
593	0	0.600149	0.0917674	0.0143336
594	1	0.601082	-0.0483223	0.012898
595	1	0.60126	0.109709	0.00296226
596	2	0.60206	0.0428013	0.000184887
597	0	0.603972	0.0356899	0.00610433
598	1	0.604758	-0.118547	0.0331804
599	0	0.60482	-0.0453332	0.0230322
600	0	0.609141	-0.0118636	0.100075
601	2	0.609567	-0.0141767	0.0242849
602	2	0.609884	-0.0813965	0.012482
603	1	0.60999	0.0210306	0.149963
604	0	0.610493	0.034112	0.0623202
605	1	0.611706	0.0558643	0.0649522
606	0	0.612903	-0.0654947	0.0117277
607	0	0.612918	-0.0249055	0.0225167
608	2	0.613081	-0.0163798	0.0391554
609	2	0.61377	0.0407037	0.063358
610	0	0.614043	-0.041777	0.0195576
611	2	0.6173	-0.00971145	0.0907911
612	2	0.618254	-0.0231078	0.122285
613	2	0.618484	0.0153196	0.0310628
614	0	0.620325	0.0242341	0.0558822
615	2	0.620448	0.068086	0.0226838
616	0	0.622776	-0.07054	0.0706396
617	2	0.623588	-0.0615889	0.044761
618	2	0.624126	-0.0189822	0.0789956
619	0	0.627633	0.033333	0.0256417
620	2	0.628918	-0.0242517	0.0295686
621	0	0.635296	-0.0343934	0.0198838
622	1	0.636097	-0.0282353	0.0395041
623	2	0.636452	0.0279613	0.00184725
624	2	0.639448	0.0815106	0.0773592
625	2	0.639625	-0.0100612	0.0507387
626	1	0.64016	0.0136662	0.00951924
627	2	0.640579	0.101627	0.0426112
628	2	0.6413	0.00919874	0.0268778
629	0	0.641708	-0.0153031	0.0152324
630	1	0.643704	0.0478965	0.0420143
631	1	0.645452	-0.146844	0.0654425
632	0	0.645973	0.0295006	0.0166672
633	0	0.648558	0.0234866	0.056626
634	2	0.650319	0.0454255	0.0770454
635	2	0.651308	0.0233256	0.0184455
636	2	0.652267	0.0192013	0.0301628
637	0	0.65423	0.13934	0.036562
638	0	0.656531	0.0259892	0.00235756
639	1	0.658144	0.116599	0.126254
640	0	0.660283	-0.0467614	0.0417031
641	1	0.660858	0.0919693	0.0126873
642	2	0.662344	-0.0625433	0.0507713
643	2	0.662596	0.0238711	0.0153337
644	1	0.662749	0.0229964	0.001674
645	0	0.663341	-0.013972	0.00743717
646	1	0.663532	-0.153346	0.0247001
647	1	0.668047	-0.123875	0.060704
648	1	0.669945	-0.050113	0.00601495
649	0	0.672521	0.0194993	0.0388826
650	0	0.672656	0.045567	0.0233682
651	2	0.673671	-0.00696348	0.0265307
652	0	0.673877	0.112111	0.0304309
653	1	0.674779	0.0249062	0.0488285
654	2	0.67676	-0.0299593	0.106099
655	2	0.676924	-0.0307095	0.0251817
656	0	0.677399	0.0042158	0.0427897
657	1	0.677408	0.0302497	0.022215
658	0	0.677712	0.0878617	0.023503
659	2	0.67823	-0.0219351	0.0285592
660	2	0.679529	-0.0564918	0.0365954
661	1	0.679879	-0.0206485	0.015132
662	1	0.680639	0.0450169	0.0830272
663	1	0.682515	-0.0241188	0.031068
664	0	0.682691	-0.0282855	0.104752
665	2	0.687402	-0.00859351	0.00103902
666	0	0.687502	0.0425778	0.0704781
667	0	0.691327	0.0462088	0.0147262
668	2	0.692126	-0.0852948	0.0510907
669	2	0.693045	-0.0568207	0.000925413
670	0	0.693194	0.0351556	0.0579667
671	0	0.694051	0.00147168	0.102381
672	0	0.69421	0.0495143	0.0984766
673	1	0.694395	0.0756707	0.104294
674	2	0.694732	0.0299421	0.0626723
675	0	0.696304	0.0497402	0.0469459
676	1	0.696962	0.0166231	0.0191457
677	1	0.697053	0.0341811	0.035787
678	2	0.697109	0.0731436	0.000309898
679	0	0.697639	-0.0264001	0.00430524
680	2	0.700021	-0.0530968	0.0279353
681	1	0.700175	0.0640109	0.0125563
682	0	0.700197	0.0948687	0.0196319
683	1	0.700258	-0.117638	0.0536632
684	2	0.703353	0.0300019	0.055164
685	0	0.703847	0.0396669	0.03194
686	2	0.70592	-0.0403483	0.0183393
687	0	0.706585	-0.0446936	0.0334225
688	1	0.70841	-0.0417914	0.0877876
689	2	0.710753	0.0756552	0.0153949
690	2	0.711074	-0.0618058	0.0697765
691	0	0.711464	0.0313074	0.034506
692	0	0.71208	-0.0768833	0.0797002
693	2	0.714868	-0.00603394	0.0248847
694	0	0.716679	-0.0313114	0.00185623
695	2	0.717089	0.00317555	0.0169239
696	2	0.718339	0.0520684	0.0469339
697	0	0.718978	0.0870664	0.0190674
698	2	0.720448	0.0706059	0.0301338
699	1	0.720542	-0.120419	0.040967
700	2	0.721891	0.00827086	0.0239991
701	0	0.721998	0.0692867	0.0593363
702	0	0.722515	-0.0345517	0.0793823
703	2	0.723085	-0.0325452	0.0580251
704	0	0.724363	-0.0376954	0.0349068
705	2	0.724548	-0.0134802	0.0272092
706	0	0.725562	0.0249224	0.0146885
707	2	0.727722	0.0517141	0.00152449
708	2	0.731179	0.00570642	5.53266e-05
709	0	0.733116	0.0243334	0.0104771
710	1	0.733373	0.0563422	0.118567
711	0	0.733845	0.0469867	0.0775151
712	0	0.734969	0.0536041	0.0135507
713	1	0.73534	0.0759799	0.0123121
714	2	0.738705	-0.0318801	0.00658442
715	0	0.739765	-0.0939896	0.083473
716	0	0.740242	0.0182154	0.0859036
717	2	0.741053	-0.0120577	0.0198757
718	1	0.743393	-0.0130919	0.00824269
719	0	0.743551	0.0393938	0.0306968
720	2	0.744209	0.0236633	0.0218395
721	0	0.744744	0.0417176	0.0226561
722	2	0.745797	0.0296143	0.0558985
723	2	0.748756	0.0524411	0.0649429
724	1	0.749029	0.057175	0.0693115
725	1	0.749149	-0.0664553	0.00767819
726	2	0.7501	0.0636278	0.0539128
727	2	0.750801	-0.0205754	0.0105169
728	1	0.751301	-0.0144499	0.0633298
729	2	0.751725	0.00458053	0.0440858
730	0	0.752458	0.0259619	0.0363485
731	0	0.752926	0.0695244	0.0293597
732	2	0.754064	0.0239378	0.00741388
733	0	0.754472	0.084921	0.068683
734	2	0.75466	-0.257384	0.0174166
735	1	0.755957	-0.0154448	0.195733
736	2	0.756657	0.0343151	0.0498404
737	0	0.75731	0.00829905	0.0578946
738	2	0.75791	-0.0139704	0.111863
739	1	0.759397	0.0501352	0.00709299
740	2	0.759664	0.0348231	0.016048
741	0	0.760641	0.00881409	0.0560151
742	0	0.761282	-0.0931579	0.00848748
743	2	0.761753	0.0315026	0.00944456
744	1	0.762157	-0.0220263	0.0193526
745	1	0.762923	0.0772415	0.0283101
746	1	0.763373	0.0412605	0.123981
747	2	0.763582	-0.0302708	0.0549659
748	0	0.764475	-0.0255217	0.00696529
749	0	0.764721	0.06709	0.0495343
750	0	0.765487	-0.0350063	0.0206887
751	0	0.76614	-0.00986014	0.0155013
752	1	0.766286	0.0434955	0.0784981
753	2	0.766922	0.0493989	0.0643581
754	1	0.766957	0.0937393	0.0936533
755	2	0.766959	0.0231134	0.00257627
756	0	0.767212	0.026048	0.0715339
757	0	0.767389	0.0135205	0.00673789
758	2	0.768108	-0.0164398	0.0523289
759	2	0.768213	-0.0197391	0.0293368
760	1	0.76826	0.0479966	0.0104094
761	2	0.768491	0.00702277	0.0684363
762	0	0.771475	0.0512988	0.0278226
763	0	0.771819	0.0387476	0.0233999
764	1	0.772215	0.00413537	0.0376622
765	0	0.7729	0.0106759	0.0589791
766	0	0.77428	0.00757555	0.018942
767	0	0.774612	-0.0176222	0.0147847
768	0	0.777608	-0.0728065	0.0377324
769	0	0.7781	-0.0887706	0.0495861
770	0	0.780093	0.051429	0.00152868
771	0	0.780197	-0.0312635	0.0182156
772	0	0.781522	-0.0165652	0.000293281
773	2	0.783996	0.0559352	0.0100584
774	0	0.784135	-0.0125255	0.117098
775	2	0.785019	-0.0725817	0.0435472
776	1	0.786259	0.0221291	0.104438
777	0	0.786856	-0.0376685	0.0938563
778	0	0.78689	-0.0315998	0.0622083
779	0	0.786892	-0.0404411	0.0455105
780	1	0.787963	0.0796389	0.0268399
781	0	0.788348	0.0512942	0.0256004
782	2	0.789467	-0.0706951	0.11854
783	2	0.789646	-0.0991038	0.00485547
784	2	0.789895	0.0376359	0.000416077
785	0	0.789929	-0.020045	0.105379
786	0	0.790084	-0.0332056	0.0893792
787	2	0.790245	0.0170589	0.0890908
788	1	0.790346	-0.143982	0.0388215
789	2	0.79069	-0.0533858	0.00930233
790	0	0.790788	-0.0502146	0.0987916
791	0	0.792473	-0.0196354	0.008763
792	2	0.792487	0.053322	0.03657
793	2	0.792721	0.0078078	0.0283212
794	2	0.793083	0.0847265	0.000333571
795	0	0.793262	-0.0479518	0.0663595
796	0	0.793809	0.0630489	0.00425059
797	2	0.79405	0.030331	0.0602284
798	2	0.794935	0.0604617	0.033774
799	0	0.795028	0.0301639	0.0154223
800	2	0.796197	-0.0423433	0.0278227
801	0	0.797183	0.101752	0.0181112
802	2	0.801519	0.0236625	0.0979846
803	2	0.801689	-0.0411447	0.0690046
804	2	0.802039	-0.0155653	0.136902
805	1	0.803591	-0.049178	0.16113
806	0	0.804387	0.0526216	0.0382461
807	2	0.804625	0.0812976	0.0163615
808	1	0.805939	-0.103987	0.0551432
809	2	0.806304	-0.001921	0.0850529
810	1	0.809012	-0.0262659	0.0243511
811	2	0.809584	-0.0383308	0.0758116
812	1	0.81124	-0.0169047	0.144189
813	2	0.81305	0.0304157	0.0103931
814	2	0.81366	-0.046441	0.0118997
815	2	0.814267	0.113726	0.0558766
816	0	0.816037	0.00329296	0.0817871
817	1	0.818472	0.0251661	0.0164277
818	0	0.821662	-0.0208137	0.0161107
819	0	0.821797	0.00912806	0.0748073
820	0	0.822044	-0.0336165	0.0479328
821	2	0.824235	0.0283762	0.000883326
822	1	0.824612	0.0377904	0.0234442
823	0	0.824622	0.0323253	0.00441856
824	2	0.824818	0.0504763	0.0370306
825	2	0.82499	-0.0963613	0.0513727
826	2	0.828508	-0.0419261	0.0105708
827	1	0.829659	-0.022075	0.0542023
828	0	0.829846	0.0322875	0.00449038
829	2	0.832521	0.00949211	0.00893933
830	0	0.834506	-0.0391149	0.0390674
831	1	0.834613	-0.161835	0.0971506
832	1	0.835267	-0.0728392	0.0337145
833	1	0.837948	0.0675725	0.0428857
834	2	0.837953	-0.0435164	0.0493135
835	2	0.839308	-0.0228	0.0524537
836	0	0.839899	0.0512575	0.0143715
837	0	0.841031	-0.0813314	0.0512814
838	0	0.843065	0.0149645	0.122161
839	2	0.845879	-0.0730172	0.0700341
840	0	0.846649	-0.0302152	0.00646243
841	2	0.84666	-0.0107482	0.00327617
842	2	0.847697	0.0201653	0.0594741
843	2	0.849143	0.0760766	0.00833315
844	2	0.849397	0.0426217	0.0491993
845	2	0.84999	0.103867	0.0571617
846	1	0.850026	-0.0302911	0.138273
847	0	0.850677	0.0840849	0.052186
848	2	0.851705	0.0440588	0.0466201
849	1	0.853988	0.0617325	0.0831131
850	2	0.854972	-0.00221035	0.00266758
851	0	0.855566	0.024808	0.0026916
852	2	0.855922	0.0352984	0.00597525
853	2	0.858428	0.011518	0.00762678
854	2	0.858977	0.0982685	0.126041
855	2	0.859154	-0.0732756	0.051025
856	0	0.859798	0.0573694	0.0173511
857	1	0.860152	-0.167897	0.102026
858	1	0.860254	0.0470973	0.0433177
859	2	0.862027	-0.0274723	0.038807
860	0	0.862363	-0.0532566	0.00151156
861	0	0.865402	0.0207896	0.0183258
862	0	0.865435	0.034096	0.00795811
863	2	0.867427	-0.0533286	0.0397897
864	2	0.869644	-0.00677093	0.0583019
865	2	0.870054	0.0430293	0.03638
866	0	0.87031	-0.0365263	0.0250467
867	2	0.870756	0.0115824	0.0173533
868	2	0.870855	0.0705107	0.00430234
869	0	0.871578	-0.0107603	0.0380102
870	1	0.873852	-0.0429523	0.0872977
871	2	0.875158	0.0262736	0.0138127
872	2	0.875686	-0.0250273	0.00413836
873	2	0.876147	-0.0146149	0.0120388
874	2	0.876373	-0.108841	0.0833612
875	0	0.877918	-0.0539536	0.0104448
876	0	0.878535	-0.0242563	0.0212165
877	1	0.87959	0.0550065	0.0317135
878	2	0.880155	-0.0423652	0.00374914
879	2	0.880978	-0.00901723	0.0334221
880	0	0.881382	-0.0219916	0.0644862
881	1	0.882112	-0.0635656	0.0917743
882	1	0.882872	-0.0538073	0.0518183
883	1	0.883895	-0.0432078	0.0626388
884	1	0.884696	0.0941902	0.0356592
885	0	0.885027	0.0107496	0.0346022
886	1	0.885672	-0.0711516	0.0406608
887	1	0.886296	0.056303	0.151162
888	0	0.88784	0.0331735	0.0940428
889	2	0.888266	0.0102101	0.0311328
890	1	0.888535	0.0487253	0.0226717
891	2	0.888851	0.0625998	0.00916124
892	2	0.889334	0.0942882	0.00910031
893	2	0.89048	0.0306009	0.0216181
894	0	0.890891	0.0146411	0.0565402
895	0	0.892764	0.0139608	0.0466691
896	0	0.892911	0.0422854	0.0592677
897	2	0.893443	0.0459899	0.0734388
898	2	0.894141	-0.0653214	0.0273973
899	0	0.895401	-0.0227804	0.052401
900	0	0.897157	0.023143	0.0174785
901	2	0.897954	0.031283	0.0810059
902	0	0.900995	0.0316856	0.0480284
903	1	0.901368	0.116666	0.0228106
904	2	0.90168	-0.00163455	0.0789884
905	0	0.905315	-0.0318546	0.0529647
906	0	0.906667	0.0352713	0.104954
907	0	0.908061	0.0337756	0.0397504
908	2	0.912187	-0.053295	0.0193536
909	2	0.91247	-0.0468321	0.08324
910	0	0.912936	0.0588179	0.000297152
911	1	0.914178	0.0107389	0.0178296
912	0	0.915271	-0.0152923	0.00732005
913	0	0.915617	0.0273263	0.033433
914	0	0.915638	0.103079	0.0480713
915	1	0.91718	-0.0447295	0.0152762
916	0	0.918103	0.0125852	0.0699397
917	2	0.918183	0.0271816	0.00717902
918	2	0.92079	-0.0588517	0.0669883
919	1	0.922002	-0.037661	0.0888161
920	1	0.925963	0.0267799	0.118902
921	1	0.926734	-0.0537061	0.00747648
922	0	0.931629	-0.0148854	0.0091453
923	0	0.932129	-0.0655296	0.0154844
924	1	0.932953	-0.045159	0.013365
925	2	0.933731	0.0418444	0.0188086
926	0	0.934588	-0.0366437	0.044008
927	2	0.93657	-0.0620187	0.0268021
928	2	0.936916	0.0230286	0.0220051
929	2	0.937261	0.0184667	0.00588967
930	0	0.937622	0.0608354	0.0242547
931	1	0.937679	0.00309221	0.0734562
932	0	0.939485	-0.0367819	0.0262367
933	2	0.939623	0.0570144	0.138938
934	0	0.940008	0.00174625	0.0697884
935	0	0.940806	-0.0411097	0.0090984
936	2	0.941284	-0.0463252	0.0181207
937	0	0.942545	-0.0403339	0.0279333
938	2	0.944361	0.0365606	0.0890293
939	1	0.944395	0.0180787	0.0255925
940	0	0.944538	-0.00913991	0.0510928
941	1	0.94491	-0.035971	0.00107471
942	2	0.94521	0.0593834	0.0436336
943	0	0.948207	-0.0252234	0.0327448
944	0	0.948435	-0.0251395	0.0340544
945	1	0.950664	0.10023	0.165322
946	0	0.95141	0.00563993	0.0316475
947	2	0.951606	-0.0864984	0.0556227
948	0	0.952765	-0.0374379	0.0770723
949	2	0.954008	0.0371778	0.0247553
950	0	0.955389	0.0585106	0.0480961
951	2	0.955553	-0.0047676	0.0848734
952	1	0.957094	-0.032461	0.0896528
953	0	0.958423	-0.00436768	0.0267984
954	2	0.959955	0.0350327	0.0422008
955	0	0.960849	-0.00393854	0.0261759
956	2	0.963883	0.0648085	0.0560717
957	2	0.964708	0.00352542	0.00953642
958	2	0.964892	-0.0490108	0.0246265
959	0	0.966474	-0.0280759	0.00507031
960	2	0.966807	-0.00387216	0.0329941
961	0	0.966863	-0.0323858	0.0588133
962	2	0.966903	0.00364282	0.00401712
963	1	0.968366	-0.0762815	0.049333
964	1	0.968697	-0.0266828	0.0805468
965	2	0.970481	0.0172812	0.0122182
966	0	0.970993	-0.0666549	0.0538302
967	2	0.972182	0.0314219	0.10448
968	0	0.973204	0.0290723	0.0243513
969	2	0.97389	-0.0276336	0.0702602
970	0	0.974173	-0.0148114	0.0864255
971	2	0.974403	-0.0199242	0.118116
972	2	0.977311	0.0114468	0.00118768
973	0	0.978033	0.100848	0.0459387
974	0	0.979661	-0.0771872	0.00268529
975	1	0.980086	0.0757956	0.043711
976	1	0.980572	0.0987719	0.0349634
977	1	0.981506	-0.0406992	0.0988772
978	0	0.981867	0.0285073	0.046723
979	2	0.982208	0.027929	0.0102174
980	2	0.983663	-0.0115189	0.034393
981	0	0.983676	0.0281397	0.0472327
982	0	0.983726	-0.0669796	0.0452449
983	1	0.984535	-0.0253896	0.0401039
984	1	0.986799	0.0584516	0.0920588
985	2	0.987663	-0.102387	0.00536229
986	2	0.988788	-0.130738	0.0376828
987	0	0.98954	-0.0452102	0.0142862
988	1	0.98999	0.0759845	0.0435603
989	0	0.990296	-0.0453762	0.031819
990	1	0.990944	-0.0552683	0.0909705
991	2	0.992176	-0.0294185	0.0545954
992	1	0.992442	0.147409	0.0542457
993	0	0.993808	0.0262009	0.0179106
994	2	0.995667	0.0172552	0.0201818
995	0	0.996732	0.0355803	0.0677571
996	2	0.997232	-0.0556993	0.0246383
997	1	0.99846	0.0337162	0.0168873
998	0	0.999238	-0.0799056	0.0168847
999	2	0.999622	0.0644228	0.0072102
1	214	0.0212207
4	679	-0.0349901
4	20	-0.0278599
4	164	-0.010132
4	224	-0.0252782
5	445	-0.060924
7	241	-0.0308112
9	235	-0.0411981
13	728	0.043728
14	290	0.0708355
14	19	0.0383385
16	662	-0.0179894
16	931	0.0347014
16	302	0.0418978
16	754	0.0487029
16	270	0.0538021
17	644	0.0136842
17	508	0.0271569
21	68	0.0279496
21	140	-0.0230827
21	320	0.0322128
21	899	-0.071094
21	750	-0.0457729
21	239	-0.0530201
21	866	0.0744592
21	535	-0.0315311
21	914	-0.0397629
21	610	0.0153262
21	772	-0.0240909
21	475	-0.0345134
21	111	0.0339595
21	57	-0.0178804
21	489	0.0268981
21	144	0.0760615
21	632	0.024706
21	56	0.0212044
21	801	-0.0361579
21	559	0.0251221
21	370	-0.0348187
21	457	0.0334184
21	531	-0.0272067
21	9	-0.0263712
21	166	-0.040987
21	274	0.0108866
21	328	0.0325517
21	260	-0.0270939
21	742	-0.0143412
21	730	-0.025042
21	468	-0.0315465
21	416	-0.0179923
21	254	-0.0347784
21	42	-0.0238299
21	607	0.0297838
21	3	0.0319383
21	704	0.00541676
27	558	-0.0206551
29	862	-0.0582576
29	916	-0.0280117
31	858	-0.0460856
37	512	-0.031667
37	372	-0.0248393
37	549	-0.0373257
37	229	0.0451751
37	271	-0.0261049
37	982	0.083919
37	459	-0.0219199
37	575	0.0219693
37	932	0.0266263
37	806	-0.0271427
37	63	0.0306066
37	439	0.0326524
37	309	-0.0443957
37	328	0.0137039
37	880	0.0264159
37	27	-0.0305264
37	335	0.0136933
37	214	-0.025838
37	406	0.0231962
52	988	0.0615742
52	16	-0.0262676
52	662	0.0291488
52	647	0.0299004
52	479	0.0315034
52	426	-0.0624948
52	540	-0.0446314
52	673	-0.0782875
52	920	0.109138
52	881	-0.0509527
52	887	0.0453403
56	451	0.0430781
56	600	-0.0158743
56	457	-0.0323421
56	59	-0.0361117
57	876	-0.0256487
57	260	-0.0116956
57	240	-0.0224429
58	987	-0.0256103
58	632	0.0263301
58	29	0.0439196
58	403	0.0249508
58	247	-0.0327198
61	685	-0.0212865
61	115	0.034534
61	692	-0.0374923
61	385	0.0280958
61	294	-0.0338407
61	390	0.0187725
66	241	-0.045533
67	810	-0.0493311
68	961	-0.0520691
68	899	-0.0148949
68	277	0.0149192
68	37	0.00805542
68	535	-0.0303122
68	645	0.0342189
68	772	0.0145232
68	682	0.0285607
68	229	0.0232745
68	687	-0.0721961
68	135	0.0151551
68	271	0.015307
68	57	-0.0379524
68	98	0.0228639
68	888	0.0242666
68	143	0.0551161
68	600	0.0202054
68	599	-0.0250719
68	509	-0.0250079
68	767	0.0447645
68	875	-0.0353175
68	300	-0.0196509
68	894	0.0212008
68	819	-0.051891
68	716	-0.016778
68	355	-0.0335913
68	267	-0.0330758
68	652	0.0157386
68	126	-0.00552246
68	597	-0.0186227
68	221	-0.0238478
68	122	-0.0176561
68	276	0.0352568
68	225	0.0147273
68	532	-0.0375168
68	477	0.045159
71	776	0.0290164
71	520	0.0336915
71	911	-0.0523676
71	983	0.0317152
71	997	-0.0625559
71	16	0.024501
71	438	0.0385763
71	924	-0.0344475
71	710	0.0315463
71	739	0.035666
71	471	-0.0459578
71	220	0.0771294
71	641	-0.0170172
71	387	-0.0404579
71	764	0.0342009
71	516	-0.044198
71	359	0.0377369
71	22	0.0444007
73	799	0.0201965
83	658	0.0308721
83	481	-0.0367768
83	201	-0.0269771
91	103	-0.043335
98	143	0.0636171
98	9	-0.0374739
98	166	0.02865
98	589	-0.0263736
98	441	-0.0254442
98	715	0.0270745
104	223	-0.0168361
109	306	0.0465377
109	984	0.0218474
110	404	0.0406356
111	559	-0.0149229
111	679	-0.0418536
111	351	-0.0133408
111	584	-0.0440407
111	381	0.038526
111	562	-0.0441004
113	242	-0.00781939
121	411	-0.0342066
121	959	0.0397499
125	121	-0.0380009
125	211	0.0127785
125	300	0.0313204
132	13	0.0268112
133	395	0.0276769
133	426	-0.0207486
135	441	0.010011
135	896	0.0383115
135	456	-0.0166241
135	906	-0.0283614
140	860	-0.0441381
140	961	0.0140428
140	899	-0.0113502
140	37	0.0086443
140	610	0.0333881
140	475	0.0381827
140	682	-0.0575996
140	998	0.0428367
140	356	0.0187676
140	785	-0.0176857
140	982	-0.0224545
140	987	0.0168915
140	144	-0.0229175
140	575	0.0491528
140	496	0.0112094
140	806	-0.027326
140	531	-0.00476883
140	679	-0.0173562
140	351	0.0285854
140	104	0.0275136
140	851	-0.0756369
140	223	0.0237804
140	748	-0.0521281
140	146	-0.0539869
140	355	0.0317582
140	771	-0.0501819
140	820	-0.0118746
140	126	-0.0563603
140	558	0.0154598
140	423	0.0345194
140	768	0.0227522
143	121	0.0386223
143	235	-0.0346358
143	495	0.0289372
143	406	-0.0101595
143	225	0.0240874
144	968	-0.0602025
144	902	0.0225715
144	730	-0.0186583
144	989	-0.0222154
146	5	0.011243
151	306	0.0394915
153	446	-0.045879
153	974	0.0353589
153	260	0.0643203
153	944	-0.0396764
153	304	0.0343569
153	948	0.038627
153	633	0.0443871
161	744	0.0758094
161	718	0.0268626
161	422	-0.0377257
161	565	0.0763758
161	71	-0.0373032
161	776	0.0530312
161	520	-0.0136702
161	431	0.0838052
161	657	0.033086
161	333	-0.0531785
161	911	0.0359199
161	983	0.0422616
161	997	-0.0606169
161	890	0.0294213
161	952	0.0212595
161	228	-0.0273414
161	386	-0.0430505
161	622	-0.0421398
161	444	0.0291327
161	992	0.0171318
161	538	-0.126341
161	217	0.077
161	648	0.0346442
161	931	0.0210651
161	290	0.04212
161	429	-0.0618736
161	710	-0.0205144
161	683	-0.0448942
161	846	-0.0580404
161	409	-0.0391337
161	458	0.0597797
161	479	0.0485247
161	639	-0.0567936
161	67	-0.0309855
161	25	-0.0269776
161	241	-0.0216334
161	198	0.038794
161	387	0.0155999
161	194	0.0312657
161	583	0.0367592
161	663	-0.0382047
161	578	-0.0236725
161	939	-0.0653139
161	455	-0.0239305
161	425	-0.0412269
161	64	-0.0843431
161	964	0.0363002
161	44	0.0225494
166	39	0.0287889
166	547	0.030638
173	17	0.0321148
173	395	0.0308839
173	479	-0.0644707
173	639	-0.0235796
173	85	0.0152648
173	941	-0.0239483
178	469	-0.0120487
178	765	0.0187882
178	485	0.0214962
178	549	-0.025586
178	687	0.0103061
178	58	0.0185286
178	83	0.0338776
178	632	-0.034006
178	370	-0.0510175
178	599	0.0395437
178	509	0.0295605
178	531	-0.0133891
178	502	-0.0514365
178	195	-0.0213366
178	913	-0.0225476
178	449	0.0420221
178	778	-0.038275
178	989	0.0297966
178	483	-0.0484751
178	433	0.0261626
199	769	0.0300748
207	537	0.027005
207	485	0.0245459
207	907	-0.0172115
207	153	-0.0317561
207	489	-0.0203211
207	701	0.0360886
207	411	0.0132534
207	580	-0.0367012
207	115	0.0529825
207	446	0.0258821
207	113	0.0140416
207	355	-0.0111881
207	27	0.0236771
207	76	0.0233244
207	242	0.0336146
207	838	-0.0403185
209	140	-0.0152057
209	320	-0.0145316
209	178	0.0297567
209	765	-0.0212667
209	610	-0.0527801
209	485	0.0138835
209	998	-0.0147063
209	569	0.0229635
209	229	-0.0407358
209	153	-0.028538
209	637	-0.0311142
209	111	0.0200177
209	837	-0.0571942
209	366	-0.0201983
209	144	-0.0388492
209	83	0.021646
209	56	-0.0358029
209	806	0.0107249
209	370	-0.0428141
209	606	0.0246974
209	658	-0.0146937
209	946	-0.0527734
209	702	0.021752
209	235	0.041995
209	580	-0.0249378
209	115	0.0266863
209	446	-0.0307815
209	592	-0.0190532
209	664	0.0277733
209	349	-0.0599996
209	742	-0.0102228
209	1	0.0362688
209	943	-0.0351594
209	993	0.013885
209	481	0.0244184
209	236	0.0388411
209	42	-0.0327113
209	311	-0.0371643
209	32	-0.0324391
209	456	-0.0476543
209	560	-0.0363387
209	650	-0.0475342
209	453	-0.0405993
209	30	-0.0276588
211	658	-0.0135794
211	355	-0.0136053
211	519	-0.0284676
217	648	-0.0864652
217	7	0.0242054
218	141	0.0464119
220	663	-0.0475459
223	216	-0.0280276
223	226	0.0282639
227	461	0.0258912
227	748	0.044607
227	226	-0.0129769
228	846	-0.0381291
228	409	0.037586
228	132	-0.0486058
228	595	0.0791918
228	977	-0.0552213
228	96	0.0390763
229	153	0.0341464
229	265	0.0275037
229	950	-0.035812
229	524	0.0524919
229	447	0.0287314
229	629	-0.0280312
229	597	0.0154565
235	519	0.0306047
239	765	0.0178664
239	914	0.0308994
239	682	0.0268231
239	229	-0.0284241
239	907	-0.0293666
239	900	-0.0443801
239	300	-0.0266137
239	880	0.0287688
239	742	-0.0317462
239	913	0.00451384
239	816	0.0226104
239	487	0.0129483
239	404	-0.0250223
239	361	-0.0344406
244	903	-0.0517464
247	607	-0.0257206
265	420	-0.0279527
267	190	0.0304635
269	779	-0.0256827
271	125	-0.0272867
271	771	-0.0308102
271	93	0.0348221
271	403	-0.0333428
271	401	0.0286518
274	385	0.0521318
274	91	0.0395907
274	224	-0.0228121
277	750	-0.0437127
277	535	0.0135354
277	645	-0.0288511
277	719	-0.0308501
277	575	0.0539931
277	801	0.0152273
277	378	0.0303749
277	599	-0.0245335
277	492	0.0263369
277	658	-0.0413057
277	439	-0.0260749
277	862	-0.0354387
277	730	-0.0204912
277	269	0.0268896
277	334	0.0152841
277	523	-0.0199516
277	781	0.0345286
290	626	-0.0560473
290	573	0.0624151
291	301	0.0213671
295	387	-0.0333166
299	312	0.0102926
299	930	-0.0175383
299	467	-0.0225725
299	664	0.0381159
299	33	0.0264357
299	445	-0.0138813
301	857	-0.0466217
302	133	0.0340994
302	494	-0.0303397
309	856	0.0253926
312	572	-0.0241693
312	199	0.0214381
312	981	-0.0288747
312	188	-0.0313351
320	899	0.0328383
320	178	0.0217552
320	277	0.0267003
320	645	-0.0260824
320	610	-0.0379557
320	569	-0.0358591
320	58	-0.0265717
320	135	-0.0409594
320	57	-0.0435891
320	837	0.021382
320	694	-0.0262628
320	869	-0.0143922
320	166	0.0258876
320	900	0.0371304
320	902	0.0575395
320	748	-0.0280227
320	791	-0.0267573
320	528	-0.0408004
320	404	0.0790845
320	70	-0.0148844
320	935	0.030169
320	315	-0.0263088
324	677	-0.0749608
328	468	-0.0332514
332	17	0.022955
332	710	0.0287946
332	132	0.0433101
332	641	-0.0199695
332	858	-0.0675175
332	605	-0.028569
333	173	0.0464826
333	14	-0.0368527
333	626	-0.0393014
333	295	0.0297703
333	977	-0.0303339
333	301	-0.0154601
333	142	0.0627541
333	418	0.0578793
334	364	-0.0323212
335	2	0.0138934
349	242	0.013502
351	555	0.0294655
354	94	-0.0362101
356	982	0.0355756
356	575	0.0229222
356	572	-0.008629
356	420	0.0106233
356	894	-0.039963
356	447	-0.0452392
356	463	-0.0213471
356	913	-0.0465322
356	107	-0.0421393
356	640	-0.00628437
358	151	0.0462977
358	471	-0.033144
358	745	-0.0351139
358	156	-0.0155255
359	287	0.0288139
366	930	0.0229364
366	876	0.0433013
366	966	-0.0142949
366	59	-0.0217751
370	9	0.0124779
370	385	-0.025837
370	463	-0.0231948
372	485	-0.0379416
372	907	-0.0322869
372	135	0.0617271
372	888	-0.0541216
372	451	-0.0329849
372	63	-0.0456556
372	692	-0.0166668
372	716	0.0161402
372	73	-0.016681
372	830	-0.0378012
372	970	0.0180781
372	327	-0.0497866
372	172	-0.0329513
372	276	0.0118752
372	774	-0.0357839
378	492	-0.0133828
378	836	-0.0200392
378	401	0.0315242
386	992	0.0277067
386	585	-0.0255324
386	626	0.034345
386	198	0.0368367
386	677	0.0773849
395	67	0.0471294
396	416	0.0391336
403	885	-0.0297514
409	920	0.0722855
411	1	0.0314275
411	487	-0.012938
420	966	0.0294565
420	593	0.039791
422	963	0.0197209
422	431	-0.0154009
422	333	-0.0278825
422	997	0.0269881
422	646	0.0285231
422	952	0.0495328
422	444	0.0273034
422	358	0.0265963
422	14	-0.0540603
422	151	-0.0549351
422	931	0.0205338
422	631	-0.0478107
422	573	0.0215664
422	833	-0.0265618
422	460	0.0384997
422	919	-0.0311583
422	432	-0.0190411
422	780	-0.030126
422	324	-0.0428934
422	641	0.0506925
422	673	-0.06329
422	921	0.0511036
422	85	0.0468142
422	194	0.0290221
422	13	-0.036075
422	329	-0.0256895
422	579	0.0188277
426	919	-0.0827643
426	192	0.0191407
429	291	-0.0514411
429	7	-0.0479402
429	849	0.00560768
431	173	-0.046766
431	644	-0.056754
431	647	0.0431394
431	438	-0.0396737
431	631	-0.0256546
431	109	-0.041546
431	395	0.0572041
431	25	-0.0518987
431	19	-0.0248864
431	760	-0.0236006
431	945	0.0475685
432	677	-0.0216116
438	133	0.0298839
438	479	0.0657168
441	481	-0.0187445
444	133	-0.0365494
444	939	0.0192598
446	943	-0.0231688
446	383	0.0565191
447	362	-0.0220651
447	269	0.0172841
451	591	-0.0133835
451	48	0.0799882
451	539	-0.0176787
457	341	-0.0271154
457	721	0.0274845
458	724	-0.0588962
458	25	0.0863106
459	125	-0.0504584
459	685	-0.0152676
459	420	0.0341395
459	227	0.0382799
459	327	-0.0271453
459	305	-0.0347371
460	213	0.0397655
460	250	0.0751178
461	254	0.031806
461	413	0.00696574
463	416	0.0517855
465	583	-0.0439713
467	33	-0.0218573
467	216	-0.0217804
467	141	0.05412
469	239	-0.0239183
469	866	0.0295452
469	610	0.0409593
469	772	-0.0160855
469	785	0.0233527
469	58	-0.0361602
469	982	-0.0317882
469	600	0.0469109
469	9	0.0181437
469	411	-0.044086
469	467	-0.0514642
469	937	0.0244573
469	214	-0.0114944
469	353	-0.0138187
469	762	0.0230772
469	751	-0.00709829
469	790	-0.0245387
471	273	-0.0825619
471	131	-0.0559991
475	998	-0.0309603
475	83	0.0333884
475	600	0.0239665
475	606	0.0146241
475	589	-0.0223597
475	742	-0.0192144
475	981	-0.0450112
475	766	-0.0275719
475	749	0.0355265
475	399	0.0298482
485	229	0.0320725
485	57	0.0156115
485	235	-0.0599046
485	188	-0.0289306
485	303	-0.0298188
485	539	0.0293487
485	305	0.024454
487	590	-0.0281353
489	459	-0.00960209
489	679	0.0285726
489	869	0.0195926
489	777	-0.0451394
489	830	-0.0540702
492	799	0.0331041
494	595	0.0207272
494	977	0.055845
495	591	0.00812113
496	600	0.0252007
496	847	-0.0191891
496	589	-0.0566155
496	966	0.0125646
496	303	0.0191718
496	948	-0.0355408
500	997	-0.0491176
500	332	0.0590066
500	644	-0.0659151
500	508	-0.0233213
500	291	-0.0332358
500	810	-0.0485124
500	66	0.0609713
500	605	0.037417
502	113	-0.0203241
508	14	0.0405424
508	138	0.0593951
508	180	0.0360736
509	441	-0.0326655
509	978	-0.0413998
512	549	0.0228443
512	895	-0.0185359
512	701	0.0393486
512	63	0.0256889
512	946	0.0320169
512	439	-0.0347253
512	580	-0.0431746
512	733	-0.044059
512	146	-0.0330628
512	943	0.0105652
512	421	-0.0177347
512	840	0.0106492
512	856	-0.0364988
515	632	0.0319471
515	701	0.056751
515	691	-0.0230419
515	199	0.0135487
515	94	0.0307651
515	944	0.0173316
515	3	-0.0427272
520	431	-0.0551503
520	500	-0.0671546
520	646	0.0749618
520	332	0.0621119
520	952	0.0465843
520	228	-0.0412368
520	662	0.0240174
520	217	-0.0469548
520	426	0.0302307
520	725	-0.0404109
520	66	-0.0277551
520	746	-0.0698857
520	805	-0.0372486
521	721	-0.0119416
524	875	0.0355615
524	900	0.0450356
524	236	-0.036295
524	905	-0.0220476
524	107	-0.0456877
531	658	0.0489327
531	934	0.0519423
535	135	-0.0200371
535	271	0.0372948
535	211	-0.0258493
535	869	-0.0260528
535	439	-0.036873
535	580	-0.0258992
535	385	0.0184364
535	880	0.0289376
535	766	0.0176101
535	11	-0.017681
535	122	-0.0391787
536	213	-0.0206071
537	485	0.0223043
537	569	-0.018986
537	58	-0.0207114
537	153	0.0445877
537	135	-0.0216638
537	299	-0.0379578
537	524	-0.0358486
537	767	0.0214166
537	502	-0.0254412
537	495	-0.0426703
537	652	0.0103553
537	913	-0.0291586
537	799	-0.0363201
537	177	-0.0243572
538	217	-0.0383324
538	603	0.0860138
538	578	-0.0409122
540	482	0.0422282
549	229	-0.0102159
549	271	0.0151369
549	932	0.0171364
549	559	-0.0676089
549	4	0.0241668
549	63	0.0356544
549	216	0.0287477
549	283	-0.0539025
549	672	0.00921989
549	926	0.0177552
555	421	0.0222427
555	697	0.033717
555	838	0.0167086
556	300	-0.0299056
556	528	0.0202025
556	505	0.0147071
559	29	0.0277297
559	592	-0.00937522
559	692	-0.0245199
559	311	-0.0265997
565	963	0.0315115
565	657	-0.0365541
565	752	0.0691435
565	622	0.0320637
565	444	-0.0430019
565	992	0.0448466
565	358	-0.0245255
565	647	-0.0410163
565	14	0.0708563
565	151	-0.0228459
565	585	-0.0706594
565	931	0.0683769
565	458	0.0469054
565	833	-0.0459858
565	725	-0.0405376
565	595	-0.0304444
565	681	-0.0679654
565	25	0.0541276
565	432	-0.0239609
565	220	-0.0443072
565	735	0.0315389
565	12	0.0373321
565	812	0.0238544
565	817	0.0435538
565	884	-0.0482256
565	18	0.0774779
569	888	0.0282963
569	461	-0.0375903
569	777	0.0339005
569	33	0.0298904
569	76	-0.0195401
569	818	0.0371211
569	413	0.0182724
572	29	-0.0143525
572	584	-0.0153827
572	110	-0.0188581
573	7	0.0339439
575	900	-0.00874859
575	670	-0.0178472
584	974	-0.049112
584	39	0.0171211
585	438	0.0473992
585	395	-0.0341507
585	976	0.0490105
589	629	-0.0217903
591	48	0.0189748
592	652	-0.0203882
592	126	-0.0330111
593	619	0.05358
599	427	-0.00699475
600	349	-0.019697
600	20	-0.0287432
603	138	-0.0528068
606	795	0.0142313
606	127	0.0773294
610	515	-0.0173782
610	694	-0.0107496
610	83	0.0149941
610	125	-0.0333361
610	801	0.0458377
610	606	-0.0194008
610	166	-0.035261
610	300	0.025875
610	152	0.0327327
622	647	-0.0531998
622	924	-0.0378701
622	676	0.0260424
622	764	-0.0312728
622	653	-0.0698739
622	541	0.0984389
626	595	-0.0538718
630	132	-0.0364438
631	142	0.0212601
632	260	0.0309802
632	916	-0.0292038
632	427	0.0261141
637	271	0.0205667
637	125	-0.0233018
637	806	-0.0131295
637	104	-0.0162238
637	73	-0.025127
637	337	-0.034528
637	640	-0.0255468
637	89	0.0594175
639	724	0.0194615
644	494	-0.033983
644	725	0.0427202
645	569	0.0374692
645	987	-0.0139355
645	144	0.0252757
645	312	-0.0119723
645	378	0.0323663
645	584	0.0360645
645	733	-0.0157155
645	505	-0.0247269
645	353	-0.0219354
645	614	-0.0263322
646	17	-0.0207459
646	508	-0.0492772
646	626	-0.0336313
646	109	0.0116954
646	494	0.0320894
646	516	0.0203526
647	290	0.0368705
647	780	0.0486288
647	653	-0.0224005
648	977	0.0341459
648	822	0.0397024
648	31	0.0417684
652	923	0.0381517
657	500	-0.0602359
657	688	-0.0695832
657	302	0.0209303
657	683	0.0232863
657	409	0.0226451
657	739	-0.049324
657	754	0.0827431
657	728	0.0372547
657	877	-0.0446016
657	713	-0.0391288
658	946	-0.0193419
661	676	0.0272053
661	683	0.0115098
661	295	0.0217569
661	67	0.0417975
661	735	-0.0737834
661	346	-0.0451647
662	438	0.0589555
662	324	0.0361414
662	603	-0.0487477
662	12	0.0583831
664	110	0.0160758
664	905	0.0150393
673	128	0.0435557
676	295	-0.0531601
676	212	0.0238792
679	818	-0.0373206
681	920	0.0554504
681	516	-0.0296609
682	58	-0.0277173
682	98	0.0193537
682	378	-0.0164097
682	492	-0.0499469
682	421	0.0425979
682	816	-0.0185045
682	327	0.0261392
682	337	-0.0198224
682	406	-0.0241444
682	547	-0.0121223
685	900	0.0442523
685	396	-0.013488
685	186	-0.00935495
687	370	0.0307739
687	227	0.0184258
687	968	-0.0130968
687	146	0.00891824
687	335	-0.0162406
687	619	0.0533532
687	32	0.0192735
688	630	-0.0334554
688	924	-0.0492358
688	595	-0.0543515
688	939	-0.0349985
691	816	0.0350867
691	226	0.0279791
694	265	0.01711
694	451	0.0431116
694	492	0.031892
694	413	0.0222946
694	940	0.0439264
694	450	0.0434478
697	199	-0.0318082
697	766	0.0190735
701	264	0.0296683
701	293	0.0226068
711	21	-0.00791946
711	68	-0.0473047
711	140	0.041441
711	320	0.0254502
711	961	-0.0387965
711	178	-0.0477593
711	469	-0.0171929
711	239	-0.0235152
711	535	0.020867
711	485	-0.0217971
711	569	0.0374781
711	515	-0.0305686
711	366	-0.0381252
711	265	-0.0389438
711	888	-0.00794762
711	950	0.0283018
711	606	-0.0397337
711	685	0.0183454
711	599	0.0241961
711	420	-0.0681902
711	701	-0.027839
711	227	-0.0172648
711	968	0.0268957
711	819	0.0196547
711	309	-0.0218796
711	691	-0.0284096
711	592	-0.0369525
711	716	-0.0368331
711	748	0.0401794
711	349	-0.0254546
711	27	0.0257055
711	195	-0.0391102
711	836	0.0246469
711	993	0.0182334
711	33	0.054866
711	76	0.0195408
711	970	0.0114032
711	937	-0.0265301
711	186	0.0490451
711	240	-0.0290132
711	323	0.0321042
711	675	0.0353949
716	926	0.0674124
718	422	0.07489
718	565	-0.0419483
718	963	0.0346441
718	520	-0.0342315
718	431	0.0177373
718	333	0.0366912
718	988	-0.0372982
718	386	0.00852468
718	17	-0.0419349
718	444	0.0151789
718	508	0.0343197
718	538	-0.0224416
718	151	0.0460669
718	631	-0.0295088
718	290	-0.0381081
718	827	0.0484093
718	676	0.055424
718	291	0.0392206
718	132	-0.018683
718	66	0.0174357
718	465	-0.0449945
718	540	0.0818576
718	213	-0.0445397
718	754	0.0236627
718	192	-0.0797295
718	583	0.0133256
718	142	0.012041
718	96	0.0188698
718	371	0.0213832
718	831	0.0289278
718	598	-0.0397516
718	64	-0.0214903
718	482	-0.0193771
718	128	-0.0206639
719	801	0.030147
719	328	0.0350277
719	816	0.0288305
719	2	-0.0288496
725	536	0.0362328
725	465	0.0207254
730	20	-0.0333165
739	244	-0.0306103
744	718	-0.0300472
744	422	0.017427
744	71	-0.0244202
744	963	-0.0218185
744	776	0.0462289
744	520	0.0499002
744	911	-0.0460242
744	646	0.0434478
744	890	0.0482733
744	988	0.0306443
744	173	0.0829463
744	386	0.0738169
744	16	0.0470711
744	644	-0.0465121
744	444	-0.0402642
744	992	0.0194891
744	538	-0.0328728
744	931	0.0501432
744	631	0.0663088
744	630	0.0267426
744	432	-0.0371061
744	536	0.0150318
744	465	-0.0312595
744	641	0.0149123
744	653	0.0294863
744	194	0.0393596
744	805	-0.0519837
744	728	-0.0515777
744	306	-0.0763293
744	329	-0.0425978
744	760	0.048594
744	455	0.0207015
744	470	-0.0390267
744	346	-0.039954
744	975	-0.0119905
744	28	0.0601488
744	167	-0.0354595
746	745	0.0335548
746	371	0.0359626
750	239	0.0155285
750	512	-0.0167042
750	772	0.0463696
750	895	0.0319161
750	57	-0.0145788
750	606	-0.0467915
750	556	-0.0450801
750	702	0.0287081
750	104	0.0213929
750	862	0.0490882
750	777	0.0159982
750	771	0.0352896
750	1	0.0210874
750	505	-0.0231076
750	885	-0.025708
750	172	0.0190807
750	560	-0.0184636
752	630	-0.0342539
752	683	-0.0722334
752	409	0.0503717
752	739	0.0552541
752	764	-0.0181703
765	645	0.0167763
765	719	0.0186626
765	265	0.0289079
765	378	-0.0289449
765	599	0.00521479
765	509	0.0239543
765	121	0.0151916
765	492	-0.0181005
765	591	0.0225795
765	818	-0.0387464
765	795	0.0324536
767	930	0.0336358
767	396	-0.0320785
767	521	0.0270822
767	526	-0.0325046
771	953	-0.029051
772	475	-0.037341
772	575	0.0183901
772	930	0.0593969
772	679	-0.0180127
772	847	-0.0295851
772	836	-0.0108195
772	629	-0.0457666
772	201	0.0432411
772	709	-0.0243414
772	134	0.0348759
776	500	-0.0286938
776	646	0.0383766
776	915	0.0445671
776	661	-0.0307673
776	573	-0.0478169
776	710	-0.0235873
776	846	0.0548643
776	460	-0.031198
776	724	-0.0258214
776	919	0.0958427
776	540	0.0367247
776	241	0.0465605
776	822	-0.0438951
776	877	-0.0291509
776	941	-0.0192391
776	375	-0.020228
785	57	0.0182391
785	489	-0.0147043
785	632	-0.0303106
785	847	-0.0276786
785	840	0.0314022
785	437	0.0525193
785	778	-0.063711
791	823	-0.0317819
801	457	0.013636
801	362	0.00800182
801	791	0.0135871
805	849	0.0321468
806	950	0.0260042
806	39	-0.0207725
806	164	0.0202027
810	673	0.0213077
810	945	0.0271085
819	341	0.0390605
823	923	0.0182799
823	935	-0.0283257
827	470	-0.0433507
830	93	0.0460924
832	648	0.0592137
832	739	0.0449206
832	780	0.0166486
832	220	-0.0412505
832	921	0.033805
832	881	-0.0396474
833	85	0.0540532
833	822	-0.058128
833	138	-0.0205091
837	719	0.0470213
837	875	0.00837243
837	351	-0.0301099
837	115	-0.0233323
837	421	0.0109942
837	91	0.0222161
837	187	0.0355464
840	364	0.00854176
846	870	-0.0280832
846	425	0.0614659
847	146	-0.032808
851	113	-0.00915191
851	246	0.0341698
860	277	0.0185431
860	485	0.0166198
860	998	-0.0152329
860	785	0.0369858
860	637	0.0363409
860	932	-0.0433815
860	496	0.0153104
860	9	-0.0253561
860	875	0.0335807
860	556	0.0324661
860	396	0.0344367
860	309	-0.0167703
860	495	0.0343279
860	733	-0.0169335
860	463	-0.0426511
860	76	0.0473817
860	981	-0.0303654
860	923	-0.0179337
860	672	-0.0679883
860	48	-0.0706074
860	593	0.0122306
860	218	-0.0287483
860	158	0.0206757
860	92	0.00656488
860	308	0.0202905
862	304	0.0219482
866	982	0.0149033
866	366	0.0221315
866	575	-0.0487637
866	61	-0.0500065
866	457	0.0234219
866	946	0.0283771
866	555	0.0303019
866	396	-0.0339863
866	113	-0.00960371
866	495	0.0206335
866	20	-0.0130073
866	521	0.0102688
866	468	-0.0452777
866	885	-0.0384676
866	532	0.0289109
869	902	0.0523421
869	702	0.00739232
869	481	-0.0175593
870	458	-0.0120867
870	367	-0.0404536
870	788	0.0475406
875	876	-0.0253996
875	449	-0.0129936
876	733	0.0235689
876	621	0.0217366
880	195	0.0289485
888	351	-0.020079
888	381	0.0304319
890	915	-0.0624637
890	626	-0.0481662
890	827	-0.0817903
890	681	0.0426982
890	536	-0.0206362
890	324	0.081433
890	192	0.0275062
890	882	0.0676273
894	702	0.0248551
894	528	0.0285962
894	303	0.0168429
895	56	-0.0367761
895	63	-0.0146035
895	851	-0.0200654
895	309	-0.0292931
895	39	-0.0221451
895	267	-0.0452568
895	294	-0.0447057
895	763	0.0148537
896	254	0.0161611
899	750	-0.0294322
899	512	-0.0244827
899	998	-0.0284053
899	569	0.0453927
899	895	0.0192198
899	83	-0.0352516
899	599	0.0227977
899	509	0.0294782
899	502	0.0424201
899	748	0.0234881
899	777	0.0256634
899	820	-0.0129852
899	246	-0.0274702
899	656	-0.0414215
899	706	-0.0236481
899	313	0.036698
899	616	0.0364824
899	112	0.0118859
899	671	0.0241137
900	692	-0.0345324
902	546	-0.0372388
902	72	0.00739146
907	451	0.0355174
907	121	-0.0186435
907	819	0.0133835
907	993	0.025618
907	795	-0.0304019
907	955	0.0392
911	332	0.0309607
911	17	-0.0364609
911	832	0.0378357
911	827	0.0353019
911	976	-0.0205713
911	598	-0.0320987
911	808	0.0531126
911	205	-0.0453253
914	135	0.0302251
914	125	0.019603
914	819	-0.0296835
914	851	0.031436
914	115	-0.0159391
914	223	0.0520346
914	502	0.0391709
914	447	-0.032729
914	328	-0.0238944
914	5	-0.0309938
914	91	-0.0517625
914	769	0.0560509
915	217	0.0340703
915	573	0.0276398
915	827	-0.0491106
915	924	0.0431065
915	639	0.0299922
916	993	0.021372
916	940	0.0247531
919	578	-0.0410343
921	82	-0.0360395
924	109	0.0369016
930	733	-0.0407528
930	667	0.0320168
931	22	-0.0231537
932	265	0.0245201
932	888	-0.0286035
932	439	0.0388015
932	580	-0.0439373
932	716	0.0532868
937	236	-0.0173465
943	629	0.0172559
946	195	-0.0194927
950	73	0.0239391
950	283	0.0141733
950	2	-0.0397962
952	17	0.0477288
952	644	0.0674638
952	538	-0.0351324
952	585	0.0286291
952	295	-0.03212
952	735	0.00672897
961	750	-0.0332168
961	469	-0.0177171
961	239	0.0295006
961	512	0.0219227
961	914	-0.029949
961	907	0.0269742
961	687	-0.018718
961	785	0.0234773
961	265	-0.0267482
961	63	0.0271365
961	461	-0.0184179
961	702	0.015969
961	104	0.0137799
961	362	0.037145
961	283	0.0195752
961	188	-0.0407977
961	186	0.0350868
961	70	-0.0417718
961	546	0.04994
961	383	-0.0241562
961	417	-0.0126552
963	431	0.0413643
963	333	0.0430556
963	983	-0.047618
963	988	-0.016069
963	915	0.0188453
963	752	-0.0538944
963	662	-0.0215637
963	151	0.0337935
963	688	-0.03053
963	429	-0.0359815
963	870	-0.0356895
963	639	-0.0657191
963	724	0.0065215
963	780	-0.0733131
963	663	-0.038434
966	341	-0.01128
968	974	-0.0186347
968	656	0.0337953
974	664	0.0338236
974	257	0.0372946
982	56	0.0321777
982	572	0.0266421
982	685	0.037083
982	326	-0.0373828
983	752	0.0461964
983	14	-0.0196159
983	630	-0.025705
983	302	-0.0407826
983	479	-0.0297829
983	67	0.0389858
983	745	-0.0286046
983	19	-0.0314426
984	82	0.0407058
987	572	0.0610704
987	968	-0.0206985
987	274	-0.0226542
987	204	0.0279593
988	631	-0.0337992
988	710	0.0335036
988	683	-0.0853541
988	198	-0.0379103
992	810	0.0845746
992	746	0.0455577
992	418	0.0374138
995	209	0.0304465
995	21	0.0206111
995	68	-0.0142457
995	140	0.0224089
995	860	-0.0410506
995	320	-0.028471
995	899	-0.0272388
995	277	0.0183719
995	866	-0.0215635
995	535	-0.0462707
995	765	-0.0213368
995	475	-0.040778
995	682	0.0157021
995	895	-0.0346375
995	907	0.0272146
995	687	0.0304132
995	58	-0.0404168
995	111	-0.0331829
995	987	0.0143758
995	366	-0.0605824
995	719	0.0179373
995	299	-0.019876
995	312	-0.021588
995	950	-0.0163655
995	4	0.0331791
995	211	0.0298066
995	531	-0.0551865
995	876	-0.0243206
995	300	0.0226815
995	847	0.0175112
995	691	0.0353847
995	692	-0.00580927
995	589	-0.0410706
995	260	-0.0238487
995	385	0.0433857
995	267	-0.0106132
995	5	-0.0173622
995	110	-0.0123623
995	362	-0.039425
995	791	0.0396084
995	823	-0.0132239
995	836	0.0127881
995	840	-0.0105613
995	697	-0.0675295
995	528	0.0206583
995	970	-0.0153736
995	820	0.0131903
995	597	0.0233587
995	93	0.0479704
995	896	0.024606
995	539	-0.0390859
995	619	0.0260262
995	905	0.0242041
995	11	0.0101453
995	959	0.0226309
995	354	-0.0180167
995	437	-0.0385406
995	158	0.0117675
995	526	0.019959
995	259	-0.0414264
995	382	0.018608
995	912	0.0251287
995	770	0.034875
997	988	0.0395784
997	644	-0.0290415
997	358	0.0499565
997	291	0.0515428
997	831	0.0403418
997	990	0.0726133
998	946	-0.0153722
998	556	-0.0233077
998	830	0.0274998
998	672	-0.0169686
998	337	-0.0366609
998	42	-0.0147079
998	221	0.0357817
998	452	0.0210246
