400
200
400
1000
500
3
0.333333	0.666667	
0	0	0.000256321	-0.030081	0.0352542
1	2	0.000614671	-0.0517287	0.0321258
2	1	0.000852148	0.150868	0.0405446
3	2	0.000858821	-0.0884063	0.018406
4	2	0.00130518	0.0396058	0.0622754
5	2	0.00299262	-0.0595511	0.010327
6	1	0.00393592	-0.0861141	0.0273973
7	0	0.00411684	-0.031406	0.0288885
8	0	0.00524113	-0.0323302	0.0640839
9	2	0.00548255	0.0224748	0.00257103
10	2	0.00876113	-0.0257858	0.0166507
11	0	0.0095478	0.0439884	0.0460344
12	2	0.00960954	0.0409141	0.0283692
13	2	0.012596	0.0897282	0.0397394
14	0	0.0128328	-0.0941498	0.0244648
15	2	0.0131137	0.0139999	0.061386
16	2	0.0138274	0.0287399	0.0497998
17	2	0.0154462	0.0180821	0.0273857
18	2	0.0171677	0.0121077	0.031237
19	0	0.018119	0.0421695	0.0859275
20	2	0.0187428	-0.0337071	0.00146651
21	2	0.0194136	-0.0892844	0.0664737
22	2	0.0203592	0.021029	0.00526844
23	2	0.0231289	-0.051645	0.0131964
24	0	0.023485	-0.103708	0.105957
25	2	0.0239136	0.0527026	0.0912806
26	2	0.0267859	-0.0510046	0.032841
27	0	0.0269717	-0.0288082	0.0100182
28	0	0.0277118	-0.0464043	0.00907241
29	1	0.0299382	0.148054	0.0330364
30	2	0.0304763	-0.00423156	0.0591838
31	2	0.0333041	-0.0436519	0.0437594
32	0	0.0339078	0.0368214	0.0378365
33	1	0.0342546	0.0258477	0.0180541
34	2	0.0358385	-0.065919	0.0429595
35	0	0.0364675	0.0368829	0.046056
36	2	0.0375697	-0.0149996	0.0940826
37	2	0.0376088	0.0245022	0.0587103
38	0	0.037846	0.0410889	0.0452815
39	2	0.0401272	0.078963	0.0323124
40	2	0.0406257	0.0125398	0.000414151
41	0	0.0409658	-0.0475527	0.142768
42	0	0.0410763	0.0479107	0.0221482
43	2	0.0416547	-0.0426894	0.0946402
44	2	0.0419391	0.0640913	0.0233017
45	2	0.042692	0.00800653	0.0523945
46	2	0.0432963	-0.0166344	0.0424635
47	2	0.0442345	0.0242616	0.0171466
48	2	0.0456738	0.0406958	0.00157567
49	0	0.0466458	0.0748741	0.00163875
50	2	0.0466479	0.0341096	0.018652
51	0	0.0497913	0.0498039	0.0359879
52	0	0.050814	0.0326472	0.051308
53	1	0.0514993	-0.0945823	0.0224598
54	2	0.0549695	0.0483682	0.0118021
55	2	0.0551554	0.0171298	0.0575026
56	2	0.0562787	0.176376	0.0602203
57	0	0.0564808	0.0446946	0.0058148
58	2	0.0566874	0.0251892	0.0259135
59	0	0.0576588	0.034822	0.0507084
60	2	0.057696	0.0179932	0.105712
61	0	0.0579956	0.0125678	0.118437
62	0	0.0591991	0.0510689	0.135284
63	0	0.0599854	-0.0254688	0.0101096
64	2	0.0602109	-0.0584198	0.0872362
65	0	0.0612415	-0.10586	0.00917628
66	0	0.0616956	-0.220368	0.01678
67	0	0.0618567	-0.040161	0.091321
68	0	0.0621928	0.0159404	0.0336189
69	0	0.0642369	0.0111903	0.0641617
70	0	0.0644587	-0.0176757	0.0134691
71	1	0.0654123	0.0301508	0.0484172
72	1	0.0666911	-0.0253342	0.0140136
73	1	0.0669368	0.0280659	0.0628634
74	0	0.0674527	0.0119817	0.0454311
75	2	0.0679532	-0.0129235	0.053536
76	2	0.0706736	-0.0248674	0.0719719
77	1	0.0707496	-0.102328	0.036318
78	1	0.0717791	0.0256116	0.00836886
79	2	0.0737874	0.0790745	0.00762716
80	2	0.0738711	-0.0690912	0.0670916
81	1	0.0754028	-0.0504817	0.00428829
82	0	0.076254	-0.0455421	0.0163497
83	0	0.0770461	0.0153419	0.0221211
84	0	0.0776501	0.0492902	0.016533
85	0	0.0812516	0.0835084	0.00807992
86	0	0.0820371	0.0226111	0.0385642
87	0	0.0824884	0.0450085	0.0696103
88	1	0.0825301	0.0608163	0.0688848
89	0	0.0827233	0.0472253	0.0233976
90	0	0.0828619	0.0360732	0.0525961
91	0	0.0831864	-0.0238679	0.0813673
92	1	0.0836696	0.0264547	0.0273546
93	0	0.0842093	0.0436596	0.0480316
94	0	0.0845982	-0.0220864	0.0444489
95	2	0.0851831	0.0195863	0.0269019
96	1	0.0860181	0.136071	0.141544
97	2	0.0869961	0.0235363	0.0305211
98	1	0.0881247	-0.143384	0.0834901
99	2	0.0903045	-0.0305671	0.0104608
100	2	0.0903312	-0.0128579	0.00223986
101	0	0.090632	0.0374409	0.0343412
102	0	0.0922785	-0.111329	0.0591116
103	0	0.0948452	0.0750551	0.000765216
104	0	0.0993282	-0.0711917	0.00823194
105	1	0.102081	-0.0288496	0.123188
106	0	0.102587	0.0248476	0.00231953
107	2	0.1054	0.036272	0.0203445
108	2	0.106851	0.037458	0.0493437
109	0	0.10718	0.040671	0.0282719
110	0	0.107913	0.031113	0.0509183
111	0	0.109735	-0.0671293	0.0364561
112	2	0.109976	-0.0183153	0.0413459
113	0	0.11012	0.0232505	0.0435478
114	2	0.11166	0.0129301	0.0310732
115	2	0.111988	-0.0364352	0.00118477
116	0	0.113272	-0.0628616	0.0353991
117	2	0.114212	-0.0542448	0.0516799
118	0	0.114392	-0.0408927	0.172121
119	1	0.115076	0.0528276	0.0298557
120	0	0.115178	0.0542882	0.0402494
121	0	0.115518	0.0426924	0.060272
122	2	0.116249	-0.0392066	0.00303582
123	2	0.116265	0.0291913	0.0180766
124	0	0.118956	0.0154629	0.0717023
125	2	0.119422	-0.0252201	0.0576695
126	1	0.120258	-0.0226092	0.0606281
127	1	0.122347	0.098913	0.0138337
128	1	0.123134	-0.0457827	0.035971
129	2	0.124311	0.0398969	0.0750604
130	2	0.127012	0.0274817	0.0135694
131	2	0.127177	0.0240313	0.0245836
132	2	0.127386	-0.0499703	0.0219095
133	0	0.127857	-0.0395071	0.0241162
134	0	0.128057	-0.11752	0.0267243
135	2	0.128796	0.0274769	0.00987147
136	1	0.128892	-0.0853047	0.091878
137	0	0.129466	0.0314986	0.0169216
138	0	0.130424	0.0197987	0.0324954
139	1	0.131373	-0.0422112	0.0736463
140	1	0.132995	0.0710937	0.00883787
141	1	0.134279	-0.076152	0.143944
142	1	0.135326	-0.00754824	0.0150128
143	2	0.135348	0.102575	0.00527389
144	2	0.135507	0.0558054	0.0712867
145	1	0.136486	0.0333865	0.0341688
146	2	0.137922	-0.0140399	0.00489804
147	0	0.138082	-0.154532	0.0366691
148	0	0.140034	0.0330441	0.0331043
149	2	0.147658	-0.0168125	0.00912975
150	2	0.14818	-0.0634884	0.0571837
151	0	0.148507	-0.0385667	0.0535718
152	0	0.149064	-0.0222527	0.0734942
153	2	0.150575	0.0345282	0.0425844
154	0	0.150923	-0.0405094	0.0198178
155	0	0.152227	0.00283362	0.0468711
156	1	0.153133	-0.0256535	0.0647365
157	2	0.155003	0.0434376	0.0105064
158	0	0.157001	-0.0232521	0.0493001
159	2	0.159274	-0.0830639	0.00412208
160	0	0.165882	-0.0746001	0.0247426
161	0	0.166653	-0.0354766	0.0286688
162	0	0.166921	-0.0358252	0.030992
163	2	0.168273	0.0776913	0.00926141
164	0	0.171262	0.0389104	0.0162213
165	0	0.174762	0.00427904	0.0121792
166	0	0.174958	0.0182677	0.0269482
167	2	0.175784	-0.0424452	0.0106396
168	2	0.176639	-0.0285219	0.0334962
169	0	0.177685	0.036805	0.0185178
170	0	0.178035	-0.0309494	0.0274085
171	2	0.178412	-0.03771	0.00257937
172	1	0.179559	-0.108858	0.0274599
173	2	0.179757	-0.0241814	0.048438
174	1	0.181019	0.00918848	0.200797
175	2	0.182286	-0.0494581	0.0312507
176	1	0.183292	-0.0351255	0.124608
177	0	0.184377	0.0359687	0.0389759
178	0	0.185375	-0.0147325	0.0261964
179	0	0.185951	-0.0148412	0.0129842
180	2	0.186301	0.0478487	0.0190524
181	1	0.186392	-0.0437983	0.119282
182	0	0.186981	0.0904625	0.0275168
183	1	0.188532	0.0270576	0.0563464
184	2	0.190847	-0.134149	0.0407099
185	1	0.191681	-0.0271977	0.0150954
186	0	0.19277	-0.0201342	0.000667519
187	0	0.193452	0.048057	0.0421625
188	0	0.194097	-0.0685796	0.032748
189	2	0.194532	0.0852747	0.00778378
190	0	0.194798	0.0686	0.00957405
191	2	0.194925	-0.00952871	0.0620335
192	2	0.194981	0.0622523	0.000695928
193	2	0.195195	0.121094	0.00801701
194	2	0.195267	0.0482537	0.0378379
195	1	0.195344	0.122244	0.0604834
196	1	0.196712	-0.153481	0.0192284
197	0	0.196917	-0.0233439	0.0103837
198	2	0.197055	0.0357347	0.0292508
199	1	0.197403	0.0807045	0.00557702
200	2	0.198394	-0.0481757	0.0275178
201	1	0.198903	-0.0555507	0.0542169
202	2	0.199188	0.0409666	0.0944383
203	0	0.199272	0.00589898	0.0643952
204	2	0.200102	0.0597638	0.0561977
205	0	0.201651	-0.0496186	0.0128853
206	0	0.204269	-0.0322298	0.0547121
207	1	0.205026	-0.0263734	0.0665378
208	0	0.207929	-0.0374498	0.0437627
209	2	0.209898	-0.0453774	0.019179
210	2	0.210151	-0.0249848	0.0858716
211	1	0.212645	0.00613014	0.150469
212	2	0.213881	0.0182712	0.0257667
213	0	0.215002	-0.0498581	0.000250701
214	0	0.216229	-0.0208775	0.0549269
215	1	0.217873	-0.00937714	0.0517994
216	2	0.223889	-0.0106996	0.0255096
217	0	0.224384	0.00384797	0.0152506
218	1	0.227124	-0.0207666	0.0240573
219	0	0.229819	-0.0348791	0.00631296
220	2	0.229991	-0.0351515	0.0103497
221	2	0.230067	0.0529782	0.00759111
222	1	0.230895	0.0422889	0.0129888
223	0	0.233592	-0.071721	0.03098
224	0	0.233719	0.0935676	0.0150122
225	1	0.234995	0.0621075	0.0712896
226	0	0.235333	-0.0108366	0.0170402
227	2	0.235557	-0.0143539	0.0263709
228	0	0.237227	0.0711327	0.0830416
229	2	0.237286	0.0994951	0.00557956
230	2	0.238123	0.0603947	0.0122877
231	2	0.239948	0.025035	0.0505443
232	0	0.241318	-0.0965314	0.0123257
233	0	0.243354	0.0530214	0.0466563
234	1	0.24458	0.0686888	0.00666992
235	1	0.245074	0.0242437	0.0429315
236	2	0.246625	0.0257519	0.0256677
237	2	0.247595	-0.023678	0.0775152
238	1	0.247666	0.0667037	0.0215208
239	0	0.247766	0.0383315	0.0248243
240	0	0.248417	0.0182183	0.00455681
241	1	0.251019	-0.0199432	0.0297031
242	2	0.251131	0.0184668	0.019632
243	0	0.251972	-0.0135348	0.0837847
244	2	0.252212	0.101517	0.000788536
245	2	0.252226	-0.0200028	0.0505822
246	1	0.25268	0.0257873	0.0541755
247	0	0.25445	0.0215386	0.0404532
248	0	0.254846	0.0410157	0.0649123
249	0	0.255138	-0.0175513	0.0107743
250	1	0.255296	0.167995	0.178731
251	0	0.256533	-0.0735381	0.0838582
252	0	0.257143	-0.123971	0.0218403
253	2	0.258259	-0.0228199	0.0591974
254	2	0.260767	0.154952	0.0298672
255	2	0.262006	-0.0112861	0.0769889
256	0	0.263409	-0.0260682	0.138345
257	0	0.263618	0.0351277	0.0295452
258	0	0.263868	-0.0146173	0.0558887
259	1	0.264255	0.0861689	0.0732891
260	1	0.264623	0.119892	0.0126713
261	1	0.264734	-0.0655507	0.107346
262	2	0.265577	0.02246	0.0195665
263	2	0.266508	0.0520803	0.0527638
264	2	0.268625	0.073383	0.0534349
265	0	0.268807	0.0388357	0.0990234
266	0	0.271636	0.0670398	0.0414937
267	2	0.271713	0.101426	0.0561862
268	1	0.272106	0.0730043	0.103697
269	0	0.274145	-0.115257	0.0242961
270	0	0.275411	0.0443387	0.0176857
271	2	0.277267	-0.0301453	0.0196648
272	2	0.277822	-0.0175446	0.0725033
273	2	0.280397	-0.0492461	0.0303588
274	2	0.280652	-0.0280029	0.0438743
275	1	0.280913	0.0143036	0.0029602
276	1	0.281363	-0.0393175	0.0222058
277	0	0.284284	0.0322587	0.000352722
278	0	0.284574	0.164245	0.0685231
279	0	0.285532	-0.0307114	0.0762545
280	2	0.286892	0.0565456	0.080706
281	2	0.287309	-0.00843501	0.06573
282	0	0.287465	-0.0571812	0.00467024
283	0	0.287735	-0.0698583	0.0510379
284	0	0.288855	0.0223933	0.0351795
285	1	0.289134	0.0259668	0.0486199
286	1	0.289469	0.0765725	0.0673901
287	0	0.289546	-0.0153538	0.044909
288	0	0.289617	0.150066	0.0188155
289	2	0.290262	0.0590397	0.0243745
290	2	0.290803	0.0257111	0.0603765
291	1	0.291995	-0.0450929	0.0333765
292	0	0.29638	-0.0427524	0.049972
293	0	0.299091	-0.0318288	0.0278049
294	2	0.300219	0.0313238	0.036896
295	0	0.301443	-0.00901067	0.0480943
296	2	0.30199	0.0303129	0.0754846
297	1	0.30294	0.0986173	0.0584728
298	0	0.302959	-0.0438785	0.0295365
299	0	0.303432	-0.0166623	0.0541314
300	2	0.307913	-0.070081	0.00992829
301	0	0.308937	-0.00676188	0.0514395
302	0	0.310262	-0.0316373	0.0125704
303	1	0.311248	0.0716637	0.0114221
304	2	0.311364	0.0231833	0.0744119
305	2	0.312695	0.0382873	0.0282691
306	0	0.313038	0.043678	0.0328056
307	1	0.31323	0.0553081	0.148134
308	2	0.313998	0.0402059	0.010406
309	0	0.314015	0.0515386	0.00937393
310	2	0.317668	-0.0527099	0.130738
311	0	0.319834	-0.0447982	0.0374867
312	0	0.320009	0.026965	0.070305
313	0	0.321575	0.0433719	0.00630614
314	2	0.32187	0.015307	0.0236418
315	2	0.324701	-0.0303236	0.0226836
316	2	0.324958	0.0187986	0.0898114
317	0	0.325598	-0.0783012	0.056613
318	0	0.326577	0.0212454	0.00978391
319	2	0.332146	-0.0309918	0.0478628
320	1	0.332692	0.047821	0.0666942
321	2	0.333906	-0.0336744	0.0724247
322	0	0.334508	0.033695	0.0348477
323	2	0.3356	-0.0501482	0.0305275
324	2	0.336081	0.0276672	0.0491228
325	1	0.336596	-0.0346851	0.136332
326	1	0.337376	0.0340766	0.00255437
327	0	0.33883	-0.0883911	0.005612
328	2	0.33893	-0.0105449	0.0427279
329	2	0.339083	-0.0137484	0.0446693
330	1	0.34025	-0.00158904	0.153627
331	0	0.344353	-0.0255033	0.0573347
332	0	0.344821	-0.0288414	0.0765374
333	0	0.344937	0.0171706	0.00454814
334	2	0.346985	0.0502847	0.0191838
335	2	0.350241	0.0212006	0.000423454
336	0	0.350457	0.0209784	0.023018
337	0	0.35062	0.0691123	0.00610028
338	2	0.350691	-0.0407216	0.0181099
339	2	0.350847	0.0176716	0.00370523
340	2	0.350964	-0.0369373	0.0819926
341	0	0.35214	0.0856858	0.0358779
342	2	0.354526	-0.0587173	0.0141261
343	2	0.354761	0.0315875	0.0119923
344	0	0.356181	0.0590646	0.0791837
345	2	0.356361	0.0362101	0.0128126
346	1	0.356986	0.0270857	0.113787
347	2	0.35876	0.0354633	0.0193658
348	2	0.359593	-0.0274395	0.0282588
349	2	0.361752	0.0647606	0.0139743
350	2	0.361851	-0.0665052	0.054683
351	0	0.363904	-0.135408	0.0853351
352	1	0.364691	0.0391426	0.128382
353	2	0.365215	-0.0557186	0.00139783
354	2	0.365399	-0.0160128	0.0582783
355	2	0.365424	0.0771117	0.0534803
356	0	0.367382	0.0253421	0.0143899
357	1	0.368022	0.0190074	0.0779614
358	0	0.36821	-0.0186068	0.0400399
359	0	0.368705	-0.0230722	0.0620789
360	1	0.370384	0.00794255	0.0565271
361	0	0.370984	0.0214145	0.0257589
362	1	0.37144	-0.041062	0.0229002
363	1	0.373002	0.0199097	0.100089
364	0	0.373964	-0.0178136	0.0602068
365	2	0.374333	-0.0479265	0.0590156
366	2	0.374428	0.00861625	0.00844822
367	0	0.374578	0.0224655	0.0211515
368	2	0.375133	-0.0316356	0.0306969
369	1	0.375352	0.00641555	0.0919514
370	0	0.375636	0.0354909	0.0555826
371	2	0.375857	0.0833576	0.0699442
372	2	0.37962	0.03041	0.0144164
373	0	0.380717	0.0812453	0.0860629
374	0	0.3813	0.00632055	0.0197247
375	0	0.38152	0.138796	0.107125
376	2	0.381891	0.0286992	0.00146071
377	2	0.382027	0.0298374	0.0446092
378	0	0.383767	0.0039663	0.0124066
379	0	0.384945	0.0136831	0.109055
380	0	0.389056	0.00874553	0.0574208
381	2	0.389102	0.0602697	0.0220846
382	1	0.389377	0.0427679	0.000324548
383	1	0.389654	0.0249168	0.111957
384	2	0.389842	-0.0338445	0.0537694
385	1	0.39013	-0.0318655	0.0396547
386	0	0.390186	0.0156491	0.0297256
387	2	0.392037	-0.00082471	0.07117
388	2	0.392225	0.0185438	0.0790068
389	0	0.392614	-0.0395787	0.0420432
390	0	0.394139	-0.0731014	0.115538
391	1	0.395006	-0.0818174	0.178572
392	0	0.396853	0.0549064	0.00138739
393	0	0.402237	0.0225933	0.0179147
394	2	0.403057	0.0592492	0.0494465
395	0	0.404804	-0.0322765	0.0211508
396	0	0.405053	0.071935	0.0532878
397	2	0.405625	-0.0697819	0.0475194
398	1	0.407918	-0.0172643	0.0264875
399	2	0.408261	0.0101712	0.1277
400	1	0.40977	-0.05045	0.037217
401	0	0.410712	-0.0809278	0.00604939
402	2	0.411067	-0.017552	0.0999432
403	2	0.411894	-0.0655275	0.0788114
404	2	0.413377	0.0530362	0.0304368
405	2	0.415158	-0.00366439	0.0509898
406	0	0.417488	-0.0565973	0.0605052
407	0	0.417619	0.0174135	0.0201081
408	0	0.417777	-0.0667046	0.062506
409	2	0.418659	-0.0398367	0.10289
410	1	0.418839	-0.00781765	0.103765
411	0	0.419135	0.0118174	0.0678868
412	2	0.420769	-0.0119098	0.0436157
413	0	0.424834	-0.0507895	0.043992
414	0	0.425325	-0.0278699	0.0375474
415	2	0.42691	0.0124299	0.00400277
416	2	0.428052	-0.0598023	0.0346355
417	0	0.428164	-0.010946	0.000151546
418	0	0.428619	0.0657891	0.0613326
419	0	0.43006	-0.0529597	0.017381
420	2	0.431443	-0.0245134	0.0492376
421	0	0.431564	0.0361491	0.02311
422	0	0.432815	0.0366516	0.0568346
423	0	0.433371	-0.0114491	0.0097506
424	2	0.433701	-0.0249361	0.0580725
425	0	0.434294	-0.0114795	0.0475453
426	0	0.434897	-0.0180029	0.0323352
427	2	0.434965	-0.0603174	0.0624263
428	0	0.435615	0.0500344	0.0244038
429	0	0.438873	-0.0518454	0.0199855
430	2	0.442945	0.0731369	0.1312
431	0	0.443331	-0.0392659	0.0445432
432	0	0.443626	-0.0150422	0.0276345
433	0	0.445065	-0.0301023	0.0190065
434	2	0.445647	0.0701315	0.0568907
435	2	0.448702	0.0505583	0.0264627
436	1	0.450136	-0.0792118	0.12004
437	2	0.452524	0.0291692	0.0374268
438	1	0.453576	-0.0805444	0.0995006
439	0	0.454478	-0.0810273	0.0254922
440	2	0.456619	-0.0212229	0.00947598
441	0	0.457751	-0.0251434	0.0237412
442	1	0.45892	-0.101896	0.0744987
443	2	0.459413	0.0349247	0.0225037
444	0	0.459665	0.101152	0.012055
445	1	0.460516	-0.0636317	0.0924673
446	0	0.461288	0.066106	0.0248125
447	2	0.461534	-0.0613423	0.0619747
448	0	0.46179	0.0199553	0.00797556
449	0	0.462316	-0.00498624	0.0343464
450	2	0.463431	-0.0790915	0.0536284
451	2	0.463897	0.0785833	0.0425027
452	1	0.464457	0.0159911	0.0767187
453	0	0.464887	0.0418615	0.00423534
454	0	0.465316	-0.0216792	0.0318498
455	0	0.465766	0.0580828	0.103109
456	0	0.466676	0.0344575	0.00355036
457	2	0.468166	-0.0157111	0.145329
458	0	0.469272	-0.0244722	0.0467902
459	1	0.469646	0.123851	0.0738488
460	1	0.471055	0.075119	0.0719312
461	0	0.472061	0.0462925	0.0138006
462	0	0.474892	0.0139979	0.0851785
463	2	0.475597	0.00287118	0.04132
464	0	0.477999	-0.0678718	0.0170695
465	2	0.479071	0.0286089	0.00600462
466	1	0.47913	0.0829936	0.0772331
467	1	0.479609	0.046038	0.00351959
468	2	0.481311	0.0188928	0.0450397
469	0	0.483115	-0.0263234	0.0427952
470	2	0.483235	0.0217413	0.0631165
471	2	0.485644	-0.0163067	0.027566
472	2	0.486119	0.0184126	0.109295
473	2	0.486424	0.0328367	0.0203225
474	2	0.486446	-0.0450992	0.0124485
475	2	0.487251	0.0754234	0.0313963
476	2	0.489089	-0.0900977	0.059259
477	1	0.490168	0.0201358	0.0652021
478	0	0.491096	0.0975464	0.00275749
479	2	0.491923	-0.0367989	0.0873647
480	2	0.493469	0.0155286	0.0718437
481	2	0.49516	0.0227383	0.0897004
482	2	0.498274	0.00805319	0.0275624
483	1	0.498609	-0.0456355	0.0323464
484	0	0.49921	0.006175	0.0662944
485	2	0.500659	0.0321704	0.0356593
486	1	0.503137	0.0147336	0.138386
487	1	0.506916	-0.0213656	0.046763
488	0	0.506953	0.0313537	0.00352383
489	2	0.508089	-0.062456	0.0527328
490	0	0.510915	0.0460298	0.0831149
491	2	0.51184	0.0424832	0.0574474
492	2	0.512888	-0.0200338	0.0441394
493	0	0.514033	-0.0348689	0.0466743
494	2	0.514319	0.0140029	0.0424015
495	0	0.514507	0.108504	0.0497539
496	2	0.514984	-0.012535	0.036629
497	2	0.515627	-0.0367213	0.0120622
498	1	0.515929	0.00804235	0.0705642
499	0	0.515944	0.0102308	0.06601
500	2	0.517126	-0.0038816	0.0527201
501	0	0.517842	0.0293728	0.0648751
502	0	0.522083	0.0358249	0.0593658
503	1	0.522727	0.0359239	0.06025
504	1	0.52357	0.0522694	0.0289725
505	2	0.524371	-0.0803488	0.000681437
506	0	0.52449	-0.0141033	0.0348398
507	1	0.526016	-0.0926669	0.0718939
508	0	0.526672	-0.0366476	0.0121121
509	2	0.527188	-0.0613821	0.0580427
510	2	0.52747	-0.0162622	0.0855433
511	2	0.52892	0.0288365	0.0124334
512	0	0.53048	0.0332606	0.0507862
513	2	0.530768	0.116	0.0341873
514	2	0.531791	-0.0892667	0.0813713
515	2	0.532401	0.00825594	0.0544874
516	0	0.532923	-0.0275553	0.0255789
517	0	0.53319	-0.0112757	0.031172
518	1	0.533553	0.0561338	0.130397
519	0	0.535203	-0.0497735	0.0803309
520	2	0.537043	0.0363057	0.0769905
521	1	0.538138	0.0196462	0.0969274
522	0	0.540712	0.064728	0.0379034
523	1	0.540871	0.0967067	0.0646831
524	0	0.541096	0.0151121	0.0817396
525	0	0.541316	-0.0396436	0.0752315
526	0	0.54257	-0.0179699	0.0371958
527	1	0.54335	0.0563559	0.0253981
528	0	0.545289	-0.0443098	0.00764981
529	1	0.545796	-0.0801232	0.0608968
530	2	0.549394	-0.00772577	0.0350459
531	0	0.550858	-0.123206	0.00803385
532	2	0.550883	0.0378043	0.0832006
533	1	0.55152	0.0173544	0.0649524
534	1	0.55185	0.0804611	0.0265261
535	2	0.551941	-0.0197724	0.0688631
536	1	0.552888	0.0262612	0.0277159
537	2	0.555006	0.0669428	0.0297743
538	1	0.55562	-0.0503407	0.0847393
539	0	0.557277	-0.0780161	0.0591332
540	2	0.558036	0.0587136	0.0278212
541	2	0.559303	0.0352019	0.0817943
542	1	0.560561	-0.0667062	0.0144378
543	0	0.560655	-0.0173312	0.0207664
544	0	0.562968	0.0125475	0.0635206
545	0	0.564431	0.0463349	0.0615173
546	1	0.564644	0.0290367	0.0706855
547	1	0.564707	-0.00992821	0.0724383
548	0	0.565184	0.03764	0.00980389
549	0	0.565839	-0.0259088	0.0640129
550	0	0.567367	-0.0208558	0.0540856
551	1	0.567624	-0.0736148	0.145691
552	0	0.569574	0.0872353	0.0533059
553	0	0.571314	-0.0286532	0.0616833
554	2	0.571449	0.110326	0.0137217
555	0	0.572731	-0.0132858	0.080397
556	1	0.572995	0.135035	0.0531407
557	1	0.574657	0.108977	0.035505
558	0	0.575087	0.0164781	0.00124939
559	2	0.575343	0.0474491	0.012758
560	0	0.576191	0.02167	0.0344996
561	1	0.57747	0.0742875	0.0371994
562	2	0.577838	-0.0564931	0.0653584
563	1	0.577927	-0.0589341	0.0484337
564	0	0.579219	0.0140243	0.0541517
565	0	0.579375	-0.0503278	0.044709
566	1	0.579385	-0.0162093	0.0529894
567	2	0.580052	-0.0339953	0.0862606
568	0	0.581811	-0.028013	0.0895795
569	1	0.583516	0.0590734	0.00435203
570	0	0.586072	-0.0218949	0.023977
571	2	0.586166	-0.0570552	0.090822
572	2	0.586669	0.0520207	0.0429989
573	0	0.587617	-0.0335601	0.0782408
574	2	0.58785	-0.0927005	0.073037
575	2	0.588487	0.0211155	0.0064952
576	2	0.588645	-0.00663604	0.0210939
577	0	0.589118	-0.0390916	0.00900321
578	0	0.590504	-0.00921137	0.0444193
579	2	0.591282	0.0064906	0.0206278
580	0	0.591502	0.00628313	0.0120343
581	2	0.594019	0.0198916	0.00904629
582	2	0.594284	0.0285295	0.039536
583	0	0.595648	0.0259201	0.101709
584	2	0.5978	-0.0407175	0.0919803
585	1	0.59785	-0.163428	0.0487384
586	0	0.597857	0.066064	0.0462049
587	1	0.602285	-0.0283307	0.0476627
588	2	0.603354	0.0233117	0.00371995
589	0	0.603997	0.0362663	0.0434356
590	0	0.60433	0.0313185	0.0269137
591	2	0.60659	-0.0353386	0.0206351
592	0	0.610204	0.0530526	0.0380521
593	0	0.611608	-0.018315	0.00351474
594	1	0.615838	0.185155	0.0491303
595	0	0.616551	0.0660161	0.0175962
596	1	0.617438	-0.0627847	0.0806245
597	2	0.617789	0.0509449	0.0424573
598	2	0.618634	0.0279795	0.0383904
599	2	0.619298	-0.0584591	0.0588112
600	1	0.619385	0.0260648	0.117357
601	1	0.620672	0.0129548	0.0700494
602	2	0.62178	-0.048092	0.0188553
603	2	0.622615	0.0487924	0.0170895
604	0	0.624169	-0.0153362	0.0298616
605	2	0.626332	-0.0500886	0.0513042
606	2	0.628658	0.0233019	0.0241248
607	0	0.629231	-0.0390251	0.00509957
608	2	0.633846	-0.0836366	0.0323942
609	0	0.636975	-0.0614443	0.130113
610	0	0.639045	-0.035995	0.073033
611	2	0.639947	0.0668963	0.0321765
612	2	0.640556	0.071011	0.0623436
613	0	0.640892	-0.0334621	0.128551
614	0	0.641371	-0.0257108	0.0303129
615	1	0.641758	-0.0436704	0.0680932
616	0	0.641817	-0.0160569	0.0240451
617	2	0.641868	-0.0455425	0.0112937
618	2	0.644124	-0.0804743	0.0229748
619	1	0.64578	0.0634068	0.0029564
620	2	0.647233	0.12045	0.0465943
621	0	0.647892	0.0164733	0.0559322
622	1	0.648493	0.045762	0.0583039
623	1	0.648836	0.0366683	0.0645003
624	2	0.648901	0.0380838	0.0694021
625	2	0.650008	0.0229506	0.0321251
626	2	0.654695	0.0426031	0.0733674
627	0	0.654701	0.0424137	0.0688471
628	0	0.655203	-0.0155859	0.0358767
629	2	0.655375	-0.0106476	0.0285593
630	1	0.657494	0.040193	0.010624
631	2	0.657651	0.0605595	0.00456302
632	0	0.658561	0.0171231	0.0468582
633	1	0.660131	-0.0963558	0.0603032
634	1	0.660893	-0.0966311	0.0184713
635	2	0.660966	-0.0898291	0.0404476
636	0	0.661214	0.059396	0.0761482
637	0	0.661358	0.0436795	0.0887309
638	2	0.661854	0.0686699	0.0303739
639	2	0.665891	0.0479358	0.0675159
640	2	0.66688	-0.100513	0.0267781
641	0	0.669678	0.0264194	0.0874592
642	0	0.671515	-0.0801421	0.0452196
643	2	0.673342	0.0522725	0.0443202
644	0	0.67439	-0.0111259	0.00173821
645	0	0.675696	0.0684567	0.122451
646	0	0.6764	-0.0335149	0.0519452
647	1	0.677235	0.113667	0.0359062
648	2	0.677732	-0.0135941	0.0606355
649	0	0.678592	-0.0558068	0.0279077
650	0	0.67931	0.0224705	0.0297331
651	0	0.679506	-0.0673692	0.0646123
652	0	0.681834	-0.0197679	0.00601789
653	2	0.681945	-0.0166805	0.0411919
654	2	0.682681	0.0765522	0.0128711
655	0	0.685045	0.0979925	0.000497159
656	0	0.685664	0.0311529	0.0455995
657	2	0.6861	-0.0478836	0.0337302
658	2	0.686272	0.0380611	0.0319091
659	0	0.687953	-0.031529	0.0340328
660	2	0.688345	0.00822153	0.115732
661	1	0.689115	0.0995852	0.0931793
662	2	0.689206	-0.0721452	0.0472936
663	0	0.68973	-0.0409071	0.0646812
664	0	0.690139	-0.0161637	0.031258
665	0	0.691184	-0.0534696	0.00987816
666	0	0.69239	0.0603326	0.0619316
667	2	0.693187	-0.106427	0.00816828
668	2	0.693414	0.0585071	0.0996485
669	2	0.693482	-0.0465282	0.0888588
670	2	0.694577	0.0473083	0.0275158
671	0	0.694894	-0.0915454	0.0461864
672	1	0.697041	0.0382996	0.0825142
673	1	0.698221	-0.0963018	0.07346
674	0	0.698329	0.0978726	0.0529793
675	0	0.69933	0.0397277	0.0765971
676	0	0.701001	0.0148615	0.011033
677	0	0.701422	-0.0258435	0.0211961
678	1	0.702523	-0.0652068	0.0657503
679	0	0.702698	0.0498172	0.0232788
680	0	0.707001	0.0080642	0.00703657
681	2	0.707156	-0.0529444	0.0889531
682	0	0.711406	-0.0392635	0.00492846
683	0	0.711668	0.0200867	0.0202392
684	2	0.711851	-0.0650906	0.00991199
685	0	0.714295	-0.0430747	0.0264402
686	2	0.714461	-0.0176401	0.0200289
687	2	0.714605	0.0711054	0.0376195
688	2	0.715433	0.0364646	0.0574182
689	0	0.715587	0.0630061	0.0042789
690	2	0.716603	0.0655237	0.00675331
691	0	0.718197	0.0460073	0.0591175
692	2	0.718425	-0.0941889	0.0423614
693	0	0.719116	0.0048775	0.0998848
694	2	0.719346	0.0980838	0.0293885
695	0	0.723916	-0.08952	0.0652518
696	1	0.724394	0.0105883	0.12235
697	2	0.725049	-0.129581	0.0187726
698	2	0.727066	-0.0590405	0.0146952
699	0	0.727073	-0.0417846	0.0357497
700	0	0.727372	-0.0485868	0.0414158
701	2	0.727398	0.0654563	0.0860794
702	2	0.728873	-0.0443995	0.0515013
703	2	0.72906	0.011422	0.0472936
704	0	0.729138	-0.0406187	0.0138803
705	2	0.72979	0.0295941	0.0754963
706	2	0.730011	0.0354196	0.0202256
707	0	0.731244	0.0115559	0.0537869
708	0	0.731257	-0.0240753	0.0255496
709	2	0.731822	-0.0405781	0.0910982
710	1	0.732196	-0.06	0.0325016
711	0	0.732257	0.0167458	0.0571412
712	2	0.733611	0.0286476	0.0589116
713	0	0.733906	-0.0167184	0.0460329
714	2	0.734407	0.0435243	0.0772807
715	2	0.734788	-0.0104345	0.0365227
716	2	0.735326	-0.0203875	0.0595881
717	2	0.735848	0.00907045	0.0109577
718	2	0.737296	-0.0538652	0.0152995
719	1	0.738031	-0.048986	0.00838396
720	0	0.738966	0.0291756	0.0453517
721	0	0.739229	0.00428654	0.114405
722	1	0.73934	-0.102703	0.0490372
723	0	0.741408	-0.00895263	0.0499817
724	0	0.741732	0.021197	0.0582951
725	2	0.744113	-0.0328898	0.00817355
726	1	0.744991	0.0174757	0.0656446
727	2	0.745025	-0.0437135	0.0064699
728	1	0.745589	-0.122533	0.0692271
729	0	0.745791	-0.0293853	0.00694103
730	0	0.747484	0.0110939	0.0178781
731	1	0.747996	0.0576729	0.0613282
732	0	0.748746	-0.0888973	0.0274359
733	0	0.749107	0.0166311	0.0488151
734	2	0.749475	-0.0483356	0.0510926
735	0	0.749527	-0.0434013	0.0329364
736	2	0.750435	-0.0864418	0.0762608
737	2	0.750694	-0.0308128	0.0385617
738	1	0.751738	0.0448547	0.0130018
739	2	0.752353	0.0548648	0.0239129
740	1	0.75257	0.0280651	0.102361
741	1	0.755951	-0.0593071	0.123833
742	1	0.756328	-0.0479698	0.129181
743	2	0.756422	-0.0145658	0.0574982
744	2	0.757749	-0.112475	0.0126419
745	2	0.758875	-0.0748456	0.030528
746	2	0.759157	-0.0559493	0.00747917
747	2	0.759175	-0.00712661	0.0392152
748	0	0.762586	-0.00236107	0.036214
749	0	0.763827	-0.0153963	0.0129702
750	0	0.764568	-0.0306758	0.00124701
751	0	0.764702	-0.0163232	0.0438391
752	0	0.76598	0.0904188	0.00846912
753	0	0.76661	0.0487238	0.0177227
754	2	0.768393	0.0305339	0.0162991
755	0	0.768547	0.0160879	0.0314731
756	0	0.768962	-0.0650135	0.0534101
757	0	0.770923	0.0779639	0.0851399
758	2	0.771437	0.0420441	0.00657019
759	2	0.771836	0.018124	0.00659734
760	0	0.775998	-0.110028	0.0247559
761	2	0.777214	0.0743823	0.068724
762	2	0.777378	-0.00632349	0.0863541
763	2	0.778102	0.0343224	0.0149196
764	2	0.781367	-0.0807724	0.0218997
765	2	0.781706	-0.0332667	0.0357415
766	2	0.782445	0.054327	0.0972556
767	2	0.78291	-0.00562237	0.00402749
768	0	0.784432	-0.0234446	0.0797632
769	1	0.784961	-0.0972051	0.0377174
770	0	0.785416	0.0345388	0.0035631
771	0	0.785611	0.0431558	0.052447
772	0	0.785978	0.0254132	0.0339484
773	1	0.786655	-0.0640811	0.166475
774	2	0.787025	-0.0330753	0.00344734
775	1	0.787149	-0.0554302	0.0227547
776	2	0.788604	-0.0424311	0.0878041
777	0	0.790017	-0.0373909	0.00410721
778	2	0.790457	-0.0285519	0.07165
779	0	0.790488	0.0436951	0.0450184
780	2	0.790532	-0.0322253	0.0949567
781	2	0.791018	0.0470582	0.0285978
782	2	0.791867	0.076064	0.0245292
783	2	0.793126	-0.0333351	0.0154159
784	0	0.793857	0.00460359	0.104123
785	1	0.795024	-0.00638164	0.150251
786	1	0.79602	-0.0561646	0.0262443
787	2	0.796981	0.107867	0.028605
788	0	0.797968	0.0289774	0.0221791
789	2	0.798924	0.0475239	0.115953
790	1	0.800067	-0.0929745	0.0377134
791	0	0.801104	0.0180472	0.0252377
792	2	0.802196	-0.0088987	0.0237241
793	1	0.803202	0.0826904	0.0134755
794	0	0.804522	0.0114888	0.00705003
795	2	0.805111	-0.0699323	0.0403593
796	2	0.806656	0.0752081	0.0158
797	2	0.807614	-0.00408808	0.0201619
798	2	0.808814	0.0458486	0.0362505
799	2	0.810462	0.00537796	0.0340189
800	2	0.81059	-0.00641472	0.0408743
801	0	0.810596	-0.00150904	0.0196092
802	0	0.810616	0.045889	0.0352074
803	1	0.811822	-0.0956993	0.0120352
804	2	0.813966	0.0278192	0.0136238
805	0	0.814308	-0.122387	0.00971188
806	2	0.814457	-0.0722862	0.0299359
807	2	0.815219	0.00399564	0.0768932
808	0	0.81546	0.0365154	0.00616952
809	2	0.815795	0.0206078	0.0270887
810	1	0.816159	-0.0486892	0.0495424
811	0	0.816714	0.0751737	0.0584677
812	0	0.816872	-0.0223241	0.0138753
813	1	0.816945	-0.0391325	0.0184342
814	0	0.81745	0.0329187	0.000162013
815	0	0.818157	0.0143085	0.0249483
816	0	0.818367	0.0578286	0.00455166
817	1	0.819484	-0.0270293	0.0218977
818	2	0.819519	-0.0403339	0.105271
819	2	0.820118	-0.0182388	0.0145916
820	1	0.821007	0.132776	0.0436738
821	0	0.8212	-0.0196206	0.044801
822	1	0.82527	-0.0343685	0.0387856
823	1	0.825473	0.124949	0.0352862
824	0	0.827303	0.0643951	0.0322164
825	0	0.827522	-0.0480363	0.0482812
826	0	0.827813	-0.0287713	0.040534
827	2	0.830577	0.0975038	0.0406166
828	0	0.830884	0.0843642	0.0263182
829	2	0.831127	0.0283057	0.00858917
830	1	0.831256	-0.0619223	0.0367572
831	0	0.831591	0.0838173	0.0468777
832	2	0.832478	0.0581046	0.0557378
833	0	0.834018	0.0592272	0.0019958
834	2	0.837065	-0.0875601	0.0371607
835	1	0.837145	-0.0237917	0.0312035
836	0	0.837333	-0.0514807	0.0878262
837	0	0.8378	-0.0270636	0.0358436
838	2	0.838637	-0.0352203	0.00862522
839	1	0.839185	-0.0728082	0.0122315
840	2	0.840121	0.0119301	0.0117965
841	0	0.841235	0.0213519	0.0709951
842	0	0.841725	-0.0161005	0.0171206
843	0	0.844027	0.0085124	0.0248116
844	0	0.847311	-0.0299828	0.066773
845	2	0.8481	-0.0143128	0.102776
846	0	0.850345	0.036122	0.0611454
847	1	0.851311	-0.0477894	0.0666121
848	2	0.851508	0.0706963	0.0258602
849	0	0.851777	-0.016652	0.0180041
850	2	0.852563	0.040149	0.049545
851	1	0.85269	-0.0839971	0.0181621
852	0	0.853153	0.0321929	0.104966
853	0	0.854029	0.0153299	0.0741966
854	2	0.856089	-0.0254961	0.0463804
855	0	0.857326	0.0626979	0.0494136
856	2	0.860406	0.104712	0.0135696
857	0	0.860852	0.0299477	0.0232761
858	2	0.861802	-0.0476798	0.00203532
859	0	0.862051	-0.00576171	0.0596994
860	1	0.862647	-0.0246724	0.0531661
861	2	0.862854	-0.066052	0.0433659
862	1	0.86526	0.0185682	0.0546558
863	1	0.867979	0.0129593	0.0202179
864	1	0.871033	-0.203911	0.00705388
865	1	0.873758	0.154723	0.0699898
866	0	0.874371	-0.053042	0.0165003
867	2	0.875235	-0.0242349	0.0159886
868	1	0.877413	0.0769729	0.047981
869	2	0.877646	0.0125853	0.0636806
870	1	0.878854	-0.065268	0.0546189
871	2	0.878929	0.0263631	0.0560988
872	2	0.880694	0.057903	0.0514432
873	0	0.880817	0.0343176	0.0175474
874	0	0.881781	0.0315827	0.0329675
875	2	0.887314	-0.0328237	0.00209878
876	0	0.889223	-0.0696517	0.0685996
877	2	0.891055	0.0540122	0.0418038
878	2	0.892073	-0.0130598	0.0548923
879	2	0.893282	0.0866179	0.0396081
880	2	0.894676	0.00574946	0.0205998
881	2	0.894933	-0.0168097	0.00223353
882	0	0.898253	0.00523973	0.00879345
883	1	0.899048	0.00271939	0.0243876
884	0	0.899564	0.00865996	0.0364092
885	1	0.900089	0.0978696	0.000519899
886	0	0.901513	0.0563886	0.031868
887	2	0.903527	-0.0556168	0.0354101
888	2	0.904635	-0.0218199	0.0961086
889	0	0.90473	0.0319058	0.0768089
890	0	0.906434	-0.0228094	0.0421891
891	1	0.907256	-0.0236235	0.0511957
892	0	0.907338	0.0212756	0.0307823
893	2	0.9084	0.0182177	0.108459
894	2	0.909069	-0.0326392	0.0589146
895	2	0.909355	0.0199181	0.027855
896	1	0.910348	0.0467102	0.00449259
897	2	0.911331	-0.0188009	0.0394591
898	1	0.9114	-0.0428161	0.0236958
899	0	0.91159	-0.01487	0.00136213
900	0	0.913159	0.0131593	0.0699023
901	0	0.914122	-0.0291592	0.0799332
902	0	0.914178	0.0478143	0.0310541
903	2	0.914598	0.0468127	0.0177082
904	0	0.91629	-0.0466265	0.0277962
905	1	0.916778	0.0573708	0.00385059
906	1	0.917899	0.00466422	0.0665751
907	0	0.919971	0.0829087	0.0469427
908	2	0.92029	-0.0212581	0.0256515
909	0	0.920889	-0.00571886	0.0549724
910	0	0.922563	-0.0275645	0.0124899
911	1	0.922797	-0.052839	0.0520088
912	0	0.924596	0.00410098	0.0222056
913	2	0.925613	0.0383649	0.0397855
914	2	0.925696	0.040509	0.0283543
915	0	0.927511	0.0090266	0.0590172
916	2	0.928492	0.00836177	0.0426991
917	2	0.929263	0.0976644	0.0490121
918	0	0.930015	-0.0734308	0.0224032
919	2	0.933842	0.0338355	0.040941
920	0	0.93387	0.0472631	0.0316662
921	2	0.934833	0.0326492	0.0899961
922	1	0.935675	0.0254434	0.0832356
923	0	0.936708	0.0715506	0.0667168
924	1	0.938496	0.192089	0.0132787
925	2	0.943989	-0.0153236	0.029364
926	2	0.944023	-0.0129214	0.017574
927	1	0.946652	0.008037	0.0242662
928	1	0.946773	0.0216781	0.000191606
929	0	0.948337	-0.0152024	0.0284947
930	2	0.949263	0.0414064	0.0281531
931	2	0.949668	0.0343266	0.0193623
932	2	0.949729	0.0297998	0.0590594
933	1	0.952988	-0.0662703	0.00434032
934	1	0.953524	-0.0824489	0.0292059
935	2	0.95353	0.0361432	0.0622729
936	2	0.953767	0.0263564	0.0466773
937	0	0.953898	-0.0674082	0.00594714
938	2	0.955017	-0.0116756	0.0104212
939	0	0.955038	-0.0409102	0.0659438
940	0	0.956673	0.0277774	0.0559238
941	0	0.958207	-0.0451536	0.0782939
942	0	0.958264	0.0189705	0.004329
943	1	0.958617	-0.0399275	0.0305738
944	2	0.962373	0.0155618	0.0176471
945	2	0.962923	0.0454782	0.0321133
946	2	0.965731	-0.0314513	0.0119
947	1	0.966556	-0.0227143	0.0356009
948	1	0.966564	-0.0316556	0.00960929
949	1	0.967284	-0.0436094	0.110957
950	1	0.967809	-0.164507	0.0114681
951	2	0.968161	-0.00750712	0.0117235
952	1	0.968495	0.0301205	0.0805919
953	0	0.969136	0.0490875	0.0345465
954	0	0.969816	0.0354384	0.0260193
955	2	0.970047	0.020492	0.0204245
956	2	0.970055	0.0129917	0.00244727
957	2	0.971341	-0.0284201	0.0321934
958	2	0.971592	-0.0257683	0.0143138
959	1	0.972	-0.00157509	0.0969524
960	2	0.972245	0.0109685	0.0429156
961	0	0.972361	-0.0157807	0.00545645
962	0	0.972983	0.0193705	0.0702362
963	1	0.973618	-0.0331531	0.0239753
964	2	0.974551	0.0347588	0.119399
965	0	0.974838	0.0235704	0.0230707
966	2	0.974968	0.0541442	0.0438849
967	0	0.975097	-0.0256797	0.112238
968	0	0.976154	-0.0281726	0.0435448
969	1	0.977423	-0.0715461	0.0170219
970	0	0.977788	-0.0471848	0.0734141
971	0	0.980626	0.0261603	0.0801059
972	0	0.982035	-0.0359421	0.031602
973	0	0.982587	-0.0275624	0.0387342
974	0	0.983142	0.00818221	0.0420169
975	1	0.983572	0.0423287	0.0577773
976	1	0.983594	0.0260039	0.132334
977	0	0.983905	-0.0229785	0.0593569
978	2	0.984538	0.0507979	0.0725887
979	0	0.984759	-0.0409444	0.0370978
980	2	0.985463	-0.054646	0.0221433
981	2	0.985583	-0.0149082	0.0893054
982	2	0.985878	-0.0357284	0.0174761
983	2	0.986942	0.0281836	0.110777
984	2	0.986993	-0.0458773	0.044328
985	0	0.987696	0.0314795	0.0236616
986	2	0.987895	-0.00957869	0.0577014
987	0	0.9887	-0.00725969	0.00920929
988	1	0.98963	0.0349825	0.0374136
989	2	0.990103	-0.0448414	0.0336131
990	0	0.990392	0.0837762	0.0486337
991	1	0.991097	-0.0788568	0.0823275
992	2	0.99119	-0.0419108	0.0175615
993	1	0.992254	0.0610815	0.000438223
994	2	0.993996	0.0183934	0.0843295
995	1	0.994083	0.0758717	0.0181029
996	2	0.995415	-0.0593797	0.0302406
997	2	0.995689	0.0724558	0.0129374
998	1	0.996511	0.0580304	0.0765575
999	2	0.998092	-0.0229517	0.0178702
7	755	0.0275645
7	593	-0.0189158
7	109	-0.0145438
11	676	0.0412896
11	186	-0.0231393
11	464	0.0264051
11	90	-0.0236922
11	704	-0.0169847
11	203	0.0319434
11	552	0.0175869
11	164	0.00681149
11	317	-0.019012
11	564	0.0461898
11	821	-0.0219473
11	909	-0.0116042
11	461	-0.0199697
11	85	0.0205538
11	233	0.0294566
11	675	-0.0565384
11	374	0.0190995
11	249	-0.0217314
11	396	0.0123248
11	179	0.0124564
11	28	-0.0160713
11	645	0.0412803
11	720	-0.0297549
14	27	0.0123439
14	57	0.0415017
14	84	-0.0270202
14	270	-0.0243604
14	170	0.0466955
14	929	-0.0217883
19	777	-0.0180505
19	217	0.0273143
27	164	0.0436714
27	664	0.0222525
27	837	-0.0196224
27	499	-0.0368791
27	138	-0.014178
33	742	0.0406316
38	52	0.0500389
41	755	0.0206166
41	121	-0.0325151
41	378	-0.0209852
41	341	0.0196356
41	287	-0.013198
42	464	-0.0275013
42	682	0.0215287
42	565	0.0206144
42	379	-0.0349704
42	205	0.0155236
42	101	-0.0179953
42	306	0.0226165
42	805	0.0252195
42	506	-0.0278993
42	525	-0.04273
42	768	0.0244589
42	461	-0.0331523
42	93	0.0331076
42	432	-0.0542501
49	7	0.0305463
49	278	0.0227367
49	757	0.0205026
49	886	0.0163725
51	63	-0.0376494
51	102	-0.00958992
51	19	0.0167014
51	768	-0.0268928
57	519	0.0198727
57	524	0.0279331
59	182	-0.0324309
59	164	-0.030983
59	595	-0.0285643
59	656	0.0372723
59	610	-0.0230233
61	91	-0.0290242
61	508	0.0260572
61	901	-0.0332899
61	358	0.0328275
63	287	0.014073
69	295	0.0270202
69	713	0.0159067
69	977	0.0181875
69	613	0.0362915
69	892	0.0143555
69	292	-0.0235118
69	161	0.0139069
69	299	-0.0141815
69	169	-0.0282715
69	636	0.0468888
69	134	-0.0161844
69	351	0.035663
73	728	-0.0626787
73	950	0.0229399
73	438	0.0320979
77	145	0.031597
77	362	-0.0416519
77	483	0.0356255
77	307	-0.0410266
77	503	-0.0339277
77	174	-0.049952
77	250	-0.0464978
77	623	0.0335074
77	363	-0.0228982
77	557	-0.0854044
77	775	-0.107532
77	947	-0.0299748
77	933	0.0629604
77	523	0.0221855
77	398	0.0459291
77	234	0.0425282
77	547	0.0456828
77	556	-0.0488223
77	533	-0.0160297
77	820	-0.050437
77	769	0.0642786
77	369	-0.0131325
77	546	0.0183012
77	72	0.0244211
77	529	-0.0296067
77	527	-0.0342952
77	141	0.0325261
77	195	-0.0509346
77	238	-0.0847527
77	673	0.0277314
77	536	-0.0430219
77	360	-0.0527359
77	126	0.0186096
77	594	-0.0186662
84	548	-0.0427185
85	965	0.0197134
86	539	-0.0524344
87	392	0.0533208
90	682	0.0103963
90	920	-0.0180164
90	66	-0.0137808
91	664	-0.0460188
91	940	-0.00730856
91	109	0.0408198
91	247	0.0327434
96	385	-0.0332009
96	803	-0.0121225
101	57	-0.0163826
101	826	0.0350679
101	708	0.0266449
101	953	-0.0406878
102	456	-0.0294039
102	621	-0.0190003
103	733	-0.0342498
103	837	-0.0408263
103	892	0.0230659
103	111	0.0166462
103	732	-0.0246958
109	118	0.0289907
110	41	-0.0350984
110	552	-0.0418631
110	178	0.0202543
110	68	-0.0259184
110	502	-0.0215061
110	469	0.0360334
110	756	0.0308228
110	219	0.0214687
110	855	0.0143601
110	677	-0.0124821
111	359	-0.0292356
113	721	0.00546237
113	772	0.014733
113	652	0.0282327
113	890	-0.0366242
113	188	-0.0357106
113	649	0.0135962
116	876	-0.0322895
119	722	0.0187982
119	297	0.0511917
119	275	-0.0509503
120	918	-0.0219742
120	68	0.0263397
120	985	0.0287939
120	886	0.0481567
133	428	0.0515425
133	805	0.0114481
133	406	0.0260233
133	650	-0.0465092
133	824	-0.038951
133	614	-0.0243102
134	124	0.0239299
136	943	-0.041277
136	863	-0.0845048
136	29	0.0427507
136	352	0.0360118
137	519	0.0285589
140	459	-0.0603652
142	211	-0.0479453
142	533	0.0387719
142	542	-0.0293289
142	862	0.0253106
142	529	0.0757368
145	362	-0.0219941
145	483	-0.047131
145	507	-0.0190726
145	741	-0.0569393
145	174	-0.0129068
145	235	0.0322059
145	924	-0.0489619
145	719	0.0414598
145	250	0.051609
145	325	-0.0397221
145	363	0.069423
145	222	-0.0706256
145	775	0.0263194
145	947	-0.0373891
145	896	0.00992224
145	710	0.0457344
145	943	0.0471019
145	928	-0.0279335
145	181	0.0914521
145	868	-0.0183377
145	391	0.0244138
145	96	-0.0281869
145	773	-0.0164351
145	922	0.0264823
145	452	0.0394217
145	883	-0.0250999
145	141	-0.036739
145	950	-0.0245185
145	813	-0.0334866
145	201	-0.0412766
145	477	-0.0543844
145	92	0.0601729
148	484	0.0207859
148	110	-0.0698363
148	968	0.0369567
148	586	-0.0354725
148	27	-0.028934
148	133	-0.0191682
148	428	0.0491249
148	63	0.0350115
148	808	-0.0304005
148	421	-0.0357389
148	111	-0.0195062
148	973	0.0427347
148	8	-0.0258736
148	689	0.0149774
148	407	0.00773333
151	120	0.0147258
151	265	0.0233875
151	190	0.0252462
151	909	0.038179
151	695	-0.0221403
151	519	0.0228799
151	665	-0.0314268
151	277	-0.0190089
151	752	0.0266384
151	240	-0.00430248
156	891	-0.0281083
158	295	0.0177622
158	841	-0.0240943
158	57	-0.0453656
158	589	-0.0314358
158	733	-0.00993077
158	941	-0.0427181
158	512	-0.0394726
158	882	-0.0264628
158	282	0.0324964
158	94	-0.0318164
161	155	-0.0218912
164	248	-0.0181514
164	419	0.0249488
164	67	0.0268298
165	38	0.0325707
165	939	-0.0310026
169	711	0.0271058
174	898	-0.024954
174	410	-0.0522123
174	185	0.0355229
174	993	-0.0413452
174	696	0.0314958
174	934	0.0405503
174	195	-0.0401062
174	477	0.0111424
174	357	-0.0381627
174	969	-0.0425866
181	527	0.0552962
181	276	0.0270676
182	516	-0.0874812
185	822	-0.0259466
185	241	0.0307215
185	600	0.0501248
186	464	-0.0226841
186	90	-0.0372512
186	187	0.0562497
186	120	-0.0175453
186	265	0.0354438
186	627	0.0608078
186	7	-0.0146982
186	545	0.0125357
186	609	0.034408
186	659	-0.0468816
186	266	-0.0207749
186	942	0.0357344
186	685	-0.0161815
187	414	-0.0423425
187	874	-0.0179824
187	671	-0.0373849
188	560	-0.0183933
188	750	0.0225302
197	580	-0.0168043
197	589	0.0456979
197	63	-0.0333323
197	771	0.0486371
197	923	0.0557744
197	849	-0.0114326
203	49	-0.0149329
203	516	-0.025136
203	695	0.043685
203	700	0.0203616
205	768	0.0160481
205	454	0.0349259
205	232	-0.0416095
205	299	-0.0297606
206	679	-0.0285003
211	773	-0.0209149
214	812	-0.00991815
214	577	0.0275977
214	691	0.0329626
214	11	-0.0497669
214	723	0.00995682
214	831	0.0163849
214	748	0.03651
214	148	-0.0112261
214	69	-0.017057
214	309	-0.02425
214	110	0.0168902
214	367	0.017209
214	844	-0.0533854
214	841	-0.0470493
214	578	0.00819626
214	586	0.0323104
214	713	0.0400567
214	735	0.0296823
214	228	0.0135029
214	182	-0.01489
214	203	0.0361556
214	49	0.0223645
214	306	-0.0213027
214	544	0.0280251
214	760	0.0188301
214	178	-0.00846278
214	389	0.0328343
214	545	0.0369679
214	652	-0.0291268
214	650	-0.029913
214	909	0.032989
214	251	-0.0227454
214	161	-0.0367772
214	593	-0.0276563
214	137	0.055639
214	707	-0.0348434
214	954	0.0215377
214	953	-0.038844
214	970	-0.0235313
214	628	-0.0156264
214	38	0.0390764
214	973	0.0266121
214	411	-0.0174058
214	458	0.0112301
214	344	-0.0262986
214	524	-0.0429189
214	356	0.0142386
214	152	-0.0419166
222	710	0.0441716
222	534	0.0525545
222	142	-0.0532224
222	391	0.0694903
222	72	0.016978
222	740	-0.0591996
222	487	0.0423401
223	760	0.0261203
223	671	-0.0276532
223	462	0.023349
228	826	0.0294656
228	444	-0.0401425
228	794	-0.0239349
228	674	-0.0177824
228	258	0.0209451
232	644	-0.0209536
232	333	-0.0210012
234	246	0.0453491
234	622	-0.049961
234	53	-0.0414388
234	963	0.023618
235	557	0.0774617
235	466	-0.0273085
235	523	0.0340875
235	398	0.0140983
235	928	0.065155
235	556	-0.0234528
235	927	0.0467237
235	96	0.0189466
235	538	-0.0541009
235	600	-0.0314124
235	566	-0.0264225
239	941	-0.02564
239	425	0.0361133
241	952	-0.0480709
243	901	-0.0636517
246	72	-0.0315231
246	357	0.0519212
248	592	-0.0442891
248	699	0.00945219
250	557	-0.0344941
250	898	0.0276599
250	678	0.0329428
250	860	-0.0121577
250	710	-0.0374481
250	927	-0.0300992
250	185	0.0307968
250	445	-0.0800882
250	260	-0.0369831
250	864	0.0532475
256	568	-0.0225331
259	741	0.039433
259	503	-0.0331654
259	174	-0.0884219
259	719	-0.0513257
259	623	-0.0388578
259	933	0.0275042
259	898	-0.0643388
259	534	-0.0364039
259	142	-0.0294397
259	498	0.0258024
259	73	0.0257532
259	218	-0.0439808
259	285	0.0455932
259	830	0.0326516
259	596	-0.0462315
259	261	0.0460099
259	225	-0.0394676
260	630	-0.0402214
265	65	0.0222739
265	441	0.0181855
265	344	-0.00919174
265	160	-0.0178914
269	665	0.0168626
278	729	0.0292071
279	843	0.0123609
279	456	0.0152539
279	607	-0.022819
285	839	0.0497036
285	561	0.0219104
285	207	-0.0484177
295	846	0.0200977
295	940	-0.0218274
295	821	0.024789
295	923	0.0195928
295	824	0.0134653
295	610	0.021154
295	549	0.0289584
302	11	-0.013608
302	676	0.00996435
302	723	-0.0189908
302	158	0.0284964
302	968	0.0406927
302	751	-0.00801562
302	14	0.00708186
302	828	-0.0532916
302	187	-0.0297188
302	904	0.0384487
302	683	0.0701862
302	7	-0.0163781
302	564	0.0189367
302	103	0.0320676
302	456	0.0437559
302	808	0.0149036
302	517	0.0447118
302	814	-0.0117203
302	707	-0.0260421
302	84	0.0244111
302	882	-0.00987119
302	499	0.0142496
302	607	0.0202141
302	116	-0.0349773
302	257	0.041083
302	104	-0.0316037
302	70	-0.0500587
303	183	0.0631899
306	708	0.0561019
306	970	0.0307361
307	259	0.0223575
307	998	0.0207415
307	363	0.0346899
307	975	0.0662039
307	498	0.0315438
307	556	-0.0466376
307	246	-0.0377378
307	326	-0.0298518
307	181	0.0189113
307	769	-0.0292666
307	934	0.0346724
307	911	-0.0390133
307	630	0.0326626
307	661	-0.0673785
307	672	-0.0354722
307	885	0.035399
307	785	-0.0583317
307	183	-0.0405659
307	566	-0.0261338
307	268	-0.0468193
309	367	0.025976
309	295	0.0307738
309	666	-0.0433553
309	604	0.0557277
309	265	0.041425
309	704	-0.0362375
309	41	0.0563973
309	182	0.0568533
309	178	-0.0500741
309	86	-0.0299506
309	256	-0.0172937
309	974	-0.0460105
309	333	-0.0304195
311	61	0.0334977
311	528	-0.0365606
311	852	0.0118226
311	757	-0.0295101
311	292	-0.0351216
311	853	0.0292156
311	815	0.0376854
312	228	-0.0224792
312	41	-0.022425
312	544	-0.0356527
312	772	0.0216574
312	811	0.00989381
312	756	0.0275893
312	488	-0.0171145
312	836	0.0211592
313	729	0.0318689
313	791	-0.0465905
317	61	-0.0148161
317	121	0.0379072
317	609	0.0263977
317	636	-0.0351749
318	779	-0.015271
318	642	0.0199733
318	116	-0.0385711
322	689	0.0352481
325	943	0.0160059
325	769	-0.0449676
325	546	-0.0345626
325	487	0.0318933
325	196	-0.0284338
325	127	-0.0355927
326	728	0.0939334
330	246	-0.0170637
330	542	-0.041573
330	862	-0.0380978
330	445	0.0276677
330	286	-0.0619337
341	8	-0.0592036
361	812	-0.0151431
361	577	-0.0102128
361	691	0.0133808
361	302	-0.0414926
361	676	-0.0203044
361	723	0.0325848
361	962	0.0151291
361	831	-0.0584348
361	186	0.0170675
361	69	-0.0318217
361	751	0.0178219
361	841	-0.00843206
361	604	0.00739735
361	586	0.0270049
361	90	-0.0195912
361	120	0.0460384
361	265	-0.0333635
361	311	-0.0284186
361	682	-0.0337931
361	565	0.0429125
361	825	0.0289014
361	552	-0.0205666
361	306	0.0399857
361	7	-0.0295311
361	57	-0.046587
361	826	-0.0340611
361	755	0.0176332
361	63	-0.00815774
361	239	-0.0555673
361	595	-0.0245383
361	248	0.0431294
361	375	-0.0551244
361	909	0.027373
361	454	0.0263038
361	359	-0.0140091
361	87	-0.0348366
361	695	-0.0499927
361	512	-0.0129776
361	243	0.0294661
361	419	-0.0240207
361	859	0.0328007
361	568	0.0199059
361	886	-0.0392829
361	247	0.0271913
361	177	0.016229
361	364	0.0311245
362	483	-0.0393437
362	741	0.0317251
362	924	-0.0550767
362	998	0.0278832
362	222	-0.0478573
362	136	-0.0732781
362	234	-0.0485925
362	211	-0.0243506
362	326	-0.0396211
362	993	0.0330377
362	822	-0.0340873
362	830	0.0361119
362	369	-0.129544
362	696	0.0275541
362	934	0.0323599
362	851	-0.023186
362	922	0.0567898
362	521	-0.025818
362	949	0.0250353
362	885	-0.0391572
362	33	-0.032007
362	810	0.0187975
362	71	0.0730473
362	105	-0.0363823
362	385	0.0267939
362	88	0.0326044
362	847	-0.0218199
363	557	0.0369625
363	928	0.0582045
363	533	0.0320185
363	728	-0.0484279
363	303	0.0625959
363	460	-0.046826
363	864	0.0509596
367	578	-0.0230483
367	59	0.0510864
367	828	0.0524699
367	370	-0.0433234
367	771	-0.0417558
367	890	-0.0788335
367	87	-0.0428264
367	874	0.0264333
367	752	-0.0335395
367	413	0.0234134
369	542	0.0440086
369	88	-0.0550063
370	190	0.0452853
370	680	0.0217346
370	124	0.0226016
370	106	0.0449907
373	650	-0.0280113
373	609	0.044619
373	68	0.0522144
373	249	-0.016746
375	359	0.0400353
375	299	-0.0148946
375	206	0.0238263
375	889	-0.0373823
378	134	-0.021428
378	418	0.0158481
379	721	-0.0345932
379	247	0.0419672
379	526	0.0120086
379	637	0.0256769
386	455	-0.0269202
389	628	0.0403935
389	418	-0.0106788
391	452	0.0436758
392	987	-0.0269204
393	14	0.0322721
393	414	0.0186705
393	721	0.0208336
393	49	-0.0192371
393	223	-0.0421096
393	370	0.0564336
393	842	0.0192436
393	219	0.0291708
393	165	0.0266105
393	490	-0.0278689
393	501	-0.0152377
393	154	-0.0343423
393	258	0.0309019
393	907	0.0176568
393	655	0.0146987
396	788	-0.0419463
398	868	-0.0427547
398	261	0.0499744
398	291	-0.0244728
398	976	0.0544785
406	313	0.0414175
406	711	0.0221268
406	674	-0.0377118
408	214	0.0181057
408	361	-0.0212728
408	812	0.0304811
408	577	0.0472092
408	691	0.0159787
408	962	-0.0183399
408	831	-0.0104275
408	393	-0.030304
408	967	0.0379632
408	570	0.0152076
408	968	0.0311997
408	844	-0.0303239
408	713	-0.0156054
408	27	-0.0275685
408	187	-0.0114645
408	414	0.0364591
408	379	0.0185643
408	641	-0.0462259
408	203	-0.0282628
408	205	-0.0220224
408	101	-0.0258655
408	580	-0.0376281
408	317	0.0228737
408	51	-0.0372443
408	444	0.0371742
408	543	0.0331223
408	508	-0.0216782
408	733	-0.0277759
408	525	-0.0493618
408	652	0.0300851
408	89	-0.0337255
408	86	-0.0198983
408	454	-0.0193195
408	85	0.042592
408	269	-0.0492443
408	421	-0.0307246
408	251	-0.0357075
408	517	0.034559
408	256	0.0260881
408	663	0.0229222
408	873	0.0261046
408	118	0.0353774
408	249	0.0256333
408	266	-0.0493145
408	642	-0.0406146
408	337	0.0524702
408	753	0.017365
408	270	0.0483025
408	52	0.0176965
408	65	0.0312962
408	413	0.0157882
408	791	-0.0305344
408	526	-0.0452852
408	621	0.0376656
408	550	-0.0461952
410	201	-0.0125631
410	786	-0.0333495
410	275	0.0331354
410	647	-0.0457778
410	906	-0.0581244
414	641	0.025818
414	190	0.0381155
414	837	0.0189767
414	519	0.0185113
414	499	-0.0193602
419	283	-0.0266398
421	711	0.0185177
428	558	-0.0375944
431	147	-0.0251276
433	411	0.0289888
436	119	-0.0308251
436	33	0.0217158
436	268	-0.0416508
444	555	0.02583
445	459	-0.0470545
452	199	0.0673428
456	646	-0.0219781
460	438	-0.0327519
461	842	0.0201936
461	642	0.0250727
464	967	0.0219415
464	844	0.0173593
464	751	0.0156107
464	187	0.0604865
464	182	-0.0201299
464	197	0.00914458
464	721	0.0498434
464	772	-0.0419212
464	502	-0.0286457
464	912	0.0252309
464	855	-0.0402931
464	970	0.0404417
466	136	-0.0245311
466	486	0.0269963
466	868	-0.0468716
466	587	0.0408532
466	991	0.0397304
466	634	0.0582402
467	820	-0.044713
467	320	0.0215379
467	297	0.03449
467	865	-0.0594497
483	507	0.0270796
483	741	0.0278267
483	503	0.0241909
483	924	-0.0386756
483	998	-0.0634571
483	325	0.0328583
483	363	0.0398266
483	557	-0.0746131
483	466	-0.0305323
483	486	0.0550959
483	498	0.0286608
483	820	0.0223424
483	326	0.0541223
483	181	0.0278872
483	218	-0.0582546
483	722	-0.0368115
483	696	0.0304369
483	29	-0.0294773
483	949	0.0300171
483	813	0.032465
483	865	-0.0565949
483	726	-0.0295044
483	172	-0.0408901
483	793	-0.0159082
484	295	-0.0392056
484	604	-0.0498348
484	735	-0.0284695
484	977	0.0347285
484	825	-0.0314957
484	544	0.0144978
484	528	0.0358531
484	373	0.0119752
484	506	-0.0298443
484	779	-0.0219861
484	102	0.0406276
484	909	0.00609446
484	939	-0.0267684
486	822	-0.0577429
486	742	0.0472137
486	647	-0.0278091
498	863	0.0130416
498	587	0.0615086
498	518	-0.0633957
503	174	0.0207032
503	235	0.0369223
503	325	0.0488805
503	975	0.0358983
503	678	0.0132815
503	234	-0.0889816
503	820	-0.0392553
503	731	0.0725669
503	790	0.0266367
503	596	0.0373488
503	183	-0.0243699
503	817	-0.0466138
506	663	-0.0182362
506	455	-0.0110627
506	322	-0.0396139
507	235	-0.0278159
507	924	0.0222966
507	719	0.0243227
507	250	-0.0257639
507	959	0.0787267
507	222	0.0482238
507	557	-0.0259204
507	775	-0.0574944
507	330	-0.0457294
507	678	-0.0261063
507	467	-0.015743
507	993	0.0205505
507	769	0.0285047
507	320	0.0601325
507	863	0.0357745
507	156	0.0507614
507	891	0.0569516
507	864	-0.0781638
507	785	0.0405439
507	988	-0.0493568
507	238	0.051385
507	291	0.0441943
512	859	-0.0105031
516	953	0.0269264
518	561	0.0551338
523	436	-0.0316136
523	320	0.0730753
523	731	0.0586339
523	839	0.0590162
525	539	0.0279556
527	672	-0.0668704
528	89	0.0201715
528	873	-0.067148
528	449	-0.024909
533	863	0.0548608
533	803	0.0291619
534	207	-0.0274648
538	199	-0.109604
542	728	-0.0314277
543	733	-0.0306792
543	178	-0.0366707
543	169	-0.0320246
543	616	0.0474255
544	251	-0.0444173
544	659	-0.0254011
544	425	-0.0187706
545	873	-0.0293379
545	915	-0.0145408
546	141	0.0323375
546	2	-0.045401
547	529	0.0440786
547	140	-0.0258476
547	303	0.0540437
547	536	0.0595058
551	218	-0.0574143
551	542	0.0213711
551	722	-0.0413102
551	140	0.0923107
551	905	-0.0193092
552	89	-0.0528517
552	423	-0.0666873
552	301	0.0362298
556	851	-0.0531371
556	740	0.044707
557	860	0.0530635
557	534	-0.0340242
557	241	0.0926678
557	988	0.0529828
564	380	0.0190532
564	106	-0.0245981
565	161	-0.0400356
569	330	0.0722747
569	410	-0.0185643
569	556	-0.0280409
569	241	-0.0473646
569	862	0.111945
569	790	-0.0194561
569	128	0.0479823
570	295	0.0158556
570	59	-0.0270858
570	120	-0.0282728
570	573	0.0253811
570	613	-0.0338677
570	802	-0.0350184
570	359	-0.0384649
570	138	-0.0455392
570	82	-0.0136217
573	228	-0.0321679
573	580	0.0124778
573	589	-0.0079327
573	974	-0.033323
573	87	0.0322173
573	137	0.0394156
573	965	-0.0154516
577	691	-0.0494009
577	676	-0.0366119
577	962	0.0183028
577	831	-0.0188244
577	748	-0.0300462
577	751	-0.0185631
577	828	0.0277342
577	187	-0.0441463
577	590	0.0358201
577	205	-0.0338811
577	101	0.0369028
577	91	-0.044708
577	444	-0.0147095
577	508	0.0232749
577	564	-0.0284611
577	733	0.0426444
577	456	-0.0511904
577	646	0.0334527
577	965	0.0386788
577	206	-0.0184108
577	753	0.0370073
577	501	0.040364
577	815	-0.014576
577	693	-0.0263452
577	632	0.0331749
577	900	-0.0267143
578	666	-0.0161969
578	312	-0.0389267
578	846	-0.0153463
578	121	0.028771
578	102	0.0305712
578	771	0.0427512
578	794	-0.0318714
578	341	0.0409234
578	293	-0.0230888
580	306	0.0246842
580	512	-0.0230439
580	35	-0.0367224
585	487	-0.0167636
585	297	0.0538078
586	590	0.0250081
586	704	0.0293295
586	113	0.02794
586	941	0.00897327
586	770	0.0190546
586	62	0.0279078
587	596	0.065542
589	341	-0.0315088
589	659	-0.0197664
590	904	-0.0143335
590	508	-0.0327696
590	318	-0.0243351
590	794	0.023746
590	169	-0.039584
590	749	-0.01565
593	455	0.0215532
595	779	0.0191121
604	565	0.0126529
604	760	0.022782
604	386	-0.0392612
604	568	0.0425617
604	899	-0.0256575
604	446	-0.0159711
604	730	-0.0352301
609	448	-0.00902233
613	525	-0.0237972
613	890	0.0312719
613	233	0.0274046
623	569	0.0445991
623	678	-0.07682
623	211	0.0182853
623	320	-0.0388749
623	391	0.0388337
623	731	0.0632053
623	596	-0.048053
623	225	0.02031
623	400	0.0437229
623	6	-0.0416521
627	317	0.0262496
627	188	-0.0167845
627	118	-0.0429766
627	458	-0.0365653
628	433	-0.0250801
630	71	0.0322535
630	847	0.0214767
633	211	-0.0309972
633	851	0.0475242
633	383	0.0369441
633	529	-0.0281334
633	740	0.0345327
633	29	-0.046253
633	991	-0.0426374
633	835	0.0248187
636	441	0.0462018
641	664	0.0357096
641	808	0.0185488
641	517	-0.0232086
641	293	-0.0186417
641	0	0.0363994
646	137	0.0562962
649	488	0.0295708
650	539	-0.0202105
652	154	0.0274503
652	426	-0.0267374
659	656	0.0149105
661	460	-0.032936
666	312	-0.0344533
666	49	0.0288899
666	190	-0.058644
666	843	-0.0303401
666	663	-0.0335506
666	336	-0.0170214
666	920	0.0390162
666	644	0.018853
672	949	0.0503306
676	723	-0.05906
676	59	0.0258846
676	90	-0.0380364
676	704	0.0255675
676	565	-0.0268454
676	197	0.0250271
676	825	0.0450929
676	755	0.0200233
676	389	0.0385122
676	19	-0.0263901
676	892	-0.0180688
676	469	0.0479129
676	663	0.0184137
676	985	0.0190925
676	884	-0.0280454
676	301	0.0324321
676	876	-0.0107324
676	749	0.0349384
676	770	-0.0456163
676	833	-0.0162137
676	390	0.0243183
678	547	0.0222481
678	486	-0.0216891
678	622	-0.0628734
678	991	-0.0473579
679	929	-0.017091
682	580	0.0416988
682	508	-0.0169138
682	843	-0.0267068
682	63	-0.0508619
682	675	-0.022368
682	395	0.0343478
683	826	-0.0406607
683	428	-0.0228797
683	675	-0.0263323
683	337	-0.0180085
683	915	0.0193832
691	11	-0.0277065
691	723	0.0280324
691	186	0.0452715
691	967	-0.0178629
691	367	0.0181127
691	158	0.03513
691	59	-0.0154639
691	713	-0.0283361
691	120	0.0339132
691	573	-0.0270076
691	379	0.0268533
691	182	-0.0365502
691	203	0.0325728
691	918	-0.0292448
691	223	-0.0291186
691	589	-0.0437659
691	190	-0.0281767
691	805	-0.0188009
691	178	0.0164574
691	757	-0.0292352
691	378	0.0208319
691	974	0.0588173
691	707	-0.0300558
691	910	-0.0144972
691	495	0.0605056
695	395	0.0233432
696	98	0.0261051
700	677	0.0377348
704	525	-0.0254926
704	912	-0.0121658
704	853	0.0362638
710	534	0.0496723
710	533	-0.0639253
710	868	0.0923437
710	53	-0.0423143
713	279	-0.0169806
713	664	0.0225312
713	239	0.0211318
713	395	-0.0333992
713	478	-0.0239569
719	325	-0.0303622
719	569	-0.0472375
719	633	-0.0473159
719	467	-0.0356495
719	927	0.0646468
719	822	-0.0330416
719	369	-0.0442136
719	53	0.0409841
719	922	-0.0338869
721	508	-0.0127597
721	912	-0.0319398
721	292	0.0268212
721	583	-0.0331075
723	962	0.0221592
723	69	0.0187671
723	968	-0.0183449
723	828	-0.0266214
723	713	-0.0178979
723	590	0.013248
723	182	0.0185196
723	113	-0.0272605
723	552	0.0351794
723	528	-0.0260486
723	278	0.0472875
723	516	-0.0351142
723	111	-0.0499572
723	392	0.0403434
723	213	0.0214196
723	431	0.0158363
723	283	0.0197903
723	93	-0.0403043
728	622	-0.0622799
735	187	0.0171758
735	61	0.02652
735	852	-0.0089663
735	805	-0.0328476
735	502	-0.0249755
735	423	-0.0241703
735	277	-0.050892
741	503	0.0210557
741	719	0.0130381
741	959	0.0435808
741	325	-0.0209067
741	775	0.0499434
741	466	0.0667789
741	534	-0.0211587
741	722	-0.0452861
741	622	0.0320402
741	773	0.0529687
741	383	0.0153289
741	527	-0.0503141
741	521	0.0142992
742	673	0.0373301
748	14	0.0164316
748	704	-0.0299268
748	41	0.0229974
748	904	-0.0233182
748	164	-0.0268742
748	683	0.0168893
748	772	-0.0241224
748	223	-0.0307372
748	664	0.0394348
748	373	-0.0231272
748	454	-0.0232192
748	243	0.0490401
748	488	0.0167998
748	855	0.0203468
748	836	-0.0313637
751	565	-0.0369257
751	852	0.0193207
751	428	-0.0494845
751	821	-0.0393064
751	650	0.0475798
751	811	-0.0360546
751	665	-0.0456567
751	656	-0.062203
755	646	0.0235421
755	68	-0.0164766
757	794	-0.022077
757	979	-0.0365636
760	162	-0.0205141
760	866	0.0426886
768	920	0.0291359
768	301	0.0408187
771	882	0.0404502
771	889	0.0298642
772	57	-0.0356832
772	251	0.0232693
772	979	-0.0332916
773	785	-0.0771292
775	547	-0.0377044
775	551	-0.095533
775	73	0.0494227
775	883	0.0340173
775	92	-0.0439779
779	433	-0.0265841
779	226	-0.0172944
784	414	0.00759597
784	627	0.0187401
784	428	0.0366008
784	239	0.0173713
784	406	0.0621
784	269	0.0351828
784	232	0.00713312
784	593	0.0382683
784	374	0.0379383
784	614	0.0220058
784	583	-0.0107918
790	817	0.0213493
794	649	-0.0230032
802	890	0.0078275
802	756	-0.0277916
802	287	0.0310622
808	972	-0.0117218
811	985	0.0197648
812	577	-0.0193908
812	962	0.0162572
812	831	-0.0822867
812	393	0.021015
812	42	-0.0238718
812	309	0.0370956
812	110	-0.0355294
812	158	-0.0311313
812	570	-0.0106393
812	844	0.0276527
812	14	0.0291097
812	59	0.0408804
812	27	0.028843
812	977	0.040067
812	228	0.022572
812	627	-0.037518
812	51	0.0244371
812	733	0.0483173
812	121	-0.0331322
812	86	0.0355301
812	269	0.0327498
812	842	-0.0334225
812	517	0.0233776
812	299	-0.0432242
812	386	-0.0374791
812	859	-0.0233118
812	910	0.0313602
812	277	0.022324
812	876	-0.0100117
812	170	-0.0243419
812	282	-0.0674989
812	208	-0.0199995
812	327	0.0161598
814	816	0.0591234
816	266	0.0394581
816	490	0.0282845
820	587	0.0211971
821	811	0.0100047
822	195	0.0297713
825	318	0.0116724
825	389	0.0432975
825	469	0.06784
825	358	-0.0346262
826	278	-0.038292
826	256	-0.029502
826	729	-0.0315261
828	279	0.0175769
828	843	0.04326
828	564	-0.033672
828	889	0.0231906
828	462	0.00675636
828	224	-0.0305558
830	260	0.0493222
830	538	-0.0270671
831	784	-0.0137364
831	570	-0.0431798
831	666	-0.0270729
831	90	0.0580143
831	904	0.0164241
831	664	0.0373044
831	595	0.0425064
831	19	-0.0234912
831	386	-0.0208138
831	219	0.037622
831	233	0.0261895
831	336	0.0180826
831	901	0.032012
831	293	0.00909596
831	644	0.0223516
831	407	-0.0256387
837	708	-0.0288652
837	910	0.0302504
841	14	-0.0465332
841	279	-0.0425609
841	843	-0.0147169
841	545	-0.0209403
841	292	0.0345129
841	874	0.0234837
841	884	0.0650007
842	814	0.0260111
843	89	-0.0211072
844	90	0.0502515
844	543	0.0134173
844	941	0.0214506
844	816	0.0209784
844	923	0.0260145
844	336	0.0411473
844	853	0.0303831
844	680	-0.0213926
846	265	-0.0194549
846	444	0.0215335
846	89	0.04236
846	953	0.010522
846	374	-0.030167
846	824	0.0318898
846	607	-0.0205949
846	380	-0.0166003
852	814	-0.0668485
852	729	0.0240649
852	693	-0.0475387
860	927	0.0424657
860	285	-0.053287
860	863	0.0370838
860	199	-0.0116713
860	105	0.0556658
862	810	-0.0352123
890	756	-0.0419245
892	469	-0.024988
896	410	-0.0262971
896	523	0.0201903
896	820	-0.0256195
896	383	-0.0234824
896	600	0.027996
896	585	0.0395992
896	634	-0.0556584
898	326	0.0413456
898	830	0.0291904
898	891	-0.0477538
898	201	-0.0251314
898	442	0.055018
904	278	0.00979357
904	821	0.0173015
904	679	-0.0404757
904	284	0.0399992
911	740	0.0396378
912	337	0.0224851
918	190	0.0501312
918	805	-0.0193198
918	595	-0.00752522
918	213	0.0331466
918	448	0.0374216
924	896	-0.0503476
924	523	-0.0250708
924	943	0.0326704
924	211	-0.0225315
924	927	-0.0463164
924	868	-0.0382436
924	911	-0.0574597
924	950	-0.0428289
924	400	0.0210905
927	436	0.0366644
928	72	-0.0219184
928	260	0.0550541
928	521	0.0417725
933	710	-0.0698269
933	326	-0.0668024
933	119	0.0356462
933	587	0.0347578
933	911	-0.0499181
933	156	0.0399977
937	555	0.0155379
940	121	0.0639872
940	516	-0.0467904
940	892	-0.0169568
940	651	0.0492495
941	752	0.0358144
943	246	0.0195861
943	218	-0.0201928
943	156	-0.0565139
947	445	0.00995407
947	790	-0.0277928
947	518	-0.0345343
947	883	-0.0208254
947	835	0.038544
947	726	0.0326951
954	671	0.0266698
954	423	0.0151743
959	775	-0.0344959
959	947	-0.0340036
959	330	0.0549172
959	860	0.0283467
959	398	0.0438095
959	73	-0.0269875
959	769	-0.0625766
959	731	-0.0241556
959	383	-0.0306464
959	813	0.0591921
962	784	-0.0138667
962	841	0.0440655
962	586	-0.013581
962	27	-0.0299131
962	977	0.0259354
962	565	0.0377255
962	552	-0.0135411
962	133	0.0189364
962	544	-0.03542
962	444	-0.0298889
962	318	-0.013319
962	313	0.0164838
962	707	0.00944576
962	874	0.0175971
962	700	0.0553779
962	884	-0.0215534
962	83	0.0296392
965	649	-0.0600749
967	311	0.0427979
967	704	0.0254765
967	379	0.0265275
967	306	-0.0443503
967	278	-0.048581
967	248	-0.0582442
967	802	0.0467466
967	85	0.0161986
967	243	-0.0249043
967	954	-0.0265136
967	490	-0.0187534
968	90	0.0591453
968	565	-0.0190528
968	825	-0.0464408
968	421	-0.0295992
968	708	0.0269394
968	937	-0.0304124
968	240	0.0312438
968	162	-0.0219682
969	81	0.065661
974	502	-0.0319355
975	136	0.0698251
975	934	-0.0615247
975	851	0.0996587
975	53	0.0512932
975	661	0.0443351
975	839	0.00434111
975	885	0.00382531
975	98	0.0286181
977	182	0.0151661
977	641	0.010452
977	279	0.035029
977	239	-0.0253094
977	86	-0.0228679
988	786	0.0226678
993	320	0.06635
993	261	0.0227325
998	325	-0.0288155
998	222	-0.0207398
998	975	0.0588195
998	136	0.0449851
998	534	-0.027678
998	436	0.0218552
998	218	-0.0480624
998	661	0.0423527
998	561	-0.0497027
998	870	-0.0413294
