400
200
400
1000
500
3
0.333333	0.666667	
0	2	0.000144271	-0.101979	0.0376891
1	1	0.000249341	-0.0639746	0.0103803
2	1	0.0012515	0.124232	0.0454302
3	2	0.00282811	0.0706497	0.00284753
4	0	0.00353509	-0.0223738	0.0375225
5	0	0.00468459	0.0802115	0.0329626
6	0	0.00501222	0.0782008	0.0353653
7	0	0.00704704	0.0936728	0.0137968
8	0	0.00830532	-0.0203163	0.0257674
9	1	0.00983453	-0.0641214	0.0378518
10	2	0.010061	0.0235325	0.101724
11	0	0.0113066	-0.0880271	0.0196382
12	2	0.0118833	0.056039	0.0949235
13	1	0.0119794	-0.00574458	0.0968207
14	0	0.0121718	-0.0187018	0.0459873
15	2	0.0132729	-0.0860678	0.0299519
16	2	0.0142697	-0.0672202	0.0219206
17	0	0.014998	0.0372921	0.0919017
18	0	0.0184149	-0.0632115	0.0274581
19	0	0.0187643	-0.0455164	0.0059456
20	1	0.0206843	0.0407442	0.0741183
21	0	0.0209377	-0.0388356	0.0137318
22	0	0.021484	-0.0512822	0.0280261
23	2	0.0225714	0.0520023	0.0601141
24	0	0.0229386	-0.0499875	0.137374
25	1	0.0235896	0.0490946	0.0403288
26	1	0.0242291	0.0562015	0.0597733
27	1	0.0243574	-0.113834	0.0704217
28	1	0.0246208	0.0848154	0.0115806
29	0	0.0273668	-0.0216157	0.0416992
30	2	0.0286481	0.130646	0.0298469
31	1	0.0316052	-0.11634	0.0622792
32	2	0.0330288	0.0402452	0.0294067
33	0	0.0333969	-0.0820481	0.0133166
34	0	0.0334955	-0.090748	0.011291
35	0	0.0374966	-0.0659457	0.0097393
36	2	0.0390123	0.053548	0.0044558
37	2	0.0406671	0.0309309	0.0576819
38	0	0.0418171	0.0212767	0.0494594
39	2	0.0428095	0.0473047	0.0855325
40	1	0.0431841	0.0814305	0.0654124
41	2	0.0432636	0.0145645	0.00710917
42	0	0.045052	0.037335	0.00801033
43	2	0.0466091	-0.0676361	0.0120169
44	0	0.0474181	-0.0049989	0.00524841
45	0	0.0485817	0.0789058	0.0429895
46	1	0.0501577	-0.0548004	0.0726555
47	2	0.0524448	0.0110673	0.0636289
48	0	0.0537279	0.0809509	0.0432251
49	0	0.0545615	-0.0103275	0.0843997
50	2	0.0577692	0.00381098	0.0181486
51	2	0.05833	-0.0604462	0.0514776
52	2	0.0587157	-0.0316537	0.0814244
53	2	0.0590159	-0.0206935	0.0731989
54	0	0.0595915	0.0123185	0.0504148
55	2	0.0636598	0.0272599	0.0902696
56	2	0.0662903	0.0633661	0.0893191
57	1	0.0727485	0.0364049	0.0115553
58	1	0.0727786	-0.109017	0.0405357
59	2	0.0742684	-0.0597501	0.02421
60	1	0.0746617	-0.0149745	0.00643436
61	0	0.0767215	-0.0181634	0.00281305
62	0	0.0775389	-0.04504	0.0472907
63	2	0.0796818	0.02456	0.0411887
64	0	0.0797425	0.0261812	0.0743057
65	2	0.0800152	-0.0128765	0.0400085
66	2	0.0811493	0.0491967	0.055729
67	2	0.0829149	-0.0098379	0.00603523
68	0	0.084978	-0.0716734	0.0542991
69	2	0.0867576	-0.0354457	0.059905
70	0	0.0874325	-0.0136876	0.00940075
71	2	0.0877498	0.0323026	0.0218246
72	0	0.0884472	0.0202052	0.0737901
73	2	0.0885375	-0.00730173	0.0308114
74	1	0.0895708	0.202086	0.0848745
75	0	0.0908133	-0.0822431	0.0112467
76	2	0.0910648	0.0816046	0.0388243
77	0	0.0920931	-0.0166926	0.00765564
78	0	0.0932086	-0.0291231	0.000639287
79	2	0.0932102	-0.0824879	0.0204937
80	1	0.0934142	-0.0533322	0.113396
81	0	0.0941526	0.035322	0.0342418
82	2	0.0944617	0.114475	0.0201312
83	1	0.0954068	-0.0274714	0.071349
84	2	0.0962142	-0.0628912	0.0179601
85	2	0.0964751	0.0397108	0.0270528
86	2	0.0981196	-0.0103408	0.00464986
87	0	0.0981256	0.0512322	0.0157905
88	2	0.0982286	-0.0170338	0.0976553
89	0	0.100495	-0.0472291	0.0899331
90	2	0.102046	0.0162458	0.0661265
91	2	0.105323	-0.040222	0.0317278
92	1	0.105605	-0.0180916	0.0322185
93	1	0.106168	0.0921207	0.0187557
94	2	0.107242	-0.0387433	0.0108918
95	1	0.108485	-0.0499807	0.0707183
96	2	0.10886	-0.00732311	0.0772873
97	2	0.109242	0.0551135	0.0442725
98	0	0.109537	0.0425109	0.0620376
99	1	0.109827	-0.0282629	0.0146614
100	2	0.11109	-0.0469985	0.143823
101	0	0.112007	0.0578321	0.0109529
102	2	0.113358	0.0398009	0.0396308
103	1	0.113401	0.0649643	0.117846
104	2	0.113515	0.032095	0.0964651
105	2	0.114908	-0.0174058	0.0217624
106	1	0.115878	0.122126	0.109768
107	2	0.116615	0.066387	0.0567196
108	2	0.118287	0.05029	0.0445412
109	2	0.118333	0.0327288	0.0390056
110	0	0.118954	0.0255899	0.00853102
111	2	0.119052	-0.0345489	0.0289655
112	1	0.119272	0.0378889	0.045943
113	2	0.119306	-0.066801	0.0506206
114	1	0.121607	0.129525	0.0639712
115	0	0.122673	-0.0364029	0.0306478
116	0	0.123629	0.0673193	0.0295043
117	2	0.126728	0.060899	0.0516513
118	0	0.126922	0.0494591	0.0229105
119	0	0.127731	0.0370983	0.090463
120	2	0.128549	-0.0815103	0.0291612
121	2	0.129543	-0.0156852	0.0079397
122	2	0.129611	-0.0315165	0.00786553
123	0	0.130053	-0.0419024	0.0249987
124	0	0.130337	0.00932465	0.0663946
125	0	0.130788	-0.0315838	0.135806
126	1	0.131455	-0.0312396	0.0810116
127	0	0.134318	-0.0598852	0.0789983
128	1	0.139778	0.030653	0.121262
129	1	0.140037	0.0374454	0.0314608
130	0	0.140514	-0.0266966	0.0530248
131	0	0.141506	0.0424188	0.0318877
132	0	0.142266	0.043931	0.0545212
133	0	0.142543	0.0487295	0.0313829
134	0	0.143046	0.0361656	0.0466093
135	2	0.143151	-0.0994595	0.00882906
136	1	0.143298	0.111606	0.0630329
137	2	0.143684	0.0368496	0.0379779
138	0	0.144457	-0.0157339	0.0296678
139	0	0.14452	-0.0559024	0.0409769
140	0	0.149726	-0.0629815	0.00826618
141	0	0.149913	-0.034979	0.0287529
142	0	0.150622	0.0382715	0.0444066
143	2	0.150813	-0.0402106	0.00589265
144	2	0.150889	-0.0502834	0.0675394
145	0	0.152211	-0.0412901	0.018279
146	1	0.152409	-0.0559176	0.0174126
147	0	0.15258	-0.00780909	0.0345102
148	2	0.152739	-0.0540344	0.0883318
149	2	0.154454	-0.0152969	0.0118933
150	2	0.157381	0.0412424	0.0385951
151	1	0.157612	0.0218557	0.0671741
152	1	0.158608	0.135152	0.0522076
153	2	0.159418	-0.0213482	0.110032
154	1	0.159615	0.111733	0.049221
155	0	0.159898	-0.0488741	0.0188214
156	2	0.160704	0.0403025	0.01863
157	0	0.161383	-0.0454885	0.0783246
158	0	0.163527	-0.0742814	0.0575522
159	1	0.16409	0.0349806	0.0481133
160	2	0.164471	-0.0190478	0.113402
161	2	0.166408	0.037106	0.0143422
162	2	0.166879	-0.0185859	0.11295
163	2	0.167647	0.020725	0.0168228
164	0	0.16856	0.0460661	0.0350714
165	0	0.16995	0.0757505	0.022802
166	1	0.172222	-0.0537654	0.000141567
167	0	0.173346	0.0411067	0.00254665
168	2	0.173768	0.0214294	0.0947505
169	2	0.174306	0.0466849	0.0192802
170	0	0.174947	0.0260554	0.033403
171	0	0.177038	0.00436649	0.000313848
172	2	0.178579	-0.121328	0.0226078
173	1	0.178953	0.0691517	0.151688
174	2	0.179999	0.0515757	0.0718567
175	1	0.180373	-0.0535853	0.0235008
176	0	0.181446	0.00634717	0.0808906
177	2	0.18307	-0.0871108	0.0415033
178	2	0.183152	-0.100011	0.0825991
179	0	0.183721	0.0345257	0.0597795
180	2	0.184276	0.024655	0.118632
181	0	0.18437	0.0937416	0.0508113
182	1	0.184486	-0.00611903	0.00654602
183	1	0.185701	0.0548893	0.0151751
184	1	0.18688	-0.061345	0.0330515
185	0	0.187534	0.050589	0.0241321
186	0	0.18872	0.035144	0.00317478
187	1	0.191016	0.019307	0.143958
188	2	0.191548	-0.0448005	0.0374742
189	2	0.192014	0.0399463	0.0195931
190	1	0.193106	0.111123	0.0239874
191	0	0.19424	-0.0372594	0.11388
192	1	0.194449	0.0383392	0.028861
193	2	0.194481	0.0480915	0.0215441
194	0	0.19508	-0.0119464	0.0384305
195	0	0.195936	-0.0145305	0.0174631
196	0	0.196751	0.0623398	0.0182561
197	0	0.197264	0.00603361	0.00563114
198	0	0.197378	-0.0696521	0.0851952
199	2	0.198213	0.100014	0.0268004
200	2	0.200808	-0.0156005	0.00393163
201	2	0.202574	-0.0346551	0.0576185
202	1	0.202986	0.101843	0.0753862
203	1	0.20396	-0.0516418	0.0891797
204	2	0.204388	0.0451182	0.0303356
205	2	0.204769	0.0700882	0.0604217
206	2	0.205111	-0.0286846	0.0660711
207	1	0.206507	0.0298452	0.00813411
208	2	0.207792	-0.0460868	0.0135512
209	1	0.210467	-0.0521615	0.0133188
210	0	0.212427	-0.022602	0.0806035
211	1	0.213954	-0.0783655	0.0208841
212	2	0.214948	0.115246	0.0294902
213	1	0.216036	0.0279666	0.0113288
214	0	0.216355	0.00393599	0.0179565
215	2	0.216519	0.119982	0.016891
216	2	0.217654	-0.0426342	0.0158487
217	2	0.21768	0.0512742	0.0436314
218	0	0.217834	0.038418	0.0175512
219	1	0.218874	0.0757555	0.0259778
220	0	0.219164	0.0234288	0.0444005
221	1	0.219233	0.0627335	0.0369713
222	0	0.220603	-0.0227853	0.0112178
223	2	0.22097	0.0221095	0.0202971
224	0	0.224235	-0.0902837	0.0771606
225	1	0.224696	0.0616544	0.098106
226	2	0.229365	0.0822609	0.0757885
227	0	0.229379	-0.0689177	0.0524388
228	2	0.229634	0.0335215	0.0669423
229	0	0.229901	0.0102309	0.00573772
230	0	0.229987	-0.038993	0.069465
231	2	0.232445	-0.0494406	0.00866168
232	2	0.233629	0.0481281	0.0592004
233	0	0.234541	0.0436339	0.00524368
234	1	0.234801	-0.0299427	0.026742
235	0	0.23668	-0.0252655	0.0385147
236	1	0.237815	-0.0585438	0.0700204
237	1	0.23845	-0.0190993	0.107267
238	2	0.238657	0.00446196	0.0137292
239	0	0.239262	-0.0101384	0.0206531
240	2	0.241972	0.0847745	0.0177917
241	1	0.244873	-0.0266151	0.0521551
242	2	0.244972	-0.00822231	0.0233848
243	0	0.245292	-0.0179726	0.0427435
244	0	0.250276	-0.0202032	0.0257519
245	2	0.250656	0.0391191	0.0278498
246	0	0.25307	-0.100735	0.0622777
247	1	0.254388	-0.115395	0.131546
248	2	0.254473	0.0263028	0.000784137
249	1	0.254502	0.0261517	0.0144113
250	2	0.255226	-0.00270105	0.0415988
251	0	0.256198	-0.0199604	0.0106146
252	2	0.258283	0.039549	0.11019
253	2	0.261096	0.0430977	0.00997113
254	1	0.261342	-0.146434	0.0034741
255	1	0.261537	0.0443318	0.0867998
256	0	0.264216	0.0898964	0.0690587
257	2	0.264676	0.0150936	0.0513622
258	2	0.265157	-0.0632432	0.0615087
259	0	0.265319	-0.00522167	0.0328378
260	0	0.265405	0.0559924	0.0522253
261	2	0.265975	-0.0480105	0.025456
262	2	0.266424	-0.000643124	0.011667
263	2	0.266738	-0.0467409	0.0514247
264	0	0.26721	0.116887	0.0665578
265	0	0.268865	0.042415	0.076412
266	1	0.269385	-0.0435559	0.133307
267	2	0.270602	0.00707708	0.00285145
268	0	0.271469	0.0276725	0.0217293
269	2	0.271841	0.0782263	0.00507385
270	1	0.272901	-0.0330839	0.0098617
271	0	0.27337	0.0155748	0.0070259
272	2	0.27381	-0.0274337	0.0273576
273	2	0.275222	-0.0265728	0.00567699
274	0	0.278429	-0.0137935	0.0271876
275	0	0.278474	-0.0676419	0.0425454
276	2	0.281354	0.0189881	0.00178662
277	2	0.28191	-0.0459579	0.0668918
278	2	0.284166	0.0775763	0.0984499
279	0	0.28708	-0.0193633	0.0348379
280	0	0.287266	0.0260667	0.0336208
281	2	0.287586	0.0360819	0.00491418
282	0	0.287805	-0.0539531	0.0290722
283	2	0.288281	0.0623384	0.0117812
284	1	0.289321	0.108985	0.0270939
285	0	0.290413	-0.00994267	0.0568691
286	0	0.291255	0.0944568	0.0366067
287	1	0.291575	0.114715	0.0644681
288	0	0.294152	0.0118301	0.054432
289	0	0.296243	-0.0402403	0.000965949
290	0	0.297392	0.0390149	0.0364019
291	0	0.298452	0.0209834	0.00818452
292	2	0.29866	0.0395355	0.0105161
293	0	0.302038	0.0829419	0.058097
294	0	0.302218	0.0176098	0.0205766
295	1	0.30256	-0.0634093	0.114938
296	2	0.303031	-0.0102083	0.000781003
297	0	0.303817	0.0300692	0.159395
298	0	0.305731	0.0103126	0.017833
299	2	0.306343	-0.0333672	0.0706947
300	2	0.30653	-0.137726	0.00120215
301	1	0.307487	0.0770954	0.0701316
302	0	0.307909	-0.038764	0.0323939
303	1	0.308483	-0.0212165	0.114856
304	2	0.309323	-0.0153235	0.069598
305	2	0.310196	-0.083564	0.0802911
306	1	0.310243	0.118864	0.087036
307	0	0.31083	-0.0284251	0.0246825
308	2	0.311564	0.00169667	0.00156197
309	2	0.311941	0.0317752	0.0318327
310	0	0.312369	-0.0289531	0.089319
311	1	0.312633	0.0239896	0.0435017
312	1	0.312739	-0.00857872	0.0499446
313	1	0.312747	-0.0363062	0.0362846
314	0	0.313541	-0.0456251	0.0516748
315	2	0.314499	-0.0742613	0.00788454
316	2	0.316112	0.0295955	0.0156074
317	2	0.316147	0.0248795	0.0189397
318	0	0.317493	0.00454397	0.0170563
319	2	0.317806	-0.0374902	0.0117289
320	2	0.318062	-0.0156854	0.0205381
321	2	0.318185	-0.0858367	0.0527108
322	1	0.318463	-0.0848059	0.0331304
323	2	0.318959	0.00962947	0.00824575
324	1	0.320494	-0.0108981	0.0242966
325	2	0.320874	0.0409317	0.0419113
326	0	0.323267	0.0442268	0.00521191
327	2	0.324853	-0.038967	0.0183329
328	2	0.324858	-0.01604	0.022558
329	0	0.325027	-0.0426079	0.111155
330	0	0.326673	0.108893	0.0473587
331	1	0.328375	0.0245037	0.0961818
332	2	0.332892	-0.0229024	0.0195457
333	0	0.333182	-0.00783626	0.0189087
334	1	0.333494	0.0600535	0.05414
335	2	0.33361	0.0214636	0.11975
336	2	0.334115	-0.0280447	0.0943492
337	0	0.334332	0.0385737	0.0188464
338	1	0.335018	-0.0310127	0.0174802
339	1	0.33546	0.0295788	0.0511928
340	0	0.336205	-0.022468	0.0822926
341	0	0.337345	0.0317299	0.0203174
342	0	0.337917	-0.0163983	0.0475841
343	0	0.338431	0.00970886	0.0375237
344	2	0.339525	0.0183028	0.0115356
345	1	0.340264	-0.0262731	0.00612356
346	2	0.340506	0.162137	0.0219548
347	1	0.3413	-0.0328902	0.044571
348	2	0.343923	0.0051727	0.031759
349	2	0.343982	-0.0185312	0.0692515
350	0	0.344738	-0.0273906	0.049943
351	2	0.345041	0.0140304	0.0289871
352	0	0.345625	-0.0186008	0.0699566
353	0	0.345885	-0.06988	0.0307743
354	0	0.346056	-0.0157589	0.0452952
355	0	0.34685	-0.0474298	0.0942799
356	1	0.349734	0.168842	0.0703377
357	2	0.349961	-0.0264331	0.0246589
358	0	0.350577	-0.0166196	0.0101828
359	0	0.350926	-0.0626009	0.0333214
360	0	0.352539	0.0165657	0.0817126
361	1	0.353001	0.0938015	0.0512127
362	0	0.353427	-0.0257276	0.050725
363	0	0.354616	0.0650909	0.074313
364	0	0.355211	-0.0076948	0.00313062
365	0	0.356429	-0.0622211	0.0015665
366	0	0.357239	-0.01119	0.00879404
367	0	0.359074	0.0560859	0.00964519
368	0	0.360664	-0.0246903	0.0863683
369	2	0.361264	-0.0914179	0.100943
370	0	0.3615	-0.0270867	0.0835862
371	0	0.363942	0.0227992	0.0266772
372	2	0.365087	-0.0368183	0.0958579
373	2	0.365706	-0.00348344	0.013297
374	1	0.36682	0.0510901	0.00313587
375	0	0.367138	-0.00480975	0.0603465
376	0	0.368049	0.0326953	0.00352603
377	2	0.371471	0.0892994	0.00848966
378	2	0.373969	0.0303631	0.0105322
379	1	0.375617	-0.0832657	0.0719392
380	2	0.375904	0.0453363	0.0419777
381	0	0.378148	0.0425285	0.010119
382	2	0.379088	-0.0205757	0.0471
383	2	0.381128	-0.0364276	0.0369184
384	1	0.381367	-0.0517222	0.0200728
385	2	0.382971	0.0318576	0.060474
386	2	0.383848	0.0256156	0.0672162
387	2	0.385984	-0.0505345	0.0544869
388	1	0.3865	0.0536952	0.0350497
389	1	0.38678	0.00869127	0.0185414
390	0	0.386876	0.0891204	0.0118479
391	0	0.387283	-0.00612074	0.0844204
392	2	0.387618	-0.0361064	0.135362
393	2	0.388074	-0.0553168	0.025869
394	0	0.388411	-0.00856427	0.00865888
395	2	0.388607	-0.0194145	0.0419137
396	0	0.388747	0.154379	0.0854201
397	2	0.389289	-0.0230263	0.111299
398	0	0.390685	0.0104907	0.088114
399	0	0.390972	0.0296147	0.0442056
400	2	0.391964	-0.0318507	0.0397822
401	2	0.392267	0.116577	0.00695377
402	1	0.392756	-0.143669	0.054138
403	0	0.392837	-0.0305144	0.0768489
404	2	0.393058	-0.0355851	0.0817233
405	0	0.394442	-0.0295771	0.016161
406	2	0.394502	-0.027993	0.0604838
407	1	0.396346	0.029892	0.032101
408	0	0.396406	-0.0912363	0.024144
409	2	0.397874	0.0255285	0.0201253
410	1	0.400777	0.0380732	0.0447916
411	2	0.40148	0.0436902	0.0262238
412	1	0.404262	0.0280148	0.0634863
413	1	0.406407	-0.0524383	0.022585
414	0	0.406914	-0.0627081	0.0777047
415	2	0.407507	0.0199533	0.0297997
416	2	0.407625	0.0182949	0.00965346
417	2	0.407938	-0.0234006	0.0345121
418	0	0.407951	0.0740212	0.00367481
419	0	0.409358	0.0111654	0.0510223
420	0	0.410282	0.0140547	0.137688
421	0	0.412532	0.0099822	0.0238145
422	2	0.414119	-0.0299181	0.0487863
423	2	0.415117	0.056303	0.0374889
424	0	0.415573	-0.0383087	0.00564619
425	0	0.415852	-0.00481771	0.0146099
426	0	0.416195	-0.0453656	0.0359852
427	2	0.416422	0.0408821	0.0384937
428	2	0.417198	-0.0267572	0.0301635
429	0	0.418427	-0.00393558	0.00677978
430	2	0.42114	-0.0307818	0.027867
431	2	0.422175	-0.0135534	0.0951939
432	0	0.423065	-0.0150047	0.0105811
433	0	0.423539	-0.0535399	0.05295
434	1	0.424395	0.131223	0.0137523
435	1	0.425792	-0.0587521	0.0530426
436	1	0.428007	-0.0552396	0.0284222
437	2	0.428158	-0.00399268	0.0154542
438	2	0.430526	0.0308656	0.0115228
439	1	0.431933	0.0242606	0.140165
440	2	0.432555	0.027466	0.0478484
441	1	0.435218	-0.0568207	0.0435326
442	2	0.43684	0.0237907	0.0167105
443	2	0.438611	-0.0650896	0.0141392
444	0	0.439056	-0.0296396	0.044241
445	0	0.439753	-0.0102188	0.0590363
446	2	0.440058	0.0699765	0.0555655
447	0	0.440066	-0.00188393	0.00989808
448	0	0.440721	0.0632794	0.000349775
449	2	0.442011	0.0708458	0.0326548
450	0	0.442314	0.0230772	0.0291454
451	2	0.44307	0.0868966	0.0224487
452	0	0.443974	0.0157952	0.00908635
453	0	0.444742	-0.0173321	0.0315495
454	0	0.446537	-0.0993348	0.0419977
455	1	0.446996	-0.0942618	0.0604128
456	0	0.447174	-0.0353582	0.0843931
457	2	0.447593	-0.025211	0.0307826
458	2	0.448506	-0.0689115	0.0018189
459	2	0.449955	-0.024389	0.064319
460	0	0.451922	0.0314297	0.00705619
461	0	0.451924	-0.0580274	0.0239527
462	0	0.452453	0.0792641	0.00732681
463	0	0.452911	0.0395458	0.0051536
464	2	0.453372	0.0305985	0.0646463
465	0	0.453373	-0.0983781	0.0488832
466	0	0.453867	-0.0240813	0.0480092
467	0	0.454659	-0.0393177	0.0805635
468	2	0.454903	0.0291295	0.00171307
469	0	0.456153	-0.0167714	0.0532837
470	1	0.457839	0.0627489	0.0821866
471	0	0.457959	0.0225636	0.0632074
472	0	0.458116	-0.0227077	0.011676
473	2	0.459399	0.0354437	0.0259851
474	2	0.461542	-0.0700888	0.0155688
475	2	0.462682	0.0235897	0.0350879
476	0	0.46391	0.0326939	0.0241576
477	2	0.465554	-0.102256	0.0788665
478	2	0.465578	-0.0246396	0.0315965
479	0	0.466093	0.0568736	0.0211745
480	2	0.466255	0.107899	0.0477098
481	1	0.467085	-0.067411	0.0828565
482	2	0.467646	-0.0380256	0.0156074
483	0	0.46795	0.0412029	0.157899
484	0	0.468791	-0.031688	0.0758494
485	2	0.469677	-0.0211511	0.0293507
486	0	0.47146	-0.0541978	0.0203753
487	0	0.472635	-0.058314	0.05727
488	2	0.473495	-0.0177711	0.0271602
489	0	0.474948	0.100867	8.58857e-05
490	2	0.475061	0.0209777	0.00901492
491	0	0.475767	0.0647887	0.112845
492	0	0.478094	0.0111102	0.0281279
493	0	0.479917	0.0996005	0.0108996
494	2	0.480384	0.0606627	0.00876497
495	0	0.481186	-0.0163257	0.0516446
496	0	0.48141	-0.0379364	0.0473236
497	1	0.481872	0.0348607	0.00946415
498	2	0.482346	0.044484	0.0247986
499	2	0.482848	0.131987	0.0586522
500	0	0.482858	-0.0160023	0.0157849
501	2	0.483501	0.080432	0.0187545
502	2	0.483617	0.00481048	0.0445753
503	2	0.484817	-0.0432874	0.10863
504	2	0.484902	0.0270872	0.0389338
505	1	0.4854	-0.044254	0.0438497
506	2	0.487585	0.0859193	0.0397069
507	0	0.48824	-0.0498952	0.0747957
508	2	0.488702	-0.0328693	0.0164123
509	2	0.488959	0.0101489	0.0114489
510	0	0.490731	0.00926646	0.0469905
511	1	0.491786	-0.0361002	0.0653656
512	2	0.493056	-0.0178565	0.022558
513	2	0.493079	-0.0160777	0.110435
514	0	0.499133	0.00231147	0.0742293
515	0	0.499481	0.00974849	0.097637
516	0	0.501795	-0.094166	0.0641629
517	1	0.503306	0.106234	0.0591001
518	2	0.504015	0.0290288	0.0851218
519	2	0.506262	-0.0493839	0.0848704
520	2	0.506532	0.00968653	0.0122292
521	2	0.507169	0.0230176	0.0434481
522	0	0.507361	-0.0334059	0.0209765
523	0	0.507696	0.0328381	0.0363826
524	2	0.50882	0.0337554	0.00236674
525	1	0.510526	-0.0505639	0.0456158
526	2	0.511106	-0.0750504	0.0341751
527	0	0.511848	-0.0419848	0.0244059
528	2	0.515727	0.0336498	0.0326554
529	1	0.517443	-0.0456547	0.128254
530	2	0.519317	-0.044726	0.0645668
531	2	0.521381	0.0216306	0.0368518
532	1	0.521655	0.0976881	0.0383931
533	0	0.522218	-0.0442641	0.0424221
534	2	0.522506	0.0361335	0.0426024
535	2	0.523461	0.0778785	0.0273216
536	0	0.52599	-0.0392931	0.0240667
537	2	0.528252	-0.0336571	0.00489416
538	0	0.52836	0.068051	0.0279506
539	0	0.52879	0.0122565	0.0258046
540	2	0.529384	-0.0319581	0.059695
541	0	0.530124	-0.0571445	0.046485
542	2	0.531241	0.0187521	0.0318859
543	2	0.534211	0.0636474	0.0273355
544	2	0.534445	-0.0802276	0.0419628
545	2	0.534854	0.0248136	0.0119758
546	1	0.535462	0.082499	0.0190265
547	2	0.536532	0.0514834	0.09589
548	2	0.536585	-0.0183671	0.0318589
549	2	0.536693	-0.0221297	0.0413717
550	1	0.538711	0.0551079	0.0348849
551	1	0.539002	-0.0821912	0.0261747
552	1	0.540575	0.0270734	0.0105318
553	2	0.540991	-0.0406252	0.0126103
554	2	0.542593	0.0243181	0.0980165
555	1	0.544227	-0.0695635	0.0789638
556	1	0.545737	0.0535248	0.000931423
557	2	0.546204	0.00801175	0.0333275
558	0	0.546479	-0.0249954	0.00952945
559	1	0.547947	-0.0777244	0.0692164
560	2	0.547953	-0.0461717	0.004352
561	2	0.550257	-0.0289268	0.0366367
562	0	0.551974	0.0239803	0.00879544
563	2	0.552252	0.030575	0.117276
564	0	0.553245	0.166724	0.0386838
565	0	0.553386	0.0109373	0.019317
566	1	0.555715	-0.087984	0.0106827
567	2	0.556956	-0.0113814	5.75304e-05
568	0	0.55952	-0.0282392	0.00936046
569	0	0.56014	-0.0258264	0.0665618
570	2	0.562034	-0.0560034	0.0508263
571	0	0.56317	0.0176423	0.035406
572	2	0.566525	-0.0130098	0.029621
573	2	0.567722	0.0830879	0.043646
574	2	0.56808	-0.0172038	0.0585936
575	0	0.568374	-0.129903	0.00871191
576	2	0.56975	-0.0154569	0.0254839
577	0	0.570957	-0.0564956	0.00379859
578	0	0.572447	-0.0899583	0.0151394
579	2	0.572866	-0.117309	0.0116527
580	2	0.573427	0.0205824	0.081055
581	1	0.574494	-0.0541864	0.0687329
582	0	0.574647	-0.0584774	0.0431736
583	2	0.575646	-0.0652335	0.069559
584	0	0.576596	0.0103884	0.0115456
585	1	0.577309	0.0397026	0.0471829
586	1	0.578134	0.0110193	0.120159
587	2	0.579287	-0.0127542	0.031808
588	2	0.579741	0.025856	0.00101548
589	2	0.580717	0.0443799	0.00102083
590	1	0.580807	0.00507192	0.0516742
591	2	0.581609	-0.0102868	0.0315996
592	1	0.582223	0.0068837	0.0512632
593	2	0.585346	0.0713285	0.0503407
594	0	0.586152	0.062909	0.0143746
595	0	0.586726	0.0340434	0.0672885
596	2	0.587321	-0.0346504	0.0372608
597	2	0.588328	-0.0419431	0.0848127
598	1	0.590276	-0.0158004	0.0687451
599	2	0.596856	-0.0498859	0.00265575
600	2	0.597615	0.0442747	0.0357883
601	2	0.59804	-0.0166769	0.0372682
602	0	0.598984	-0.0120321	0.0558433
603	0	0.601567	-0.017661	0.0388906
604	2	0.602527	0.0511074	0.0173316
605	2	0.603765	0.0206695	0.0128186
606	0	0.603802	0.0415902	0.0528764
607	1	0.605454	0.0135781	0.0500542
608	0	0.606088	-0.0298967	0.0240193
609	2	0.608692	0.0176224	0.0486329
610	0	0.608843	0.0284115	0.0609373
611	0	0.610651	-0.056093	0.0660867
612	1	0.611321	-0.0365997	0.0644795
613	2	0.611684	0.0343783	0.0579578
614	1	0.613371	0.00940012	0.0241241
615	0	0.615658	-0.0685859	0.0275462
616	1	0.616869	0.122122	0.0975537
617	2	0.618387	-0.00428342	0.0621898
618	2	0.618926	-0.016701	0.0186798
619	0	0.619075	0.00878338	0.110241
620	0	0.619299	0.0112165	0.0477283
621	1	0.621445	0.0786206	0.0177332
622	2	0.623107	0.00803789	0.10156
623	2	0.624264	-0.0856722	0.0253968
624	0	0.624811	-0.00697134	0.00321343
625	0	0.625005	-0.0126031	0.010485
626	0	0.626054	0.0677399	0.105288
627	0	0.626557	-0.0757748	0.0294298
628	2	0.62695	0.0192747	0.0648588
629	2	0.629079	-0.0874093	0.0188786
630	2	0.629215	-0.0717407	0.0262347
631	2	0.629252	0.0456444	0.0538082
632	0	0.631065	0.0121392	0.029657
633	2	0.631767	0.0246127	0.0504452
634	0	0.632417	0.0497933	0.00105183
635	2	0.633997	-0.00594313	0.0102451
636	2	0.634497	-0.0154947	0.0788657
637	0	0.634516	0.0370489	0.0409103
638	0	0.634743	-0.145556	0.0877098
639	2	0.634751	0.0533853	0.0589796
640	1	0.635239	-0.0333792	0.118126
641	0	0.635836	0.0140735	0.00931243
642	2	0.639081	-0.0222414	0.0270993
643	2	0.640053	0.00265302	0.0675905
644	0	0.640064	-0.0391151	0.00488904
645	1	0.640094	-0.0178967	0.00307986
646	2	0.640498	0.0377628	0.0469205
647	2	0.640504	-0.0239757	0.0607525
648	0	0.643954	-0.0716331	0.0112709
649	2	0.644068	0.000778466	0.0447555
650	2	0.644716	0.0512974	0.0225993
651	0	0.644795	0.0209128	0.000841908
652	0	0.646391	0.060866	0.0323098
653	1	0.647397	0.0800333	0.00302644
654	0	0.648148	-0.0584472	0.0379438
655	0	0.648922	-0.0147348	0.0408022
656	1	0.651916	0.116246	0.0890654
657	0	0.652028	0.056419	0.0495375
658	1	0.652728	0.0152435	0.0286164
659	2	0.653608	0.0494364	0.00392019
660	0	0.655755	-0.0344783	0.040874
661	2	0.660575	0.0105239	0.00567149
662	1	0.666356	0.0606888	0.107195
663	2	0.667097	0.0545952	0.0173008
664	0	0.667217	-0.0155558	0.135754
665	2	0.669106	0.0456617	0.0680707
666	0	0.670044	0.00296772	0.00328791
667	0	0.670623	-0.0406175	0.033619
668	2	0.671217	-0.140732	0.0139284
669	2	0.673709	0.0641876	0.0455754
670	2	0.674244	-0.0200177	0.0825734
671	2	0.675204	-0.0316972	0.0606387
672	0	0.675355	-0.0191342	0.0113822
673	0	0.677634	-0.097145	0.0460559
674	0	0.679127	-0.0106733	0.0769447
675	2	0.679815	0.0216425	0.0622288
676	0	0.684882	-0.0554015	0.0423752
677	2	0.685257	-0.0402612	0.0291487
678	0	0.685342	-0.0884868	0.0604497
679	0	0.685737	0.0378568	0.00553153
680	0	0.687481	-0.0270767	0.0154684
681	1	0.689003	0.106873	0.0248609
682	2	0.691076	-0.0884037	0.0159312
683	2	0.694392	-0.0579954	0.0571689
684	2	0.694687	-0.00697419	0.0463775
685	0	0.695323	0.0118187	0.0404601
686	0	0.695799	-0.0453521	0.0335108
687	2	0.695851	0.0552955	0.00822639
688	2	0.696061	-0.0573353	0.0466032
689	1	0.696619	-0.0104758	0.0872976
690	0	0.69884	-0.0539253	0.103663
691	0	0.699345	-0.0172691	0.0124936
692	0	0.69944	0.0313596	0.0119609
693	1	0.701088	0.0545071	0.0730809
694	0	0.701835	-0.0126334	0.0419427
695	2	0.702741	-0.0254055	0.0172649
696	1	0.704374	0.135683	0.205618
697	0	0.704433	-0.0310454	0.0473029
698	2	0.706001	-0.0297741	0.0652606
699	2	0.707098	0.0323814	0.0113435
700	2	0.708795	-0.0642751	0.00339988
701	2	0.709112	-0.0472948	0.111748
702	1	0.710609	0.000942247	0.0454945
703	2	0.711007	-0.0294546	0.0554691
704	2	0.711695	-0.0873065	0.0465193
705	2	0.711727	0.031059	0.00492311
706	2	0.712273	0.0225097	0.0939288
707	2	0.712536	0.0211577	0.00407375
708	1	0.714553	-0.00842421	0.0729654
709	2	0.714713	-0.00335592	0.0890296
710	2	0.715452	-0.0542241	0.0412531
711	0	0.715843	0.102447	0.0683953
712	1	0.7197	0.00784295	0.120046
713	0	0.721623	-0.0423237	0.110084
714	1	0.725642	-0.0235267	0.00255991
715	0	0.726842	-0.0155906	0.022329
716	2	0.727062	-0.0362249	1.12443e-05
717	2	0.727162	-0.0505487	0.0431323
718	0	0.727533	0.00703729	0.0351783
719	1	0.727789	-0.0054075	0.0530521
720	2	0.728199	-0.0574795	0.028326
721	1	0.729842	0.0399806	0.105436
722	2	0.731528	-0.0597367	0.0614425
723	2	0.732866	0.0266949	0.0243579
724	0	0.733448	0.0194893	0.033942
725	0	0.735174	-0.0330053	0.0446613
726	0	0.735719	-0.0750121	0.0128624
727	0	0.736274	0.00336996	0.061131
728	0	0.736413	0.0230464	0.0803397
729	0	0.736877	-0.0178755	0.0175427
730	0	0.743062	0.0526229	0.0240076
731	0	0.743454	0.0201462	0.00879107
732	0	0.743767	-0.0222022	0.055667
733	0	0.744114	-0.0380704	0.00181151
734	2	0.749952	0.0656332	0.0525555
735	2	0.751367	-0.034925	0.0486719
736	0	0.751695	0.0170405	0.00759054
737	2	0.751995	-0.0528166	0.000572086
738	0	0.752458	-0.017716	0.0622594
739	0	0.7526	0.0298957	0.004532
740	0	0.760488	-0.0495664	0.12143
741	1	0.760688	-0.0659571	0.0268079
742	1	0.764468	-0.0522006	0.00355918
743	1	0.764857	0.0497514	0.0733144
744	0	0.765379	0.0497599	0.0227954
745	2	0.769248	-0.0400089	0.00166707
746	0	0.769819	0.0416689	0.00768735
747	2	0.769966	0.0139043	0.013185
748	1	0.770488	0.0681817	0.0806549
749	2	0.771366	-0.0532791	0.035057
750	1	0.771671	0.0514962	0.0838327
751	2	0.772091	0.0309169	0.00120496
752	2	0.77303	-0.0149889	0.051219
753	0	0.775161	0.141736	0.00628517
754	0	0.775687	-0.0520929	0.018945
755	2	0.775959	-0.0463286	0.0702784
756	1	0.776051	0.0840827	0.0770052
757	2	0.777819	-0.047181	0.0599946
758	0	0.777915	0.0298797	0.0386633
759	2	0.779999	0.0146639	0.0319331
760	0	0.780502	-0.0191964	0.0329778
761	2	0.782894	0.0161425	0.0419312
762	0	0.783083	0.0300619	0.0191376
763	0	0.783475	0.0246968	0.0465053
764	2	0.788047	-0.0288025	0.0101948
765	0	0.788514	-0.0917261	0.00768574
766	0	0.788892	-0.0279805	0.0520359
767	0	0.789433	-0.0278515	0.0407278
768	1	0.791242	-0.253284	0.117949
769	0	0.793626	0.020935	0.0899315
770	1	0.79567	-0.0474188	0.145279
771	1	0.796436	0.0399679	0.0955855
772	0	0.797134	-0.0502845	0.021154
773	2	0.797547	-0.0484648	0.0226815
774	1	0.797608	-0.0115827	0.0439607
775	0	0.799231	-0.0391589	0.0403539
776	1	0.799894	0.0365698	0.0919289
777	2	0.801877	0.0822954	0.0429362
778	0	0.802109	-0.0345468	0.0438242
779	0	0.803126	0.0305647	0.0144963
780	2	0.803762	0.171188	0.0315308
781	0	0.803979	0.0516285	0.0598285
782	2	0.805706	0.0117924	0.0687713
783	0	0.806469	-0.0192964	0.00459872
784	0	0.80979	0.0657532	0.0862041
785	0	0.8124	0.0371468	0.00600785
786	2	0.812617	0.0109609	0.020083
787	0	0.813335	0.0691445	0.0790744
788	2	0.815816	0.0372245	0.000271093
789	0	0.818186	0.0712716	0.0386055
790	0	0.820298	-0.0123955	0.0016908
791	0	0.821498	-0.0148545	0.0835306
792	2	0.82197	-0.0459523	0.0601507
793	0	0.823176	0.0500559	0.0449609
794	0	0.824256	-0.0718075	0.0184965
795	0	0.825834	-0.0208114	0.0242051
796	1	0.827472	0.00930074	0.00217558
797	2	0.82918	-0.0218137	0.00819257
798	1	0.829648	-0.0236107	0.0445769
799	2	0.832224	0.0486044	0.0739236
800	0	0.833753	-0.0491712	0.0720096
801	0	0.834515	0.0614245	0.0764019
802	2	0.835962	0.0541435	0.0177667
803	1	0.836326	-0.0686262	0.0564365
804	2	0.838367	-0.0296368	0.0187073
805	0	0.838675	0.0994119	0.00225377
806	0	0.839448	0.0283697	0.00954026
807	0	0.8395	0.0188788	0.0583943
808	2	0.839765	-0.0209809	0.102064
809	2	0.840459	-0.0219349	0.000131514
810	0	0.841034	0.10187	0.0290888
811	0	0.841074	0.0334263	0.0344457
812	2	0.841377	-0.0534253	0.0330191
813	0	0.841489	0.0523466	0.0239176
814	1	0.843113	-0.0455136	0.0770755
815	0	0.84332	-0.0147064	0.0450634
816	0	0.844437	-0.0297227	0.0181142
817	1	0.844765	-0.0529017	0.0344548
818	1	0.84605	-0.0423208	0.058341
819	0	0.846051	0.0121587	0.0331183
820	1	0.849238	0.0228382	0.0478941
821	0	0.849906	-0.0652054	0.0197915
822	2	0.849994	0.0149595	0.0761553
823	0	0.852079	0.177431	0.00258342
824	2	0.853896	0.0134585	0.0308989
825	1	0.855144	-0.0384478	0.0603387
826	0	0.857078	0.0389115	0.000285607
827	2	0.859045	0.0957584	0.0245025
828	0	0.859873	0.0497184	0.0633961
829	1	0.860608	0.0314818	0.0428376
830	2	0.860916	-0.0791783	0.0241989
831	0	0.86203	-0.0272269	0.00660527
832	2	0.862299	0.0603688	0.00779451
833	1	0.862599	0.00923218	0.0217775
834	2	0.862752	0.0115571	0.0145174
835	2	0.86312	0.018428	0.0240304
836	2	0.865137	0.0377915	0.0137019
837	2	0.866756	0.00177768	0.0505451
838	0	0.866918	-0.0372799	0.104208
839	0	0.867534	-0.0561349	0.0841782
840	2	0.868703	-0.0596818	0.0116609
841	0	0.869343	0.0214768	0.0131947
842	2	0.869965	-0.111723	0.0071404
843	0	0.870053	-0.0304196	0.0474684
844	2	0.871747	-0.0556284	0.0869123
845	1	0.87188	0.0276799	0.0476113
846	0	0.87226	0.0218185	0.0520735
847	0	0.872825	0.0418665	0.0493954
848	0	0.873074	-0.0140102	0.0998407
849	2	0.873877	-0.0249285	0.0274086
850	0	0.875067	-0.0122137	0.038672
851	2	0.875117	-0.0352937	0.0163948
852	2	0.876581	0.0187719	0.0534131
853	2	0.878573	0.0139437	0.0512583
854	2	0.880274	-0.0155111	0.108273
855	2	0.880916	0.0690667	0.070283
856	0	0.882938	-0.0197021	0.108054
857	2	0.883021	-0.0595218	0.0970634
858	2	0.884774	0.0532996	0.0291989
859	0	0.88658	0.0339102	0.0908422
860	0	0.88661	0.00647033	0.0157988
861	0	0.887696	0.022699	0.0286445
862	0	0.887824	-0.193542	0.0553793
863	0	0.88945	-0.0125347	0.0354175
864	0	0.88977	0.0221671	0.0158302
865	1	0.890221	0.091611	0.0686858
866	2	0.890299	-0.0237648	0.105534
867	2	0.890465	0.0608662	0.0196449
868	1	0.890677	-0.0180193	0.0724252
869	1	0.890787	-0.0244823	0.153011
870	2	0.893778	0.0481699	0.102993
871	2	0.895292	-0.0138676	0.0317452
872	1	0.896993	0.0363309	0.0793921
873	0	0.897605	-0.00594416	0.0370874
874	0	0.898806	0.0276446	0.0205763
875	1	0.900445	0.027886	0.059876
876	0	0.900727	0.0556442	0.00291747
877	1	0.901904	0.0304616	0.0980117
878	2	0.902966	0.0261978	0.0580167
879	2	0.903093	0.032296	0.0190368
880	2	0.903905	-0.0158796	0.0108732
881	1	0.904452	0.138604	0.0450284
882	2	0.904489	0.0533934	0.00185302
883	2	0.90684	-0.100613	0.0358655
884	2	0.907361	0.0361445	0.0803515
885	0	0.907594	0.00732892	0.0203145
886	2	0.90868	0.0280214	0.0342416
887	1	0.909496	0.130489	0.0756949
888	1	0.912601	0.046537	0.0955649
889	1	0.914321	0.0160809	0.0817375
890	1	0.915287	0.0963148	0.113297
891	1	0.915732	-0.174129	0.0562532
892	0	0.916389	0.122972	0.0417088
893	0	0.916611	0.0370929	0.0211926
894	2	0.916656	0.00524286	0.077281
895	2	0.918917	0.00835945	0.000707763
896	0	0.919771	0.0238149	0.00792536
897	0	0.920208	-0.0463347	0.00760567
898	0	0.920363	-0.0543891	0.0279919
899	2	0.920799	0.0194447	0.0631087
900	2	0.921254	-0.0557557	0.0393186
901	0	0.921628	0.0530303	0.0400201
902	1	0.921697	0.0395685	0.0366826
903	1	0.921859	-0.0396043	0.0160146
904	0	0.921921	-0.0566332	0.0390004
905	0	0.922009	-0.0512385	0.0433212
906	1	0.922537	0.033619	0.127701
907	0	0.923226	0.0806671	0.0532666
908	1	0.923276	0.0422009	0.0528905
909	2	0.923605	-0.0509843	0.0626334
910	2	0.923943	0.0131717	0.034651
911	0	0.924771	-0.0485672	0.136701
912	2	0.9271	0.0217774	0.0394922
913	0	0.927774	0.00554281	0.00754301
914	0	0.927886	0.0204958	0.109485
915	2	0.929878	-0.0119676	0.064428
916	0	0.931262	-0.038588	0.0105776
917	2	0.931348	-0.00843094	0.0744843
918	0	0.931958	-0.0270462	0.0493464
919	2	0.934659	-0.0251563	0.0172559
920	0	0.935314	0.0259108	0.0207655
921	1	0.935368	0.0789528	0.0770952
922	0	0.93548	-0.0206069	0.00618183
923	0	0.935491	0.0882912	0.0559791
924	0	0.937217	0.0432521	0.00475231
925	0	0.938332	0.0203011	0.0593576
926	2	0.938687	-0.0134581	0.0841338
927	0	0.939294	-0.0307158	0.0658418
928	1	0.942088	0.0397392	0.0564634
929	1	0.942179	-0.0608174	0.0980516
930	2	0.944055	0.101229	0.0178523
931	0	0.944854	-0.010048	0.102374
932	0	0.94644	-0.00397759	0.0502109
933	0	0.947303	-0.0674586	0.0600037
934	2	0.947427	0.0404529	0.0404132
935	1	0.947972	0.0747358	0.145923
936	2	0.950593	0.02818	0.0456394
937	0	0.95087	0.0419896	0.0206487
938	0	0.952224	-0.0253484	0.0177671
939	2	0.952983	-0.0176881	0.0398584
940	0	0.953551	0.00923538	0.00206066
941	1	0.95546	0.0234086	0.12825
942	2	0.955566	-0.0203173	0.00467221
943	0	0.957168	0.036468	0.0261415
944	2	0.957286	0.0301695	0.0890611
945	0	0.957432	-0.0466502	0.0223036
946	2	0.957472	-0.0621481	0.0390401
947	1	0.958109	0.120384	0.0515577
948	2	0.958782	0.0338853	0.0406028
949	2	0.958878	0.0144671	0.00473206
950	0	0.960727	-0.0594593	0.0515905
951	1	0.961328	0.0735921	0.00439007
952	2	0.961332	-0.115236	0.0478977
953	0	0.961619	0.00202456	0.0123512
954	1	0.961663	0.0312052	0.0306785
955	0	0.962058	0.0621906	0.0168091
956	1	0.96208	-0.0473088	0.176089
957	0	0.96356	-0.00673899	0.0112064
958	1	0.966588	-0.0405363	0.0448571
959	1	0.966887	-0.0370733	0.0163938
960	0	0.966965	-0.0106045	0.070591
961	1	0.96812	0.124045	0.060681
962	1	0.968183	0.114299	0.115828
963	0	0.971991	-0.0379392	0.0212846
964	1	0.972165	-0.0155439	0.0482919
965	1	0.973534	-0.0227628	0.0787466
966	0	0.973583	-0.0900361	0.00785555
967	0	0.976262	-0.0121638	0.0140549
968	2	0.976969	0.033929	0.00932906
969	2	0.977308	-0.0257115	0.0380198
970	2	0.980453	0.05263	0.0415333
971	2	0.980585	-0.00459356	0.0636529
972	0	0.980705	-0.0290694	0.0520542
973	0	0.980724	-0.0241912	0.024001
974	1	0.981002	0.0562948	0.0106813
975	2	0.981462	-0.0184167	0.0198402
976	1	0.982026	-0.112464	0.106382
977	0	0.982111	-0.0228903	0.00197671
978	1	0.98371	-0.0961508	0.114295
979	0	0.984926	-0.068015	0.0942272
980	0	0.985071	0.0186142	0.0230999
981	2	0.986239	-0.0182335	0.0284564
982	0	0.986521	-0.10249	0.0114715
983	2	0.987108	0.0204895	0.0483623
984	0	0.987548	-0.0214431	0.064812
985	0	0.988831	-0.0534742	0.0263371
986	1	0.989027	-0.0321507	0.000297094
987	0	0.990833	-0.00673712	0.0182296
988	2	0.992142	-0.0107203	0.00981794
989	2	0.992784	0.0266422	0.0212166
990	0	0.993337	-0.0255119	0.0527013
991	0	0.993723	-0.0158372	0.0732395
992	2	0.994384	0.060996	0.0866888
993	2	0.995275	0.0269622	0.0145682
994	0	0.995862	-0.0135434	0.0105518
995	1	0.995968	-0.0145294	0.0293921
996	2	0.998485	-0.0349592	0.00710793
997	2	0.998931	0.0635986	0.00946505
998	2	0.999231	-0.0544014	0.00904415
999	2	0.999559	0.0468497	0.00967295
4	116	-0.0369329
4	565	0.0393694
4	920	-0.0407987
4	697	-0.0255035
5	826	0.0109586
7	657	0.0198629
7	594	0.00730515
7	130	-0.0128389
7	341	0.0246576
7	491	0.0269327
7	918	-0.038445
7	101	0.0201096
7	863	-0.0336579
7	638	0.0357551
7	370	0.0276948
7	729	0.0416608
7	602	-0.0169553
7	233	-0.0211376
7	333	0.0269262
7	536	0.0321222
7	775	-0.0331008
7	307	0.0240525
7	218	-0.00928211
7	973	-0.00856655
7	469	-0.0215445
7	454	0.0223216
7	123	0.0170181
7	911	0.0379916
7	479	-0.0276764
7	680	0.0402203
7	711	0.0315624
7	191	0.0235442
7	667	0.0405711
7	766	-0.0195758
7	140	-0.0316059
7	408	0.0125229
8	831	-0.0358382
8	806	0.0242342
8	783	0.0275418
8	911	0.0151927
8	194	-0.0396882
9	928	-0.0261982
9	555	-0.04359
9	592	0.0347134
9	881	0.0198227
9	714	-0.10244
9	941	-0.0349456
9	875	-0.0435868
9	756	0.0150787
9	470	0.0507919
9	947	-0.0669193
11	495	-0.0214498
11	214	0.0509678
14	515	-0.0282944
19	87	0.0263079
20	612	0.0174939
20	301	0.0108363
20	407	0.0443755
20	92	0.031126
22	307	0.0259661
22	692	-0.01987
22	368	0.0240821
22	14	-0.0629397
22	690	0.041391
24	141	0.0123064
24	674	0.0237053
26	338	-0.0261502
26	126	0.0428598
27	511	0.0186071
29	594	-0.0417326
29	940	0.0373184
29	715	0.031149
29	329	0.0369798
29	620	0.0197382
29	456	0.0433326
29	196	-0.0113396
29	486	0.0330929
29	4	0.0142631
29	960	0.0216492
29	685	-0.0426969
29	885	0.00932443
29	125	0.0340279
29	907	0.0245747
29	224	-0.0157482
29	932	0.00939167
29	754	-0.0342081
29	634	-0.0132522
29	87	-0.0265571
29	515	-0.0136616
29	957	-0.0358863
29	343	-0.0195822
29	637	0.0178915
29	624	0.045434
29	897	-0.00940159
29	472	-0.00872176
35	619	-0.013956
35	726	-0.0144537
35	507	-0.0364542
40	525	0.0392355
40	612	-0.0220172
40	407	0.0156906
40	743	0.0703418
40	658	0.0231264
40	877	-0.0258681
40	693	-0.0196836
40	721	0.0504048
42	793	-0.0366036
46	552	0.0423735
46	384	0.0878811
48	800	0.0290733
48	368	0.0199437
48	72	0.0103699
48	898	0.0147073
54	885	0.0437352
54	831	-0.0360852
54	565	0.010469
54	924	-0.0242609
60	607	-0.0492757
60	455	-0.0304848
80	951	-0.0758865
92	598	-0.0523052
98	856	0.029863
99	590	0.03192
101	569	-0.0384013
101	615	-0.0297287
101	611	0.0335938
101	170	0.026106
101	469	-0.0126604
101	363	0.0120687
101	791	-0.0282905
101	147	0.0171192
101	476	-0.0167999
114	621	-0.0839284
116	692	-0.0378573
118	810	-0.0172856
119	595	-0.0197453
119	22	-0.00618936
119	487	-0.0159673
119	864	0.0385895
119	898	-0.0282082
119	874	0.0327544
124	70	0.0252386
124	49	-0.018706
125	821	0.0270413
125	467	-0.039454
128	146	0.0215631
128	266	-0.03204
129	890	0.0274741
129	306	-0.0371589
130	727	-0.0185524
130	994	-0.0273165
130	918	-0.0165011
130	863	0.013317
130	564	0.0337625
130	577	0.0159665
130	973	0.0173062
130	625	0.0141111
130	730	0.0325655
130	418	0.0488029
130	68	-0.0300399
130	686	-0.0321302
130	578	0.0348618
130	846	0.0175021
130	568	0.0316255
131	790	0.0283838
131	421	0.0125466
133	429	0.00980557
133	575	0.0654687
136	616	-0.0324849
136	379	-0.0197747
136	209	-0.0294828
136	552	-0.0681004
136	872	-0.033843
136	497	0.0330791
138	11	-0.0514701
138	955	-0.0316272
138	495	0.0236029
138	171	-0.0176781
138	680	-0.0323852
138	167	0.0189745
138	147	0.0187431
138	772	0.0223049
145	918	0.0041341
145	432	-0.054264
145	414	0.0363927
145	595	-0.0335694
145	779	-0.0301987
145	611	-0.0355463
145	718	-0.042446
145	781	-0.0327798
145	831	-0.0211215
145	133	-0.0366578
145	318	0.00912722
145	864	0.0130272
145	785	0.0172084
145	810	0.0231938
145	931	-0.0159469
151	241	0.0240893
151	410	-0.0595022
151	921	-0.021795
151	192	0.0453175
151	845	-0.0247337
151	928	0.0423214
151	887	0.0743813
151	771	-0.0600791
151	929	-0.0707506
151	313	-0.0411294
151	986	-0.0458272
151	26	-0.0505131
151	743	-0.0239815
151	658	-0.00758413
151	614	-0.0549935
151	190	0.0326495
151	347	-0.0232293
151	99	0.0465588
151	60	-0.0245304
151	28	-0.0358224
151	820	-0.0134769
151	306	0.0227173
151	798	0.0278392
151	455	0.0304965
151	868	0.0380137
151	184	0.0397331
151	183	-0.0493031
151	829	-0.0431395
151	825	-0.0268298
152	303	0.0206162
152	151	0.0490559
152	241	0.0661003
152	410	0.0375386
152	921	0.0150078
152	656	-0.0194435
152	213	0.0347994
152	935	-0.0277574
152	845	-0.0512384
152	818	-0.0364409
152	748	0.0640312
152	770	-0.0480636
152	887	-0.0221178
152	20	0.0514385
152	339	-0.0323591
152	324	-0.0424274
152	182	-0.0222435
152	743	-0.0148223
152	284	-0.0455354
152	614	-0.0609709
152	190	-0.0227522
152	441	0.0363089
152	903	0.0170713
152	99	0.0363618
152	756	-0.0170668
152	234	0.0742814
152	550	0.0371173
152	552	0.0310484
152	126	-0.024286
152	203	-0.0203399
152	954	-0.0541645
152	481	-0.0974604
152	25	-0.0368172
152	689	0.0984852
152	776	-0.0176798
152	902	-0.0455349
154	890	0.0591494
155	375	0.0411018
155	445	0.0196671
155	463	0.033389
157	483	-0.0340196
157	465	-0.0548742
157	294	0.0183694
157	923	0.0433663
158	483	-0.0223055
158	390	-0.0308521
158	98	0.0222837
158	826	-0.0409611
158	123	0.0234662
158	167	0.0204531
158	507	-0.029623
159	511	0.0387625
164	350	0.0307067
165	399	-0.0383904
165	286	-0.0264452
165	7	0.0279224
165	274	-0.0326227
165	940	-0.0329664
165	448	-0.019836
165	329	-0.0400863
165	145	0.0210648
165	769	0.0125075
165	994	0.0331814
165	918	0.0180534
165	432	0.0385065
165	456	0.02251
165	938	-0.0275526
165	523	-0.0196418
165	638	0.0263041
165	953	-0.0255377
165	885	0.0778403
165	678	-0.0108747
165	666	0.0314563
165	692	0.0249309
165	139	-0.0314637
165	21	-0.0572686
165	864	-0.0168377
165	433	-0.0237984
165	963	0.0301161
165	565	0.0312516
165	765	-0.0293602
165	326	-0.00877452
165	452	-0.0251139
165	728	0.0512067
165	195	0.0227579
165	711	0.0243628
165	403	-0.0101421
165	784	0.0180404
165	979	0.0303735
165	873	0.0191351
165	222	0.0273002
170	171	0.023491
170	396	-0.0133503
170	772	-0.0226694
170	75	0.0202646
171	859	-0.00957051
181	119	0.0293178
181	101	0.0119127
181	414	-0.023286
181	4	0.021469
181	778	0.0265517
181	310	0.0321941
181	679	0.0106992
181	35	0.0262513
181	390	0.0176351
181	5	-0.0354737
181	932	0.0298616
181	318	-0.0355415
181	433	-0.0475149
181	452	0.0861618
181	606	-0.028099
182	26	-0.0261609
182	581	-0.0156809
182	338	-0.0310706
182	820	0.0650593
185	729	0.0347692
185	907	-0.0398628
185	985	-0.0244156
185	726	0.0497419
185	957	0.0309708
190	347	0.0801231
190	270	-0.0344293
192	845	0.0331363
192	748	-0.0139914
192	436	-0.0271243
192	40	0.0642054
192	20	0.0306808
192	339	-0.021576
192	962	0.00818601
192	742	0.0346383
192	978	-0.0449708
192	154	-0.0311686
192	820	-0.0232855
192	556	-0.0195772
192	798	-0.0423733
192	546	0.0377733
192	566	0.0301792
196	685	-0.0493537
196	487	0.0498565
196	333	-0.032519
196	558	-0.0330109
196	19	-0.0404032
196	288	-0.021436
196	828	-0.0317704
198	841	-0.0161929
198	860	0.0172661
198	447	0.0180242
207	312	0.050064
207	93	-0.0403688
210	366	0.0187544
211	908	-0.0390507
211	693	0.0241791
211	389	0.0278735
213	935	0.028314
213	928	0.0435679
213	525	0.0422835
213	555	0.0152054
213	976	-0.0301659
213	929	-0.026589
213	301	0.0410577
213	345	0.0803972
213	586	0.0245018
213	592	-0.0207313
213	374	-0.0499105
213	505	0.0297102
213	956	0.0679318
213	389	0.0163305
213	532	0.0310741
213	361	-0.0513151
219	146	0.0473068
221	236	-0.0294358
224	214	0.0177793
224	471	-0.0207003
225	266	0.0318596
227	14	-0.0309748
230	664	0.0444333
233	901	-0.0179446
233	265	0.0204873
234	653	0.0287249
237	976	-0.0482629
237	696	-0.040913
237	345	0.0493488
237	962	0.0493413
237	441	0.0540033
237	27	-0.0158823
237	374	0.0423535
237	331	-0.0277931
241	410	-0.0272845
241	656	-0.069996
241	935	0.0671256
241	9	-0.0302703
241	436	-0.0296444
241	237	-0.07572
241	525	0.0585821
241	555	0.037559
241	995	0.020933
241	612	-0.0140731
241	986	0.0566958
241	324	-0.0357075
241	941	-0.0359794
241	435	0.035763
241	182	0.0436643
241	26	0.0748162
241	889	-0.059945
241	221	-0.0412898
241	234	-0.0119582
241	517	0.0583814
241	556	0.0456959
241	173	0.0478948
241	481	0.0316413
241	384	0.0773579
241	621	-0.0134085
241	712	0.0550583
241	311	0.0186143
241	814	0.0296036
247	869	0.0688636
254	956	0.0192095
254	361	0.0256516
255	947	-0.0269099
256	806	-0.0181002
256	70	0.0456884
259	330	-0.0399179
274	130	-0.0546506
274	448	-0.0224902
274	329	0.0539958
274	620	0.0351439
274	938	0.0297247
274	523	0.0144997
274	819	0.014299
274	615	-0.0185615
274	775	-0.01585
274	391	-0.0201643
274	133	0.0197195
274	131	-0.0250947
274	375	-0.0232156
274	127	0.0158739
274	913	0.01496
274	476	-0.0233943
274	582	-0.0260726
274	271	-0.0144965
275	667	-0.0154161
275	807	0.00848683
280	307	-0.0207114
280	510	-0.0289339
280	492	-0.0114164
280	484	-0.0166265
284	559	-0.030492
284	774	-0.0748482
285	370	0.0215851
285	421	-0.0199667
285	469	-0.0519228
285	445	0.0134515
285	904	-0.0245662
285	823	-0.0499987
285	355	-0.0270646
286	657	-0.0295368
286	753	0.0171327
286	594	0.0256147
286	274	0.00856694
286	940	-0.0428736
286	448	-0.0443918
286	727	0.0272031
286	491	0.0239326
286	119	0.0635082
286	569	-0.0265704
286	514	0.0224499
286	885	0.0173611
286	916	-0.0138235
286	950	-0.0146617
286	651	0.0269911
286	815	0.0328698
286	648	0.0395348
286	739	-0.0141408
286	297	0.0409524
286	116	-0.0441894
286	955	0.0313725
286	907	-0.0232278
286	375	0.0337055
286	318	0.0105169
286	794	-0.0276893
286	763	0.0228519
286	64	-0.0263479
286	294	-0.0190821
286	87	-0.0322496
286	823	0.0421058
286	179	-0.0344799
286	876	0.0345027
286	229	0.0220727
286	367	-0.00863034
288	943	-0.0790051
291	615	-0.0229853
291	22	0.023082
291	831	-0.0343664
291	98	0.0494298
291	860	0.0382069
291	763	0.0453288
291	444	-0.0233322
291	925	-0.0275507
291	626	-0.024452
291	492	-0.0447
291	293	0.0411314
297	98	0.00696534
297	644	-0.0476284
297	38	0.0314616
298	627	0.0271614
301	714	-0.074261
301	941	-0.0328953
301	607	0.0391642
303	151	-0.0259799
303	241	-0.0512606
303	410	-0.0272358
303	921	-0.0696086
303	213	0.0436508
303	748	-0.0183301
303	436	0.0477767
303	887	-0.0467779
303	696	0.0508755
303	313	0.0470515
303	345	0.0118446
303	616	0.0310582
303	592	0.0100628
303	324	0.0235255
303	435	-0.113914
303	742	-0.060179
303	865	0.0468196
303	128	0.0300374
303	27	0.0219448
303	46	-0.0365325
303	236	0.0476095
303	28	0.0265376
303	890	0.0359984
303	106	-0.0343219
303	869	-0.0177929
303	546	-0.0314724
303	954	-0.0489746
303	183	-0.0537592
303	166	0.0541989
303	803	-0.0461032
303	796	0.051628
303	225	0.0229662
303	964	-0.033241
303	13	0.0446407
307	375	-0.0298865
307	139	0.0311424
310	425	-0.0182158
310	396	0.0422132
310	789	-0.0279565
313	962	0.0146051
313	435	0.0507916
313	255	-0.0577516
313	92	-0.0620785
314	953	-0.0193204
314	805	0.0481478
314	275	-0.0297281
314	758	-0.0340355
314	990	0.0224525
314	289	-0.0273355
324	742	0.02848
329	414	-0.0211134
329	922	0.0380275
329	523	-0.0370635
329	196	-0.0212085
329	362	-0.0447433
329	198	0.0431612
329	333	0.0225341
329	950	-0.0236007
329	907	-0.015366
329	655	-0.037004
329	860	-0.0170768
329	127	0.0188675
329	139	0.0260499
329	376	-0.0144468
329	686	-0.0152453
329	271	-0.0366171
333	533	-0.0297933
333	17	0.0168355
338	114	-0.015703
339	313	-0.0914905
339	301	-0.0932356
339	2	0.0335658
339	106	-0.0269364
340	603	0.0450283
341	48	-0.029309
341	4	0.0231896
341	602	0.039688
341	170	-0.0400213
341	5	-0.0681315
341	625	0.0404671
341	821	0.0148055
341	408	-0.0287762
342	465	-0.0300582
345	129	0.0426706
345	877	0.0193785
345	249	0.020657
345	951	-0.0158296
352	769	-0.0211629
352	994	0.0308445
352	456	0.0293413
352	922	-0.0400203
352	285	0.0312146
352	158	-0.0367643
352	901	-0.011755
352	125	-0.0662505
352	124	-0.0286484
352	131	-0.0340038
352	913	0.0185502
352	634	0.042889
352	376	-0.0118493
352	697	-0.0218791
352	848	-0.0227629
352	62	-0.016428
362	233	-0.0283242
362	396	0.0318448
362	610	-0.0100404
362	72	-0.0187461
362	330	0.0209438
362	398	-0.0101088
363	848	0.0171022
368	691	-0.0180279
370	740	-0.00902912
370	893	-0.0181058
374	756	-0.0461717
375	795	0.0191689
376	766	-0.0323524
379	270	-0.0291914
379	869	0.0709752
389	906	-0.0231407
390	979	0.0126471
391	256	-0.021707
391	179	0.0128201
399	286	-0.0599612
399	7	-0.0255526
399	753	0.0400696
399	715	0.0253836
399	130	-0.0374997
399	448	-0.0279347
399	341	0.0417447
399	620	0.0347351
399	863	0.01602
399	138	-0.00956093
399	48	-0.0323395
399	564	-0.0300757
399	953	0.0177131
399	718	-0.024227
399	198	0.011795
399	654	0.00848484
399	256	0.0413425
399	297	0.0208044
399	124	-0.0183834
399	390	-0.0318352
399	224	-0.0316601
399	454	-0.0175987
399	227	-0.026536
399	118	-0.0581491
399	794	-0.0263747
399	977	0.00977868
399	288	0.0198263
399	765	0.0442411
399	452	0.0439733
399	466	0.0245627
399	191	0.0250393
399	673	-0.0170883
399	937	-0.0657191
399	991	-0.0243606
399	562	0.0168607
399	365	0.0213093
402	607	0.0422846
405	429	-0.0362973
407	865	-0.0400423
407	961	-0.066156
410	921	0.0738691
410	192	0.0459621
410	818	-0.0326988
410	748	-0.0407072
410	9	-0.0503792
410	436	0.0238523
410	237	-0.0286126
410	20	-0.030567
410	995	0.0513222
410	136	0.0829905
410	586	0.0218668
410	714	-0.0518861
410	941	-0.0632441
410	284	0.0479828
410	658	-0.034699
410	129	0.0246569
410	154	0.0284418
410	270	-0.0835027
410	402	-0.066009
410	312	-0.0506535
410	249	0.0385962
410	306	-0.0315809
410	25	-0.0476885
410	551	-0.0348136
412	833	-0.0383279
412	702	0.0611186
414	285	-0.0180254
414	638	0.0151683
414	778	0.0727698
414	185	0.0250508
414	558	0.0341692
414	860	-0.0147597
414	42	0.0444581
414	282	0.0345484
418	664	-0.0188988
421	973	0.0504146
425	394	-0.00810121
425	419	-0.0412457
432	938	0.0453309
432	138	-0.0203626
432	486	0.023277
432	826	0.0347815
432	186	0.0138661
432	164	-0.0362898
432	363	-0.0254212
432	179	-0.0378356
432	987	-0.0241037
435	903	-0.014278
435	114	-0.046118
435	159	0.0790984
436	525	-0.0334364
436	714	-0.0249612
436	455	-0.0458438
436	80	0.0649368
436	645	0.0369192
448	352	-0.0189311
448	584	0.0194688
448	291	0.0261771
448	314	-0.0445786
448	577	0.0219309
448	916	-0.0286609
448	279	0.0142739
448	655	0.0118545
448	21	0.0399909
448	460	-0.0346806
448	697	0.042066
448	420	-0.0304935
448	733	-0.0271927
454	195	0.0282253
456	938	0.0226711
456	486	0.0245434
456	48	-0.0175068
456	391	-0.0404976
456	527	0.0316745
456	35	0.0167368
456	479	-0.0192921
456	896	0.0261468
461	558	0.0591242
461	533	0.0134015
461	350	-0.0553474
461	673	-0.0503765
461	850	0.0300816
469	515	0.0669746
479	785	-0.02116
483	264	-0.0183252
483	813	0.0396885
486	233	0.0461161
486	5	-0.0177606
486	421	0.0425885
486	859	-0.0260762
486	691	0.0349287
487	155	-0.03057
487	218	0.0329247
491	456	-0.0127917
491	819	0.0340236
491	960	0.0485448
491	487	0.0245836
491	198	-0.0138596
491	678	0.0166056
491	666	-0.0370782
491	495	-0.0270441
491	467	0.0732509
493	424	-0.0169812
495	860	0.0412243
496	692	-0.028075
496	342	0.0384849
496	892	-0.0264777
496	578	0.0221736
496	251	-0.0453657
500	185	0.0187642
500	370	0.0533076
500	280	0.0320342
500	602	-0.0252796
500	730	0.0368232
500	282	-0.0128756
505	173	0.0134122
510	227	0.0357966
510	405	0.0180575
510	984	0.0223353
514	955	-0.0194604
514	495	-0.0250732
514	625	0.0211457
514	298	0.017068
514	360	-0.0355498
516	634	0.0461764
516	562	0.0401861
523	527	0.013302
523	539	-0.0273138
523	493	0.0333353
523	471	0.030438
523	176	-0.0137167
525	20	0.0378581
525	929	-0.0635981
525	581	0.0340911
525	236	0.0344332
525	961	0.0130592
525	532	0.0366289
527	541	-0.0511014
527	933	-0.0516722
533	465	-0.0364422
536	116	0.0664855
536	619	-0.0387094
536	418	-0.0143461
536	360	-0.0303097
539	466	0.0621226
541	985	-0.0216205
541	522	-0.0333179
555	881	0.0289392
555	284	-0.011332
555	347	-0.027657
555	865	0.0608704
555	833	-0.017202
558	134	0.0347168
564	685	-0.0247129
564	487	0.0263767
564	678	-0.0290552
564	310	-0.030735
564	654	-0.0260822
564	186	0.0328628
569	819	0.0318091
569	185	-0.0631564
569	779	0.011958
569	370	-0.0293124
569	342	-0.0270839
569	115	-0.0232288
571	230	-0.0250348
577	831	0.0413529
577	522	-0.0183296
577	195	0.0452696
581	207	-0.0622554
581	868	-0.0403416
581	796	-0.0727254
584	119	0.0186998
584	938	-0.0370584
584	922	-0.0293582
584	800	-0.0112917
584	641	-0.0458249
584	608	-0.0287003
584	841	-0.0115447
584	901	-0.0182287
584	218	0.0236538
584	421	0.0429885
584	368	-0.0184576
584	904	-0.0409526
584	214	0.0645893
586	877	-0.0263622
586	585	0.0650074
586	653	0.0195646
586	645	0.0510748
592	756	0.01897
594	940	0.0193928
594	727	-0.0250135
594	341	-0.00947807
594	119	0.0133758
594	938	-0.0536557
594	500	0.0426691
594	8	-0.0195224
594	885	0.0303331
594	678	0.0139217
594	652	0.0886405
594	275	-0.0275753
594	539	-0.0201248
594	655	-0.0254227
594	368	-0.0510321
594	826	-0.0332696
594	19	-0.0170653
594	24	-0.0295448
594	838	0.0234118
594	326	-0.0338589
594	330	0.0279223
594	893	0.0221093
594	251	-0.0184421
594	44	-0.0175841
595	279	-0.016003
595	218	-0.0218574
595	42	0.0217311
595	479	0.0277897
595	294	0.020976
595	259	0.0171851
602	444	-0.0313416
602	843	0.0456512
608	781	-0.0225931
608	985	-0.021395
608	230	0.0267752
608	33	-0.0187313
608	627	-0.0386306
611	680	0.0246425
611	164	-0.018288
611	118	0.0234276
612	681	0.0399702
612	254	0.0108275
612	590	0.0532901
612	57	-0.0137217
614	27	-0.0562734
615	602	0.025816
615	841	-0.0231502
615	279	-0.0498972
615	390	-0.0545895
615	937	0.0369529
616	743	-0.0583011
616	719	-0.0378064
616	60	0.0417822
616	689	-0.0320058
619	793	0.0257995
619	259	0.0343944
619	990	0.0301765
620	167	-0.0621378
620	730	0.0369691
620	913	-0.0206964
620	943	-0.0193181
620	68	0.0422951
620	982	-0.0352133
620	364	-0.0244686
625	340	0.0541885
638	778	-0.0179815
638	275	0.03648
638	967	-0.0304001
641	611	-0.0334165
641	651	0.0390625
641	831	-0.0328212
641	896	-0.0217007
641	61	0.0318281
648	794	-0.0477886
648	239	-0.0286216
648	945	0.0152296
651	839	-0.0410093
651	932	-0.0240058
651	691	-0.0240986
654	739	0.0385486
654	728	0.0213088
656	213	0.0367293
656	192	0.0427627
656	928	0.0469242
656	696	-0.0322638
656	301	0.0374964
656	345	0.0253921
656	888	0.0265005
656	889	-0.0314395
656	441	0.0260056
656	768	0.0586594
656	209	0.0514096
656	517	0.0388541
656	126	-0.0296498
656	219	0.0189159
656	103	0.0374732
656	741	-0.0394031
656	959	0.0406068
656	187	-0.0663377
657	29	-0.0291236
657	715	-0.0433117
657	145	0.0160394
657	341	-0.0418286
657	491	0.0283053
657	918	-0.0206438
657	119	-0.0326564
657	620	-0.0381989
657	523	0.019874
657	48	-0.02511
657	638	0.0150442
657	778	-0.0291653
657	729	-0.0424043
657	280	-0.0307814
657	602	0.0165846
657	885	-0.0350296
657	608	0.0420128
657	666	-0.0181696
657	841	0.0269365
657	652	0.0550201
657	516	-0.0308098
657	42	-0.0200729
657	571	-0.0199018
657	24	-0.00804994
657	127	-0.0461806
657	904	0.0310812
657	230	-0.037581
657	945	-0.0275185
657	738	-0.0635906
657	426	-0.0306938
658	128	-0.0235314
666	973	0.0303395
666	164	0.0128284
672	980	-0.0117174
672	165	0.00870385
672	399	0.0305767
672	286	-0.0196729
672	657	0.0358557
672	753	0.0220914
672	274	-0.0361043
672	940	-0.0217867
672	715	0.0343549
672	130	0.0424166
672	927	-0.0350093
672	994	-0.021272
672	101	-0.00548805
672	414	-0.039025
672	863	0.0300118
672	569	-0.023296
672	523	0.0243164
672	638	0.0339608
672	641	0.0446961
672	801	0.0362928
672	22	0.0853035
672	953	0.0189714
672	577	-0.0145389
672	901	0.0277322
672	654	0.0365292
672	131	-0.0152719
672	754	0.0211746
672	19	0.0373002
672	571	-0.0408658
672	21	-0.0471364
672	911	0.0199053
672	425	0.0245739
672	680	0.0203445
672	864	0.0262301
672	913	-0.0250273
672	838	0.0121364
672	610	0.032163
672	925	-0.00666591
672	990	-0.0504904
672	72	-0.0243784
672	398	0.0498005
672	967	-0.035473
672	132	-0.0180527
672	987	0.0205424
672	933	-0.0462803
672	674	-0.0236429
672	644	-0.0196987
672	426	0.0213108
672	972	-0.0899224
676	285	-0.0218213
676	158	0.0171887
676	4	-0.0143757
676	233	-0.0314362
676	901	0.0260404
676	516	-0.0155142
676	405	0.0394819
676	664	-0.0192745
676	760	0.075034
676	991	0.028654
678	510	-0.0531335
678	167	0.0155562
679	846	-0.0109318
681	908	-0.0353362
681	817	0.0246025
685	950	-0.027337
685	781	-0.0349018
685	510	-0.0142393
690	925	-0.0502876
690	81	0.028884
696	379	-0.0580375
696	99	-0.0492756
696	598	-0.0202523
714	653	0.034264
714	750	-0.0672817
715	181	0.0213258
715	994	0.013565
715	922	0.0107031
715	314	-0.0291098
715	198	0.0145158
715	781	0.0441959
715	496	0.0217461
715	815	0.0437872
715	527	0.0342561
715	155	-0.0275083
715	454	0.0171778
715	460	0.0196359
715	147	-0.0334466
715	728	0.0273914
715	337	-0.0204431
715	359	0.0600546
718	54	-0.0323792
718	98	-0.0377676
718	465	-0.0292764
718	81	0.0366578
719	190	0.0327545
719	681	0.0336622
719	470	0.100485
719	74	-0.0920354
727	341	-0.0155613
727	676	-0.021075
727	48	-0.0309872
727	718	-0.0494253
727	391	0.0255929
727	279	0.0145693
727	227	-0.0397482
727	21	0.02782
727	433	0.00980401
727	460	-0.0362192
727	843	-0.0394099
727	17	0.034633
727	816	-0.019766
729	577	-0.0216782
729	754	-0.0180268
729	405	0.0185865
739	791	-0.03783
739	290	-0.0200333
742	768	-0.0343424
742	585	0.0593514
742	1	-0.0280016
743	556	0.0294506
743	585	-0.0230839
748	928	0.0383926
748	887	0.0412962
748	40	0.0926093
748	555	0.0337765
748	995	0.010809
748	2	0.030379
748	505	-0.0428695
748	470	0.0610043
748	175	0.016266
748	439	0.0820173
753	727	-0.0130211
753	927	0.0257913
753	291	-0.0187319
753	918	0.0234193
753	432	0.0181377
753	819	-0.0252711
753	158	-0.0441761
753	196	-0.0322375
753	4	0.0380012
753	960	-0.0368352
753	778	-0.0265442
753	8	0.0456124
753	370	-0.0304468
753	256	0.0321294
753	648	0.0402065
753	558	0.0264014
753	655	-0.0666277
753	793	-0.0345823
753	783	0.0344021
753	64	0.0158395
753	740	-0.0416709
753	626	-0.0150551
753	210	-0.022793
753	760	0.0346077
753	33	0.0320224
753	931	0.0331989
753	732	-0.0295576
758	49	-0.00484657
763	264	0.019229
765	466	0.0484045
768	184	-0.0360358
769	994	0.0266974
769	119	0.02331
769	564	0.0293999
769	801	0.031129
769	666	-0.0292835
769	391	-0.0285017
769	679	-0.0153323
769	125	-0.0307444
769	186	-0.0337421
769	64	0.018109
769	424	0.0231409
769	365	0.0319127
770	995	-0.041891
770	616	-0.0540615
770	978	-0.0388561
770	347	0.0522068
770	379	-0.0442899
770	236	0.0311791
770	798	0.0139283
770	891	-0.0476339
770	497	0.0313752
770	965	-0.0303896
771	339	-0.0389304
771	696	0.0350219
771	313	0.0321782
771	592	-0.027904
771	324	-0.0675022
771	908	0.0320554
771	219	0.0352624
771	776	-0.054758
771	311	0.0373136
775	279	-0.0299742
775	483	0.0146412
775	571	-0.025822
778	678	-0.028592
778	333	-0.0200427
778	977	0.0268958
779	54	-0.062109
779	839	-0.0551972
779	726	-0.0671454
779	794	0.0379907
779	239	-0.0176596
779	850	-0.0210237
781	264	-0.00594076
783	713	-0.0301989
790	445	0.0328842
790	626	-0.0321351
790	982	0.0397478
793	892	-0.0175811
800	775	0.0212614
800	815	0.0159163
800	754	-0.0167934
800	634	0.0245251
800	726	-0.0304904
800	140	0.0390702
801	461	-0.0264585
801	781	0.0262424
801	839	-0.0126578
801	813	-0.0140648
801	507	-0.0220539
805	310	-0.0188207
805	652	0.0328917
805	445	0.0612295
805	920	-0.0212031
805	785	-0.023816
805	738	0.0163414
806	838	0.0285157
813	856	0.0295295
815	541	0.0318623
815	210	-0.0437377
818	237	0.0261477
818	339	0.0310574
818	612	-0.0243581
818	592	0.0419726
818	255	-0.0553776
818	768	-0.0326359
818	270	-0.0831313
818	92	0.0517032
818	908	-0.0462574
818	312	0.0227371
818	28	0.0576816
818	693	-0.00639269
818	249	0.0334692
818	203	0.0339574
819	487	-0.0269142
819	679	-0.0149178
819	186	0.0283475
819	123	0.0344211
819	127	-0.0281214
833	559	-0.0614791
839	690	-0.0250237
839	337	-0.0427209
841	539	0.00793277
845	818	0.0461097
845	436	-0.0288767
845	887	-0.0156029
845	995	-0.0541242
845	696	-0.047534
845	26	0.0347239
845	889	-0.0471762
845	207	-0.0342768
845	768	-0.0444842
845	154	0.0697372
845	2	0.0333407
845	254	0.0467015
845	590	0.0324782
845	173	0.0210392
845	166	0.0370323
845	413	0.0282994
848	367	0.026407
859	476	0.0289725
863	138	0.0491294
863	514	-0.0262281
863	729	0.0133808
863	124	-0.0142475
863	42	0.0184164
863	350	-0.0120912
863	141	0.0387642
872	434	-0.0236892
875	103	0.0497979
875	721	0.0310884
875	434	0.0224902
877	712	0.039583
881	875	-0.0594516
881	581	0.033992
881	284	0.0382706
881	550	0.0212061
887	592	0.0316945
887	614	-0.0260591
887	255	0.0200733
887	412	0.0529731
887	906	0.0320449
887	331	0.0642048
888	614	0.043432
888	868	0.036172
888	334	-0.0282107
888	356	0.0569149
889	891	0.0373856
889	1	-0.0526179
892	420	-0.0134213
896	61	-0.0454939
901	943	0.0130236
903	2	-0.0426599
903	402	0.0719649
911	194	0.0439409
916	652	0.0282412
916	5	-0.017649
916	806	-0.0179798
916	132	-0.0485101
918	314	0.0217118
918	333	0.0136732
918	823	-0.0317206
918	68	0.0297
918	403	0.0283287
918	660	0.022673
921	213	0.0216714
921	976	0.0280847
921	929	-0.0432364
921	301	-0.072495
921	324	-0.0143181
921	505	-0.050952
921	338	0.0555518
921	517	-0.0409159
921	247	-0.0725402
921	550	0.030698
921	961	-0.0697357
921	106	0.0295892
921	721	-0.0259695
921	175	0.0242417
921	803	0.0464277
921	202	0.0721002
922	679	-0.0151982
922	904	-0.0132667
922	110	0.0169544
922	366	-0.0286522
922	142	-0.0370647
922	243	0.0293445
927	569	0.0283216
927	885	-0.0163767
927	11	-0.0441549
927	541	-0.031853
927	116	0.028793
927	218	0.0241277
927	516	-0.0186931
927	533	0.0186771
927	118	0.0704966
927	326	-0.0270232
927	582	-0.00752672
927	229	0.0262902
927	355	0.0199394
927	18	0.0242243
928	436	-0.0354323
928	40	0.0876389
928	976	-0.0423259
928	586	-0.0498575
928	412	0.0389029
928	347	0.0189311
929	407	0.0146556
929	658	-0.0462802
929	441	-0.0188107
929	865	-0.0205254
932	290	0.0243813
935	192	0.0181377
935	818	0.0303032
935	9	0.0683938
935	771	0.0247971
935	20	-0.0605702
935	962	0.0609497
935	875	-0.0256292
935	658	-0.0294961
935	978	-0.0338502
935	255	-0.0605558
935	128	0.0565563
935	402	-0.0405289
935	209	0.0420503
935	247	0.0679622
935	956	0.0752835
935	95	-0.0640081
935	112	0.0523687
938	54	-0.0141703
938	233	-0.0290674
938	783	-0.0303953
938	115	0.0204705
938	784	0.0164109
940	448	-0.0225875
940	145	-0.0370424
940	727	0.0320216
940	491	-0.0120312
940	918	0.0320657
940	641	0.0266487
940	651	-0.0133788
940	907	-0.0354614
940	298	-0.0825343
940	791	0.0208189
940	610	0.0332545
940	828	-0.0438925
940	110	0.0179812
940	984	-0.0470465
940	847	0.0346945
940	914	0.0388414
941	221	0.0372641
941	203	0.0659824
950	224	-0.0142798
950	920	-0.0345057
950	821	-0.0417534
953	280	-0.0344585
953	171	0.0394345
953	293	0.0221411
955	730	0.074918
960	801	-0.0273263
960	685	-0.0381959
960	815	-0.0289509
960	692	0.02154
960	772	0.0179815
962	441	-0.0810836
962	833	0.0506446
963	194	-0.0279243
973	318	0.0329071
976	407	0.0418582
976	211	0.0326483
976	207	-0.0189662
976	865	-0.0414158
978	374	-0.0531318
978	221	-0.040545
980	165	0.0227798
980	399	0.0183773
980	286	0.0174084
980	7	0.0199806
980	753	0.0264808
980	130	-0.0365379
980	448	-0.0403979
980	584	-0.037989
980	620	0.0136185
980	676	-0.0197093
980	819	0.0234339
980	486	0.0167697
980	638	-0.0208223
980	611	0.0511193
980	536	0.0578627
980	841	0.0175984
980	307	-0.0444634
980	679	-0.0356566
980	652	-0.0201921
980	11	-0.0626591
980	739	0.0390464
980	157	0.0237455
980	539	0.062595
980	790	0.0287472
980	655	-0.0269192
980	469	0.0258129
980	14	0.0497721
980	139	0.0256195
980	342	-0.0250858
980	977	-0.035143
980	115	-0.0459006
980	61	-0.023838
980	758	0.0440309
980	444	0.00991585
980	522	-0.0172404
980	876	0.0172904
980	359	0.0349963
980	34	-0.0442849
980	905	0.0386825
985	740	0.0332347
986	211	0.0206839
986	412	-0.0442212
986	46	-0.038334
986	234	0.048403
986	529	0.0607855
994	800	0.0330889
994	500	-0.0158664
994	133	-0.0097048
994	955	-0.0213005
994	826	-0.0551498
994	123	-0.0149094
994	963	0.0224028
994	302	0.0172672
995	136	-0.0673687
995	324	-0.0487346
995	129	-0.0628276
995	103	-0.0491733
