400
200
400
1000
500
3
0.333333	0.666667	
0	1	4.31497e-05	-0.0367595	0.0687998
1	0	0.00046179	-0.0370857	0.0405431
2	2	0.00355137	-0.025351	0.0150044
3	1	0.00385233	-0.0459679	0.109958
4	2	0.00570249	0.0114718	0.0599258
5	2	0.00689337	0.063533	0.0563034
6	1	0.00925856	0.104887	0.0553578
7	0	0.0100502	-0.0542497	0.0377014
8	0	0.0104929	0.07692	0.038851
9	0	0.0113615	-0.0323372	0.0231354
10	0	0.013873	-0.0292696	0.0120111
11	2	0.0147451	-0.0223966	0.0111832
12	2	0.016043	-0.0166409	0.0255023
13	2	0.016298	-0.0170789	0.0931863
14	0	0.0163043	0.102297	0.0637696
15	0	0.0166294	-0.0696626	0.0529313
16	0	0.0172398	0.0335791	0.113293
17	1	0.0190284	-0.0670304	0.0374486
18	2	0.0193007	0.0814031	0.0208282
19	2	0.0194355	-0.0384473	0.0179708
20	2	0.0198365	0.0417668	0.015372
21	0	0.0199175	0.0366917	0.0579266
22	2	0.0207161	0.0655517	0.0631643
23	0	0.0208686	0.0807493	0.0334427
24	0	0.0208761	-0.116746	0.108593
25	1	0.0208815	-0.0321283	0.169682
26	1	0.0211237	-0.0226777	0.00529313
27	0	0.0217434	0.0690187	0.0350752
28	2	0.0218143	0.0975792	0.0402679
29	0	0.0220379	0.015885	0.00608625
30	0	0.0228678	-0.0822714	0.0381502
31	0	0.0257297	0.0330235	0.0130432
32	0	0.0265628	-0.0781717	0.0156781
33	1	0.0270539	0.0266576	0.04702
34	1	0.0281083	0.0141138	0.0581021
35	2	0.0298111	0.0583586	0.0232227
36	0	0.0304618	0.0375856	0.0373932
37	0	0.0312879	0.0358054	0.0188486
38	0	0.0319352	-0.0126519	0.0601402
39	2	0.0334946	0.026542	0.0170231
40	0	0.0357061	-0.0459645	0.0479562
41	2	0.0378414	-0.0132376	0.00984425
42	2	0.037914	0.0664075	0.026175
43	1	0.042947	-0.0369937	0.113321
44	2	0.044153	-0.0170166	0.0214165
45	2	0.0445035	-0.0519826	0.0490626
46	2	0.0466299	0.0207397	0.00303432
47	1	0.0477877	-0.0198097	0.0682583
48	0	0.0477973	0.0723065	0.107817
49	1	0.0487731	-0.100579	0.0684269
50	0	0.0498683	0.045994	0.069802
51	1	0.0506749	0.0261448	0.0055487
52	2	0.0531516	-0.0152477	0.144393
53	0	0.0562087	-0.0610854	0.0727758
54	0	0.0566224	0.0284003	0.0337405
55	0	0.0576516	0.0196897	0.0110826
56	0	0.0591519	0.0933814	0.0258096
57	2	0.0603787	-0.00444863	0.0578979
58	0	0.060877	0.0411303	0.0261493
59	2	0.0615911	-0.0434548	0.0838114
60	2	0.061675	0.0327149	0.0739145
61	0	0.0630354	0.0474229	0.0016212
62	2	0.0636954	0.0300727	0.049726
63	2	0.0642861	-0.0366551	0.0642972
64	0	0.066464	0.0463848	0.0313267
65	1	0.0670413	-0.00421947	0.00220393
66	1	0.0692755	0.213116	0.110145
67	0	0.0695246	-0.0273462	0.0277641
68	2	0.070944	0.0262819	0.020379
69	2	0.0728683	0.0647216	0.023764
70	0	0.0729506	0.0289094	0.0026241
71	1	0.0733712	-0.0496373	0.0182569
72	0	0.0740388	0.0405465	0.0439483
73	2	0.0755094	-0.0130235	0.00954504
74	0	0.0768253	-0.06294	0.0123214
75	0	0.0778257	-0.02601	0.00827215
76	1	0.0803507	-0.0899018	0.0200413
77	0	0.0816783	-0.0572215	0.111471
78	0	0.0823702	0.0832216	0.048057
79	2	0.0830225	-0.0412986	0.0629116
80	2	0.08364	-0.0390855	0.030949
81	0	0.0838509	0.0221052	0.0194469
82	2	0.0840015	-0.0133567	0.0263528
83	2	0.0863991	0.138528	0.0517075
84	0	0.0871284	0.0135614	0.105933
85	2	0.0873134	0.00688222	0.0661478
86	1	0.0876282	0.105939	0.0973562
87	2	0.092947	0.0829661	0.0466209
88	0	0.0949928	0.0932482	0.050539
89	0	0.0951186	-0.0334948	0.114619
90	1	0.0959501	-0.0291412	0.0846263
91	2	0.0992974	0.0706439	0.00396245
92	2	0.103578	-0.00708398	0.011611
93	2	0.10619	-0.0655736	0.0545855
94	2	0.112432	-0.0678123	0.0381558
95	2	0.112721	-0.0084869	0.0708321
96	1	0.113229	-0.0502412	0.0414471
97	2	0.113458	-0.015438	0.0837034
98	0	0.113536	0.0459783	0.0922117
99	2	0.113758	-0.0732855	0.0884582
100	2	0.113819	0.0128575	0.00686285
101	0	0.115349	0.0569468	0.00720118
102	0	0.116235	-0.0100482	0.0230101
103	2	0.117636	0.0583678	0.101552
104	1	0.119025	0.0415176	0.105294
105	0	0.121235	0.0161238	0.085774
106	0	0.121584	-0.0502051	0.0615627
107	1	0.121787	-0.0589634	0.0901554
108	2	0.12261	0.0367739	0.010531
109	0	0.12506	0.0464289	0.00992431
110	1	0.125258	0.00795466	0.0085747
111	2	0.126247	0.0187328	0.0588053
112	0	0.128363	0.0850354	0.0338939
113	1	0.129887	-0.0520914	0.152463
114	0	0.133687	-0.0634032	0.0219979
115	0	0.134107	0.0275074	0.078409
116	2	0.134382	-0.0788608	0.0258623
117	1	0.134653	0.0682937	0.078233
118	2	0.134702	-0.191333	0.0317584
119	0	0.138045	0.0701343	0.0215151
120	2	0.139072	0.0160548	0.0421803
121	1	0.139912	-0.133884	0.0564744
122	0	0.141205	-0.0584029	0.0408203
123	2	0.142307	-0.0234244	0.0604037
124	2	0.142569	0.0246639	0.123626
125	2	0.143004	0.0537013	0.0062058
126	2	0.144802	0.0119389	0.0390713
127	0	0.145669	-0.0253909	0.0497451
128	0	0.147127	-0.0384104	0.0371718
129	1	0.14745	-0.0119314	0.0260762
130	1	0.149903	0.0289073	0.100998
131	0	0.150849	0.0237549	0.0954371
132	2	0.151053	0.0289481	0.0346921
133	0	0.151768	0.0247545	0.0132434
134	1	0.1519	-0.0594559	0.100874
135	0	0.152663	-0.0403173	0.0881156
136	2	0.152777	0.0446384	0.0690695
137	2	0.153555	0.0426426	0.0365968
138	0	0.153747	0.0436297	0.025991
139	0	0.153836	0.0354794	0.129739
140	2	0.155528	-0.0508719	0.109923
141	2	0.155697	0.0347075	0.0551453
142	0	0.157218	0.056706	0.0622081
143	2	0.157953	-0.0167603	0.0667208
144	0	0.160279	-0.0203916	0.0170884
145	1	0.160949	0.0353462	0.0304033
146	0	0.161147	0.00662158	0.0214357
147	2	0.162129	0.0779251	0.111179
148	0	0.168102	0.0395496	0.0470232
149	1	0.17178	-0.198867	0.064511
150	0	0.17268	0.021941	0.0611568
151	2	0.172854	-0.0692546	0.0788936
152	2	0.173406	0.0412056	0.0188811
153	2	0.173425	0.010034	0.039704
154	1	0.176014	-0.0308594	0.0629112
155	2	0.176194	0.0214325	0.00254044
156	2	0.176298	-0.0250358	0.0385005
157	2	0.180474	-0.0699497	0.0230703
158	1	0.181283	0.0839177	0.0111339
159	0	0.183632	0.0421622	0.0181811
160	0	0.185057	0.0741576	0.0427004
161	2	0.185855	-0.0707031	0.0239594
162	0	0.187705	-0.0792884	0.00616774
163	1	0.189066	0.0255469	0.0519534
164	0	0.189404	0.118313	0.00319335
165	0	0.189661	0.0215059	0.0150495
166	1	0.191395	0.0105637	0.0306466
167	0	0.19146	0.0678442	0.089246
168	0	0.193128	-0.00552041	0.0136751
169	0	0.200859	-0.0629033	0.0441664
170	2	0.201379	-0.0136032	0.122568
171	0	0.202848	-0.0188349	0.054606
172	1	0.204513	-0.0499685	0.0592307
173	0	0.204738	-0.0446829	0.0143691
174	0	0.205111	0.034589	0.0175491
175	2	0.205178	0.00749101	0.0315043
176	2	0.206088	0.0154316	0.0074896
177	2	0.206249	-0.016986	0.0496578
178	0	0.206397	-0.0808921	0.0401759
179	2	0.207109	0.0103795	0.0174254
180	1	0.207551	-0.0190155	0.0922315
181	0	0.207851	-0.0427851	0.0293513
182	0	0.208057	0.178241	0.0341791
183	2	0.210553	0.0485603	0.0044185
184	1	0.210864	0.0889905	0.00891369
185	2	0.211956	-0.0459504	0.0204247
186	0	0.214283	0.0270386	0.0768628
187	2	0.214721	0.0117576	0.00645396
188	2	0.216053	0.0574207	0.0823099
189	1	0.217851	-0.0376915	0.0325301
190	2	0.218007	0.0183343	0.0617125
191	2	0.219542	0.049652	0.0999227
192	2	0.220617	0.0244116	0.0669369
193	0	0.221574	0.0179339	0.0658956
194	0	0.221664	-0.045186	0.00296048
195	2	0.221746	-0.00282858	0.0105734
196	0	0.223261	-0.0298518	0.0177402
197	1	0.223312	-0.131895	0.0695621
198	1	0.225134	-0.0576012	0.00610102
199	0	0.225888	0.0583932	0.0102827
200	0	0.226507	0.0583438	0.00552407
201	2	0.226512	0.0670125	0.00311339
202	2	0.22781	-0.0191872	0.00890746
203	0	0.228627	0.0164224	0.0150561
204	0	0.229207	0.0109316	0.0195808
205	2	0.230679	-0.0130502	0.0490442
206	0	0.230867	-0.00690439	0.000810572
207	0	0.231101	-0.0734141	0.0561907
208	2	0.231211	-0.0126081	0.0241454
209	2	0.231549	-0.0193166	0.00613472
210	2	0.231741	-0.0631349	0.032413
211	1	0.232248	0.141434	0.0310878
212	0	0.232921	0.0145748	0.079695
213	2	0.233685	-0.0518282	0.00354308
214	2	0.233764	-0.0872505	0.0840429
215	2	0.23494	-0.0311757	0.00767021
216	1	0.234951	0.0933172	0.064185
217	0	0.236801	0.0294409	0.0485012
218	0	0.239013	-0.032221	0.0127092
219	2	0.240134	-0.0128704	0.031836
220	0	0.241935	0.0625891	0.0184708
221	0	0.242084	0.0062171	0.0417811
222	2	0.242551	0.0341035	0.0609762
223	0	0.242786	-0.0353493	0.00564157
224	2	0.24288	0.0516759	0.061583
225	0	0.242981	0.0217123	0.0932567
226	0	0.24402	-0.0475333	0.0854964
227	0	0.244114	0.0661244	0.0461865
228	2	0.245844	0.0407604	0.0156297
229	0	0.246846	-0.0401818	0.0947091
230	2	0.24699	0.0106002	0.0330175
231	1	0.247594	-0.0216588	0.0122735
232	0	0.249832	-0.0320226	0.0450121
233	0	0.251453	-0.0687545	0.083511
234	0	0.253053	-0.0536868	0.00105299
235	2	0.254202	-0.0361922	0.0134436
236	0	0.25427	0.0754006	0.0748693
237	2	0.254321	-0.0354875	0.0191135
238	1	0.254434	0.0337254	0.0866496
239	2	0.254914	-0.0975789	0.0229744
240	2	0.255149	-0.0605051	0.0548064
241	0	0.257104	-0.0670969	0.0134706
242	0	0.257449	-0.0609269	0.0344374
243	2	0.257976	0.00522317	0.00901241
244	2	0.258254	-0.0302493	0.0186264
245	2	0.258954	0.00771501	0.00262294
246	2	0.260012	0.0345004	0.0681234
247	1	0.26314	0.0415292	0.0458936
248	2	0.265224	-0.0984461	0.0498616
249	1	0.266976	-0.0280263	0.0127025
250	1	0.268068	-0.0498232	0.095761
251	1	0.272105	-0.0560314	0.0385945
252	2	0.272372	-0.0113977	0.00964875
253	2	0.274452	0.0759779	0.0746637
254	1	0.278677	-0.017274	0.0741186
255	0	0.281405	0.0350144	0.0415446
256	0	0.281904	0.0327108	0.0373321
257	2	0.28388	0.0438413	0.0283023
258	0	0.285734	-0.0814142	0.0445555
259	0	0.287156	-0.0307301	0.0217181
260	0	0.28785	-0.0457229	0.0306384
261	0	0.28795	0.0124174	0.0308823
262	1	0.288201	0.0991483	0.0613666
263	0	0.289373	-0.0339252	0.0422411
264	1	0.289988	-0.0444243	0.0968012
265	2	0.290459	-0.0640365	0.0948173
266	0	0.293987	0.0388601	0.0196507
267	0	0.297634	-0.0895516	0.00688727
268	2	0.300336	-0.0407142	0.126211
269	0	0.301504	-0.048967	0.028495
270	2	0.302064	-0.0619973	0.087448
271	0	0.302359	-0.00118858	0.01377
272	2	0.30533	0.0136352	0.0462143
273	0	0.306742	0.0529639	0.0241817
274	2	0.308557	0.0312512	0.0289513
275	0	0.308562	0.0287791	0.0517349
276	0	0.309029	0.0394054	0.0321478
277	0	0.309082	-0.0150764	0.0487355
278	2	0.31057	0.0315698	0.0539705
279	2	0.31082	-0.0114108	0.0458148
280	2	0.31209	0.088757	0.0270031
281	0	0.313115	-0.0712374	0.000194551
282	1	0.315797	-0.049556	0.00285033
283	1	0.315861	0.113096	0.15544
284	0	0.316135	0.0572443	0.0154226
285	1	0.316943	-0.0809215	0.0773335
286	0	0.319941	0.0163696	0.0568927
287	1	0.320916	-0.0109064	0.0750121
288	1	0.32122	0.0191431	0.0843378
289	2	0.323712	0.0135701	0.0698781
290	2	0.324828	0.0237171	0.0440045
291	0	0.325063	-0.079213	0.0199341
292	2	0.325691	-0.0102165	0.0676832
293	2	0.326764	-0.0281433	0.00731066
294	2	0.32758	-0.0269335	0.0601327
295	2	0.328408	0.0563948	0.138733
296	0	0.328495	0.0492878	0.0403501
297	1	0.331773	0.0817633	0.0134592
298	0	0.333876	-0.0358561	0.014939
299	2	0.334456	-0.0319787	0.0034385
300	0	0.337302	-0.0321141	0.042582
301	0	0.339007	0.0492543	0.0321711
302	2	0.339397	0.0341767	0.0572095
303	0	0.340843	-0.0717914	0.0776117
304	2	0.340943	0.0398552	0.0484434
305	1	0.342378	0.11793	0.0677296
306	2	0.343628	0.0320431	0.0027475
307	1	0.344077	-0.053164	0.0742012
308	2	0.344128	-0.0403118	0.0171293
309	2	0.347377	0.0912633	0.00356627
310	2	0.349749	0.0215574	0.0802292
311	2	0.352098	-0.0221651	0.0079459
312	0	0.35363	-0.0237808	0.00917776
313	1	0.35445	0.0385456	0.0597152
314	0	0.354853	-0.0322196	0.0575423
315	2	0.356607	-0.0429709	0.0122629
316	1	0.356942	0.0262931	0.112759
317	1	0.359029	-0.163396	0.0537148
318	1	0.359194	0.0193975	0.0331947
319	0	0.360977	0.0299805	0.105431
320	2	0.361217	-0.0123071	0.0713842
321	2	0.362153	-0.0528176	0.0374792
322	0	0.362163	0.0186998	0.0139778
323	0	0.362235	-0.0093251	0.0786065
324	2	0.362755	0.0544794	0.0174558
325	1	0.362871	0.0167741	0.124355
326	0	0.363309	-0.00904769	0.0199614
327	2	0.366616	0.010407	0.04382
328	2	0.366692	0.0191778	0.0182257
329	0	0.368061	0.0194063	0.00967808
330	2	0.368173	-0.0807514	0.0203398
331	0	0.368257	-0.0319607	0.0511232
332	0	0.368555	0.0352865	0.116633
333	0	0.368674	-0.032588	0.0271334
334	0	0.369037	0.0615663	0.0125865
335	0	0.369435	-0.0535999	0.0187138
336	1	0.369925	0.00864739	0.0312332
337	2	0.370257	0.0494828	0.00454928
338	1	0.370276	-0.00594746	0.0409021
339	0	0.370923	-0.060818	0.0254708
340	0	0.371369	-0.0360355	0.00350864
341	2	0.372463	-0.0587248	0.0024169
342	2	0.373105	0.0144793	0.0221197
343	2	0.373217	-0.0327376	0.0358775
344	2	0.373273	0.0752872	0.0433623
345	1	0.374645	0.00432618	0.0268496
346	0	0.375461	-0.0402554	0.0232401
347	2	0.375674	0.0748539	0.00465129
348	0	0.375805	-0.0416651	0.029887
349	2	0.375979	-0.0374487	0.00636571
350	0	0.376083	-0.00106217	0.0312257
351	2	0.376506	-0.119642	0.0371944
352	1	0.376886	-0.0561042	0.0315712
353	0	0.377633	-0.00846315	0.0237083
354	2	0.378046	-0.0315336	0.0543401
355	0	0.380083	-0.0622816	0.0510607
356	0	0.380094	0.010635	0.0646013
357	0	0.380715	-0.00496301	0.0318814
358	2	0.381354	0.0543484	0.0128195
359	2	0.381647	-0.0167508	0.0300247
360	0	0.383191	0.0205778	0.00968463
361	2	0.383598	0.0349882	0.00929346
362	2	0.383648	0.0185212	0.000582555
363	0	0.383753	0.0830429	0.0558607
364	0	0.384968	0.0889598	0.0670817
365	1	0.386002	-0.0915677	0.198964
366	2	0.386069	-0.0279557	0.00982995
367	0	0.387318	-0.0469831	0.0353517
368	1	0.387954	-0.0340974	0.0273618
369	1	0.388062	-0.0618888	0.0204461
370	0	0.389346	-0.101545	0.0784536
371	1	0.389918	-0.093446	0.00888667
372	1	0.391028	0.0419396	0.00622771
373	2	0.391928	-0.0445416	0.0143671
374	2	0.392307	-0.0204193	0.0261533
375	2	0.392421	-0.0469713	0.0112108
376	2	0.394301	0.0147325	0.0149114
377	2	0.394458	-0.0763309	0.0652697
378	0	0.394752	0.0432306	0.0397382
379	2	0.395436	-0.0181157	0.0584124
380	2	0.39569	0.104485	0.0753842
381	1	0.396516	0.0288242	0.0420069
382	0	0.396673	-0.0580547	0.0329803
383	1	0.397443	-0.0938887	0.0294337
384	1	0.397605	-0.0799902	0.157256
385	2	0.398182	-0.0766975	0.019987
386	2	0.398909	0.0691241	0.00343292
387	0	0.399522	0.0570068	0.0671695
388	2	0.39982	-0.0344595	0.0637812
389	0	0.401725	0.0440408	0.103481
390	0	0.404072	-0.0533878	0.0316948
391	2	0.409591	0.0270077	0.0180812
392	0	0.411125	0.0144239	0.0766126
393	0	0.412211	0.119802	0.00377982
394	0	0.414156	0.0201438	0.0915344
395	2	0.414635	-0.0418572	0.0275504
396	0	0.415142	-0.019423	0.0181365
397	0	0.415821	-0.00234307	0.0148354
398	1	0.416151	0.129613	0.0324114
399	0	0.417471	-0.0221225	0.0492999
400	0	0.417732	-0.0250772	0.0313461
401	1	0.420455	-0.0463134	0.063054
402	0	0.421671	-0.0204637	0.0486335
403	1	0.425231	-0.0017567	0.0523873
404	0	0.425326	0.0488301	0.0529378
405	0	0.432242	0.0190979	0.0494523
406	1	0.433542	0.0206372	0.0829289
407	2	0.434427	-0.0154372	0.0746846
408	2	0.434737	0.0397728	0.0223134
409	0	0.437583	0.0334731	0.0141741
410	2	0.439221	0.0568299	0.0432886
411	0	0.441131	0.0225893	0.0119385
412	1	0.442664	0.0410519	0.0013136
413	1	0.442966	-0.311313	0.0430558
414	0	0.443011	-0.00666951	0.0728166
415	1	0.444337	0.0351537	0.111212
416	2	0.446798	0.0667913	0.00269181
417	1	0.447968	-0.0267294	0.18421
418	0	0.448101	0.0528149	0.0730765
419	1	0.448774	-0.10813	0.0367763
420	1	0.448828	-0.0776983	0.0777562
421	2	0.448887	-0.0109523	0.00419537
422	2	0.450256	-0.0040217	0.0499901
423	0	0.450321	-0.0256345	0.0112387
424	2	0.450457	0.0055659	0.0389213
425	0	0.452396	-0.0471027	0.0121911
426	2	0.452938	-0.0198518	0.0549521
427	2	0.453659	-0.0730317	0.0777583
428	1	0.4537	0.0655983	0.0344551
429	0	0.453987	0.0601479	0.00827625
430	2	0.454128	0.00910706	0.00853843
431	0	0.456304	0.0127818	0.0227709
432	1	0.456328	-0.0392967	0.169625
433	0	0.456944	-0.0218391	0.0729638
434	2	0.457573	0.0158861	0.0652101
435	2	0.458984	-0.0481337	0.00424418
436	1	0.459504	0.0583231	0.0785566
437	1	0.459904	-0.0286741	0.0821935
438	2	0.46092	-0.0145567	0.0418217
439	1	0.46359	0.0314167	0.0442168
440	0	0.463981	0.0152758	0.0198342
441	0	0.464275	-0.0217816	0.0306566
442	0	0.464343	0.0390625	0.101356
443	0	0.465116	-0.0486915	0.0827298
444	0	0.468635	-0.0146069	0.00228232
445	0	0.469293	-0.00719195	0.0273
446	0	0.469738	-0.0139384	0.13245
447	0	0.470219	-0.0146119	0.0342807
448	2	0.471678	0.0189756	0.0849748
449	2	0.472348	-0.0166894	0.0160624
450	2	0.472456	0.03904	0.0160674
451	2	0.472487	0.0207254	0.0285776
452	2	0.472773	-0.0907862	0.00859804
453	2	0.473297	-0.00470704	0.0142752
454	2	0.473463	0.0944348	0.00173087
455	0	0.474425	0.0454999	0.104768
456	2	0.474703	0.0204598	0.00751372
457	2	0.475345	-0.0816501	0.0165585
458	0	0.475716	-0.0414895	0.00281884
459	1	0.477334	0.0264267	0.113857
460	1	0.477709	0.0125866	0.0595692
461	2	0.478365	-0.04263	0.0829712
462	0	0.478462	-0.0261868	0.0709799
463	0	0.478624	-0.0146333	0.0207135
464	0	0.481056	0.0320144	0.0694921
465	2	0.48115	0.0714644	0.0405914
466	2	0.481667	-0.07136	0.010525
467	0	0.48213	-0.00654347	0.00173647
468	1	0.484439	0.07885	0.0380536
469	1	0.484771	0.109214	0.0227046
470	1	0.487243	-0.0290869	0.0497413
471	0	0.488315	0.0344905	0.0406948
472	1	0.488967	0.0413832	0.0456564
473	0	0.489799	-0.0278823	0.00147117
474	1	0.492847	-0.0783341	0.0371889
475	2	0.492925	0.0505503	0.0353944
476	0	0.49645	0.023975	0.038322
477	1	0.497028	-0.0474664	0.0307444
478	1	0.498169	-0.015132	0.00428581
479	0	0.498572	0.0262159	0.0232806
480	0	0.499375	0.0124987	0.0785176
481	1	0.499452	-0.0258844	0.0667719
482	0	0.500306	0.0843948	0.0255573
483	0	0.500359	-0.0125584	0.0182108
484	2	0.501712	0.0170626	0.0118608
485	0	0.502253	-0.0339013	0.0668669
486	2	0.502329	0.131945	0.0440581
487	1	0.504905	0.0857498	0.0198118
488	1	0.505489	0.120776	0.0987093
489	2	0.506778	-0.0821764	0.0712851
490	2	0.507243	-0.0490494	0.028736
491	0	0.507746	0.0369023	0.0685115
492	2	0.508223	0.0514084	0.0392819
493	2	0.508793	0.0242524	0.0742376
494	2	0.508891	0.0275942	0.0167716
495	2	0.508952	0.0255047	0.0778155
496	0	0.508953	-0.0122096	0.0574618
497	0	0.509235	0.0409288	0.0138368
498	2	0.510269	-0.0334418	0.118359
499	2	0.512429	0.0518314	0.00420778
500	0	0.514495	-0.0303915	0.0272932
501	0	0.515038	0.0380951	0.015444
502	0	0.516376	0.084382	0.0476535
503	2	0.517197	-0.0237572	0.0443463
504	2	0.517328	0.0524868	0.0427735
505	0	0.518161	0.0076804	0.00232488
506	2	0.520332	-0.0405962	0.0257116
507	2	0.52089	-0.0773434	0.0680818
508	2	0.522147	-0.0657116	0.0481527
509	2	0.522201	-0.0133374	0.130829
510	0	0.522225	-0.0441793	0.151225
511	1	0.522546	-0.0449803	0.127649
512	1	0.523057	0.0176919	0.107395
513	1	0.523066	-0.04104	0.0427335
514	0	0.52491	0.0107373	0.0596531
515	2	0.526517	-0.0585629	0.0380384
516	0	0.527141	-0.0653178	0.0867401
517	2	0.529759	0.00859328	0.0163777
518	2	0.529885	-0.0310407	0.00707901
519	2	0.532579	0.0139925	0.0382135
520	0	0.533008	0.0128187	0.0398916
521	1	0.533225	0.0488437	0.0268727
522	1	0.533693	0.0476242	0.00122672
523	2	0.533747	0.121903	0.00417586
524	1	0.534225	-0.0237449	0.059105
525	2	0.535414	0.0336278	0.0400727
526	1	0.537707	0.0666659	0.00789504
527	2	0.538687	-0.0681067	0.0173555
528	2	0.539237	0.0525431	0.0934483
529	0	0.547175	0.0457182	0.00308092
530	1	0.548584	0.0181802	0.120904
531	0	0.54899	-0.07199	0.0304828
532	0	0.549047	0.0410035	0.0081816
533	2	0.549581	0.070189	0.0161944
534	0	0.549841	-0.0306429	0.0287072
535	2	0.5505	0.0496373	0.0490633
536	2	0.551016	-0.0169518	0.0705582
537	2	0.551922	0.0351578	0.0195632
538	0	0.552782	-0.126742	0.0133811
539	0	0.554279	-0.0744038	0.0179301
540	1	0.554785	-0.0258871	0.0410098
541	2	0.554787	0.0403825	0.0979526
542	2	0.557045	0.0955965	0.00182523
543	0	0.557671	-0.035335	0.0407444
544	2	0.561063	-0.00907569	0.151925
545	0	0.561348	-0.0213835	0.02616
546	0	0.561683	-0.0339785	0.0100195
547	0	0.563281	-0.0424118	0.0566521
548	0	0.564475	-0.096442	0.0336039
549	0	0.565433	-0.075583	0.0683135
550	2	0.566696	-0.0840412	0.00622226
551	2	0.568055	-0.0481906	0.0661744
552	2	0.569863	0.0264833	0.0872239
553	0	0.57454	0.0585025	0.00645221
554	2	0.577897	-0.0178315	0.0474049
555	0	0.578136	0.0171601	0.00442997
556	1	0.578648	0.175829	0.0135797
557	1	0.578754	0.0727095	0.0366331
558	2	0.579137	0.0545184	0.00195237
559	2	0.579684	-0.0467642	0.0306325
560	2	0.579702	-0.0145806	0.0463523
561	0	0.581392	-0.125073	0.0386117
562	1	0.581398	0.0696243	0.0201888
563	0	0.582264	-0.0636005	0.0186667
564	0	0.58267	-0.102571	0.00855883
565	2	0.583003	-0.0143572	0.0155413
566	0	0.585548	0.00622263	0.0154798
567	2	0.585766	-0.0682468	0.0806965
568	0	0.58757	-0.0394514	0.0647043
569	2	0.588636	-0.0372859	0.0190567
570	0	0.589006	0.0164864	0.0367322
571	0	0.59174	-0.0470862	0.0165841
572	0	0.59215	0.0219012	0.03129
573	0	0.592183	-0.00697483	0.0411974
574	0	0.592967	0.0185697	0.0152764
575	2	0.59384	0.104273	0.0628766
576	2	0.594572	-0.0819421	0.015825
577	1	0.596726	-0.0294196	0.0928579
578	2	0.597717	-0.0330048	0.0437872
579	1	0.601349	-0.0525763	0.0630826
580	1	0.60154	-0.0485664	0.042775
581	0	0.602637	0.0325024	0.077352
582	2	0.603905	-0.0246977	0.050001
583	2	0.604217	-0.00339376	0.112049
584	1	0.604229	-0.0405828	0.0927682
585	2	0.60629	0.0291022	0.036141
586	1	0.608234	0.110348	0.0411351
587	2	0.60887	0.0803649	0.0297956
588	0	0.609628	-0.107097	0.0039465
589	0	0.609954	-0.0224936	0.0600396
590	1	0.6103	-0.0475462	0.0435174
591	1	0.610321	-0.0320132	0.0656279
592	0	0.610326	0.0294344	0.0428422
593	0	0.610491	-0.107984	0.043509
594	0	0.61062	0.00979481	0.0593085
595	0	0.61082	-0.110402	0.00647733
596	2	0.612048	-0.0205509	0.0102655
597	2	0.612118	-0.0391786	0.0359025
598	1	0.612205	-0.0956016	0.0140023
599	2	0.612719	0.111914	0.0516107
600	0	0.617217	0.00490275	0.0638269
601	0	0.618533	0.016873	0.0889544
602	2	0.619491	0.0183395	0.0386055
603	1	0.620308	-0.0244552	0.0804825
604	0	0.62099	0.0331779	0.00817215
605	2	0.622094	-0.095022	0.000545846
606	0	0.62234	-0.00474489	0.0750976
607	0	0.6231	-0.0598966	0.0311684
608	0	0.62624	0.00565609	0.0525378
609	1	0.626889	-0.019785	0.0180162
610	2	0.62945	-0.0140996	0.00945939
611	0	0.629929	0.0183348	0.0707482
612	0	0.630073	-0.00348213	0.0415013
613	0	0.630326	0.035974	0.0161221
614	0	0.630795	0.0474127	0.0375731
615	2	0.632206	-0.0111511	0.0373054
616	2	0.63306	-0.00769783	0.0227601
617	0	0.634896	-0.0115708	0.101984
618	2	0.635721	-0.0450363	0.0529605
619	2	0.637004	0.00618959	0.0278252
620	0	0.637381	-0.0627697	0.0550373
621	0	0.637812	0.0133881	0.0237014
622	0	0.637851	-0.0170556	0.012746
623	0	0.638042	0.0142173	0.0984561
624	2	0.639422	-0.0455293	0.00924543
625	0	0.639667	0.0452448	0.0971203
626	0	0.640413	0.0571181	0.0101813
627	2	0.641287	0.130586	0.0256698
628	0	0.641717	-0.0466016	0.0454763
629	2	0.642879	0.00200015	0.0304114
630	2	0.643803	-0.0373096	0.133506
631	0	0.647555	0.0293126	0.0703801
632	0	0.64875	-0.0385855	0.0442795
633	2	0.655453	0.0301566	0.0547748
634	0	0.660125	0.0534724	0.0141388
635	2	0.660731	-0.056223	0.0234037
636	2	0.6613	0.00265932	0.00533073
637	0	0.662105	0.0136452	0.0267661
638	2	0.662692	0.0355446	0.0812433
639	1	0.662967	-0.0268454	0.00969357
640	0	0.663032	0.052058	0.00685484
641	2	0.663364	0.0107804	0.0214465
642	1	0.663693	-0.0265388	0.102166
643	1	0.664988	-0.0499103	0.0976814
644	0	0.666499	-0.0570084	0.0938052
645	0	0.666694	0.106328	0.0534345
646	1	0.667482	0.0327566	0.00937491
647	0	0.667599	0.0391373	0.00555656
648	0	0.668614	-0.028219	0.048975
649	0	0.6693	0.0976723	0.0813369
650	2	0.671124	0.0380759	0.0268307
651	2	0.671735	-0.0856129	0.0291962
652	0	0.672543	0.0138294	0.0309488
653	0	0.673781	-0.029208	0.00640533
654	2	0.674019	0.0170939	0.0502011
655	2	0.674382	-0.0217891	0.076614
656	1	0.674832	0.0502627	0.0526805
657	0	0.675174	-0.0122264	0.0263167
658	0	0.678325	-0.0288822	0.0239505
659	0	0.679192	0.0375716	0.0282112
660	0	0.679324	0.0288645	0.10153
661	0	0.679325	0.0608975	0.00391541
662	2	0.680283	0.0157084	0.0373159
663	2	0.681475	0.0832689	0.0780724
664	0	0.682365	0.0432857	0.0434743
665	0	0.682572	0.0513318	0.00407564
666	0	0.683075	-0.0232271	0.104353
667	2	0.684294	-0.0143773	0.0263489
668	2	0.684692	-0.00649766	0.0347207
669	2	0.687949	0.0100405	0.0403651
670	1	0.689069	0.0642624	0.016269
671	2	0.693937	0.0446137	0.0567817
672	2	0.695498	-0.00321603	0.0925172
673	2	0.69618	0.0216836	0.0106607
674	0	0.699793	0.0684971	0.0406146
675	1	0.700622	0.0460787	0.00779672
676	0	0.700772	-0.0559054	0.0523775
677	1	0.701107	-0.0277414	0.108841
678	0	0.701309	0.03179	0.00295395
679	2	0.701723	-0.0340058	0.0404104
680	0	0.702396	0.0360095	0.0394349
681	0	0.702441	-0.0372438	0.0285245
682	0	0.702466	0.00763715	0.052694
683	2	0.705542	0.0299591	0.0298837
684	0	0.706128	-0.0674763	0.0741742
685	2	0.706171	-0.0334111	0.00726576
686	1	0.707056	0.0561738	0.0450442
687	1	0.708462	0.0762838	0.144098
688	2	0.710427	0.00572566	0.0614228
689	2	0.711326	-0.0412103	0.00292329
690	0	0.71537	0.0526945	0.0619643
691	0	0.716508	-0.0651037	0.0195535
692	0	0.717378	-0.0219664	0.0827989
693	0	0.717788	0.0988904	0.0380765
694	2	0.717906	0.0253356	0.0817167
695	2	0.719101	-0.0175539	0.0513599
696	0	0.720559	0.0386474	0.0694389
697	2	0.723646	0.00883475	0.0439814
698	2	0.724286	0.0506167	0.0208287
699	0	0.725885	-0.0319543	0.041031
700	2	0.726696	0.0652607	0.0220731
701	0	0.72748	-0.0275468	0.0424972
702	2	0.728006	-0.0205767	0.0473835
703	2	0.728547	0.0462047	0.0292538
704	2	0.731462	-0.0278208	0.0848486
705	2	0.731984	-0.0275543	0.0720715
706	2	0.732335	0.0152982	0.0128273
707	0	0.736036	-0.0539177	0.0455237
708	2	0.736055	-0.07845	0.0523318
709	2	0.737468	0.0392977	0.0365387
710	0	0.737801	-0.0264073	0.0275123
711	0	0.740594	-0.0461084	0.0375592
712	1	0.741126	-0.090863	0.109923
713	2	0.741378	0.0850772	0.0449777
714	1	0.741502	-0.119323	0.0187279
715	0	0.744295	0.0112285	0.0548104
716	2	0.745556	-0.0488861	0.0541896
717	1	0.748397	0.0537703	0.0448983
718	1	0.750131	0.0202315	0.0576639
719	2	0.751644	0.0495535	0.000730503
720	1	0.752497	0.0803682	0.00454852
721	0	0.752554	0.00499841	0.0141215
722	2	0.752671	0.0168992	0.00248683
723	1	0.753388	0.102885	0.0446369
724	0	0.754021	0.0455761	0.0518756
725	2	0.754626	-0.0185516	0.0034974
726	0	0.755483	-0.0324869	0.0301006
727	0	0.758661	0.046067	0.0411942
728	0	0.758936	-0.0173175	0.066301
729	2	0.759535	-0.0514923	0.0246488
730	2	0.760398	0.00796661	0.0345566
731	0	0.761493	-0.03715	0.034427
732	0	0.762006	-0.117349	0.0249118
733	1	0.762071	0.0144148	0.0144125
734	0	0.762512	-0.0136906	0.00514365
735	0	0.763179	0.0465892	0.0215028
736	0	0.763207	0.0576204	0.00890202
737	1	0.764031	-0.0348457	0.0676363
738	1	0.764633	-0.0271338	0.00277479
739	1	0.765318	-0.0276134	0.00979954
740	0	0.766815	0.0582698	0.0607282
741	0	0.767902	0.0584993	0.100028
742	0	0.768102	0.041997	0.0233643
743	1	0.769082	0.0810089	0.0752505
744	2	0.769398	-0.0291828	0.00748605
745	2	0.77011	0.0925293	0.0465645
746	0	0.770507	-0.000608752	0.0253616
747	2	0.771205	-0.0564417	0.00470392
748	2	0.771862	0.0492192	0.0576649
749	2	0.772346	-0.0265899	0.0149721
750	0	0.772678	-0.0102077	0.0903479
751	0	0.774712	-0.00691667	0.0538234
752	2	0.776552	-0.0767545	0.050202
753	0	0.776893	-0.0691177	0.0164695
754	2	0.777034	0.0253925	0.108422
755	2	0.777782	0.0145198	0.0123132
756	0	0.77844	0.0604746	0.00399617
757	1	0.77954	-0.0158136	0.0244914
758	0	0.779992	-0.0302433	0.0212193
759	1	0.781022	0.0315578	0.00689084
760	0	0.781076	-0.101957	0.0744673
761	0	0.781326	0.0455443	0.117395
762	0	0.784623	-0.11446	0.016958
763	1	0.784913	-0.0271218	0.100687
764	1	0.785022	0.123579	0.00860645
765	0	0.787539	0.0486676	0.0686513
766	2	0.789587	-0.0468383	0.0473739
767	0	0.790246	-0.0449089	0.0264647
768	0	0.790926	-0.00876367	0.000384969
769	1	0.791024	0.0636192	0.0220157
770	2	0.79112	-0.0415259	0.063855
771	0	0.791922	0.00598725	0.0154065
772	2	0.792394	-0.0275951	0.00668418
773	2	0.792555	0.109801	0.147908
774	2	0.793567	0.00688871	0.0576762
775	0	0.793917	0.0123463	0.0744095
776	0	0.794179	-0.0271456	0.0597904
777	2	0.795684	-0.0133447	0.107221
778	2	0.796737	-0.0122624	0.0187234
779	0	0.798521	0.00586373	0.0362244
780	2	0.798657	0.0430103	0.0574805
781	1	0.799949	0.202196	0.0922481
782	1	0.800547	-0.0192863	0.0161126
783	1	0.800974	0.0192738	0.0906066
784	1	0.800982	-0.0764587	0.11334
785	0	0.801472	-0.146674	0.0082585
786	0	0.802695	0.0228863	0.0453238
787	2	0.803228	0.0433774	0.0539137
788	0	0.806055	0.0304808	0.0699551
789	0	0.806445	0.0216549	0.101133
790	2	0.806897	-0.0360507	0.0546585
791	0	0.807495	-0.0786419	0.00783297
792	2	0.807754	-0.0208331	0.0378103
793	0	0.809265	-0.0598809	0.0714773
794	2	0.81458	-0.0402882	0.0237784
795	2	0.816578	-0.0243517	0.00129463
796	0	0.816632	-0.0151998	0.0258731
797	1	0.817459	0.0371683	0.0421221
798	0	0.817879	-0.0133235	0.115761
799	2	0.820234	-0.0540995	0.0552451
800	0	0.820658	0.0405593	0.0170029
801	2	0.821616	0.0323463	0.0426407
802	2	0.823343	-0.017337	0.0281444
803	1	0.824118	-0.0180588	0.0141209
804	2	0.824655	0.0270716	0.0469008
805	2	0.826358	-0.0258739	0.0968244
806	2	0.827869	0.0287146	0.00444806
807	2	0.828966	-0.0157504	0.0418666
808	0	0.829539	-0.0722588	0.0618988
809	2	0.829777	0.0404258	0.0103702
810	2	0.830819	-0.00400489	0.00582347
811	2	0.830837	0.0217349	0.0176535
812	2	0.831728	0.0748168	0.0748731
813	2	0.834232	0.023477	0.000581077
814	0	0.834624	0.0461723	0.0155672
815	0	0.83505	-0.0130633	0.0900778
816	2	0.836108	0.0288386	0.013907
817	1	0.836165	-0.0859289	0.0636503
818	1	0.837344	-0.0838232	0.0439619
819	2	0.837398	-0.0262004	0.0609041
820	2	0.838475	-0.0238415	0.0944721
821	2	0.841164	0.0681229	0.0505515
822	0	0.842454	-0.127439	0.0414717
823	1	0.844999	-0.0414146	0.0550611
824	0	0.846204	-0.0675325	0.00919203
825	0	0.846727	0.0212617	0.0196113
826	2	0.847596	0.0737686	0.0728481
827	1	0.847606	-0.0518225	0.0640799
828	1	0.850833	0.0404771	0.117896
829	0	0.851613	-0.024213	0.0208179
830	0	0.85194	0.0612689	0.0216021
831	2	0.852611	-0.0349459	0.0460224
832	2	0.853064	0.101627	0.0496645
833	1	0.853359	-0.0281596	0.0256838
834	0	0.853693	-0.0659185	0.107795
835	2	0.853968	-0.0352021	0.0256671
836	1	0.854113	0.00942615	0.0470686
837	2	0.854229	0.0173118	0.0364498
838	2	0.855192	0.0656173	0.00410827
839	2	0.85537	0.0272961	0.0139462
840	1	0.856735	0.0501643	0.131464
841	2	0.857835	-0.00928121	0.0227808
842	2	0.858134	-0.0380797	0.00958814
843	0	0.86164	0.00797973	0.0190544
844	2	0.861668	0.013054	0.0767848
845	1	0.861981	0.0551228	0.0280726
846	2	0.863592	-0.00956386	0.0274465
847	0	0.865862	-0.02913	0.0393121
848	2	0.866203	0.052643	0.0620484
849	0	0.866253	-0.0335083	0.0813806
850	2	0.866481	-0.0233978	0.0148397
851	2	0.86843	0.0174916	0.0264849
852	2	0.871493	-0.0685152	0.0102918
853	2	0.871578	-0.0178942	0.0756457
854	1	0.87289	0.0318153	0.00999055
855	0	0.875326	0.0124587	0.0150861
856	0	0.875676	-0.0835766	0.00830802
857	2	0.876648	0.0734995	0.0217038
858	2	0.878871	0.0171521	0.0236668
859	2	0.879072	-0.00629528	0.0705856
860	0	0.87991	0.0513936	0.00614078
861	1	0.881856	-0.0511814	0.00611594
862	2	0.881899	-0.0157934	0.0025299
863	0	0.882747	0.0104675	0.00515072
864	0	0.883156	0.0403485	0.0201876
865	1	0.883463	0.0212622	0.00158239
866	2	0.883675	-0.0275203	0.00543082
867	1	0.884005	0.0284902	0.106045
868	0	0.885375	-0.0254211	0.0318274
869	2	0.891575	0.0191741	0.106289
870	2	0.892069	-0.0733474	0.034048
871	2	0.892168	-0.014063	0.00617885
872	0	0.892819	0.0610417	0.0394602
873	2	0.899749	0.017199	0.0388468
874	1	0.901581	-0.0540939	0.000309065
875	2	0.901891	0.0376468	0.0820255
876	0	0.902506	-0.0445773	0.0563874
877	1	0.903903	-0.0554601	0.0837305
878	1	0.904611	0.0692741	0.0152468
879	2	0.905082	-0.109621	0.0486863
880	0	0.905361	-0.033788	0.0314915
881	2	0.905614	-0.0233987	0.001396
882	2	0.905939	0.0417373	0.0431303
883	0	0.906191	-0.0194048	0.0302158
884	1	0.906272	-0.0264753	0.0268062
885	2	0.906368	-0.0499371	0.0533147
886	2	0.907846	-0.0378235	0.0678773
887	0	0.908132	0.029498	0.0245609
888	0	0.909214	-0.0296891	0.042843
889	0	0.909437	-0.0450462	0.0232467
890	1	0.90965	-0.122081	0.0438727
891	0	0.909813	-0.0677437	0.0124641
892	2	0.912576	0.0857923	0.0541027
893	2	0.916025	0.0643673	0.0728642
894	0	0.916873	0.0394827	0.0216711
895	1	0.918361	0.0176347	0.205228
896	1	0.919917	-0.00502257	0.00432863
897	2	0.920688	-0.110174	0.0330503
898	1	0.921751	0.113751	0.00133867
899	1	0.92241	0.0246614	0.0325901
900	0	0.922978	-0.0264985	0.0202337
901	0	0.923764	-0.0649809	0.0310238
902	2	0.924823	-0.0297554	0.0194782
903	1	0.924833	0.0807643	0.0296672
904	1	0.925245	-0.00762788	0.112081
905	2	0.926875	0.0658886	0.022229
906	2	0.927422	0.0135195	0.0439644
907	0	0.928435	0.0287396	0.0561115
908	1	0.929647	-0.0200093	0.0341985
909	1	0.931604	-0.069938	0.0638267
910	2	0.932298	-0.0408233	0.0099305
911	1	0.93548	-0.12976	0.00115305
912	1	0.935754	-0.0554774	0.0559033
913	0	0.937892	-0.0343579	0.0337533
914	2	0.938041	-0.105747	0.0345399
915	2	0.939772	0.0259341	0.00157251
916	0	0.939786	-0.0181264	0.029702
917	2	0.940235	-0.0433285	0.0144951
918	1	0.941917	-0.0754513	0.0889955
919	2	0.943738	-0.0549307	0.0362416
920	2	0.945011	0.0434394	0.013432
921	0	0.945442	-0.0473378	0.00989939
922	0	0.945464	0.040633	0.0758912
923	2	0.947149	0.0517348	0.0927647
924	2	0.947349	-0.079223	0.00135015
925	0	0.947529	-0.017121	0.0252063
926	2	0.947958	-0.0607528	0.0913706
927	0	0.9483	-0.0372448	0.055969
928	2	0.948599	0.0122342	0.0112824
929	0	0.948675	0.0580142	0.0261495
930	0	0.949304	0.0694875	0.0401832
931	1	0.949651	0.0163358	0.0857946
932	1	0.949915	0.0700272	0.00690046
933	2	0.949939	0.12649	0.0125512
934	2	0.950019	0.0874771	0.0120943
935	2	0.950548	0.0837391	0.0102226
936	0	0.950953	-0.0685543	0.0419839
937	0	0.951115	-0.0650679	0.0636256
938	0	0.953052	-0.0223663	0.0715952
939	1	0.953164	0.0511187	0.0581769
940	0	0.953797	-0.00339938	0.0159661
941	0	0.953898	0.0265621	0.0380809
942	0	0.954282	-0.0208826	0.00861445
943	0	0.955093	0.055718	0.068375
944	2	0.955274	0.115677	0.0678527
945	0	0.957283	-0.0515364	0.0291024
946	0	0.957339	0.0294554	0.00621528
947	2	0.959076	0.0332811	0.023257
948	2	0.959785	-0.101806	0.000777871
949	0	0.960328	0.0339676	0.0374821
950	2	0.96185	0.0541611	0.031981
951	0	0.962036	0.0448674	0.01129
952	0	0.962785	-0.0603545	0.0259963
953	0	0.962826	0.059382	0.0408299
954	2	0.964663	-0.0645925	0.0588262
955	2	0.965275	0.0191761	0.0215114
956	2	0.967007	0.0141418	0.0691093
957	2	0.968275	0.023258	0.0209374
958	0	0.968842	0.0342577	0.0367321
959	2	0.97109	-0.0267141	0.00864287
960	1	0.971521	-0.0948672	0.0192225
961	2	0.971776	0.0246664	0.00691614
962	2	0.972498	-0.0253498	0.0281803
963	0	0.972576	0.0623992	0.0117553
964	2	0.973326	0.0590657	0.022806
965	2	0.97484	-0.0116609	0.102855
966	2	0.97558	-0.052617	0.0290938
967	0	0.977166	-0.0337596	0.062711
968	0	0.977513	-0.00970197	0.074406
969	1	0.98141	0.0623315	0.0672551
970	0	0.981612	0.0411097	0.0327701
971	0	0.982184	0.0563615	0.0384262
972	0	0.982573	-0.0673724	0.0357317
973	2	0.982843	-0.0207335	0.00689142
974	0	0.98373	-0.0648332	0.0317676
975	1	0.984831	0.0819034	0.0860762
976	2	0.985039	-0.0119526	0.0408348
977	1	0.985158	0.0188903	0.0285542
978	0	0.986457	0.00764885	0.0712056
979	1	0.987653	0.0431443	0.162313
980	1	0.988094	0.0163139	0.0126198
981	1	0.988437	-0.014188	0.0167736
982	1	0.989178	0.0815466	0.0814218
983	2	0.989619	-0.0800964	0.0136319
984	2	0.989795	-0.0291302	0.00547357
985	0	0.991134	-0.0110017	0.018407
986	2	0.991609	-0.0247527	0.000323141
987	2	0.99199	-0.0497981	0.0221672
988	1	0.992253	0.0764294	0.0686763
989	2	0.993837	0.0362122	0.0218402
990	2	0.993897	0.0483342	0.0294311
991	0	0.994113	-0.0312939	0.0562574
992	2	0.994543	0.0370006	0.0492146
993	1	0.99495	-0.134185	3.27259e-05
994	1	0.995101	0.0451189	0.0248313
995	0	0.997316	0.0487422	0.01667
996	2	0.997703	-0.017499	0.0866049
997	2	0.998397	-0.0410049	0.0100949
998	0	0.998643	0.0183614	0.00956228
999	0	0.998953	0.0346309	0.0217436
0	980	0.0236737
0	117	0.0318857
0	180	-0.0702599
0	526	0.0444755
0	487	-0.0462787
10	834	-0.0254755
10	628	0.0559227
10	791	0.0129556
10	631	0.0258881
10	758	0.0343165
10	568	0.0223564
10	404	0.0133116
10	429	-0.0225897
10	649	-0.0242597
10	664	-0.0191878
10	98	-0.0310469
10	31	-0.0268639
10	520	-0.0303892
10	193	0.0462694
10	399	-0.0199103
10	945	0.0290952
10	194	-0.0281756
10	485	0.0271524
10	952	-0.0516694
10	925	-0.0408404
10	160	0.0747166
10	242	-0.0186268
10	75	0.0239693
10	303	0.015543
10	659	0.0147141
10	750	0.0264044
10	225	0.0255893
10	267	-0.0321678
10	822	0.021542
10	15	-0.0243032
10	363	0.0381755
10	789	-0.0125956
10	84	-0.0265817
10	872	0.0300413
10	199	0.0231391
10	771	0.0203905
10	913	0.0188211
10	665	-0.0267019
10	236	0.0347281
10	128	0.036741
10	357	0.0505617
10	114	0.0200359
10	978	0.0321876
10	1	0.0244272
10	644	-0.0342909
10	291	-0.00949089
15	573	-0.0192779
16	146	-0.00946695
17	317	0.0288046
17	643	0.0657898
17	827	-0.0687448
17	49	-0.0610705
17	975	0.0379176
17	166	-0.046183
17	211	-0.0425306
17	401	0.0543709
23	532	0.0263501
26	33	-0.0830439
26	249	-0.0353174
26	17	-0.044435
26	556	0.0765606
26	432	-0.0264548
26	121	-0.0282947
26	198	0.0500771
26	47	0.0212525
26	718	-0.0433864
26	130	-0.031572
26	71	0.0348827
26	904	-0.0579823
26	325	-0.0357185
26	415	-0.0394552
26	403	-0.0557614
26	189	0.0569304
26	687	-0.0254751
26	743	-0.0233857
27	907	0.0254173
29	340	0.0199615
29	786	0.0281112
29	999	0.0312149
29	547	-0.0362967
31	721	-0.0142098
31	370	0.0225236
31	142	0.0165413
31	221	-0.0209267
31	382	-0.0451071
31	122	-0.0176671
31	972	0.0229454
31	138	-0.0117012
31	727	-0.0267867
33	249	0.0282904
33	833	-0.0523305
33	317	-0.0320831
33	556	0.0816915
33	827	-0.0478722
33	288	0.016
33	113	0.0267793
33	557	-0.0595196
33	384	-0.046174
33	419	0.0673737
33	325	-0.0356839
33	368	0.0197285
33	877	-0.108816
37	952	-0.0303368
37	855	-0.0232297
37	788	0.0286051
37	165	-0.0218397
37	32	0.030748
37	760	-0.0164308
47	769	0.0663642
47	383	0.0278257
49	474	-0.0243131
51	513	0.00687814
51	911	-0.0564361
51	381	-0.0317031
51	6	0.0209638
51	134	0.0281362
54	746	0.0505107
55	665	-0.061338
55	735	0.0194049
61	242	0.033945
61	967	0.0570194
61	553	0.0366414
61	227	-0.0328565
61	502	-0.0328222
67	491	-0.0392208
67	455	0.0169077
67	312	0.049127
67	181	0.0293215
71	468	0.030847
75	681	0.0293029
75	23	0.0272677
75	968	-0.00519958
75	913	-0.0456786
76	129	-0.0396494
78	396	0.0353791
78	974	-0.0264439
78	164	-0.0165293
78	612	-0.026597
78	868	-0.0248586
78	998	-0.0283985
81	953	-0.0212416
81	167	-0.0344132
84	394	0.0177783
98	768	0.0286584
98	61	0.0270997
98	242	-0.028789
98	389	-0.0285215
98	606	-0.0161589
98	15	-0.057632
98	402	0.0273723
98	592	0.0190867
98	128	0.0352675
101	593	-0.0144995
101	970	0.0186708
101	261	0.0201412
101	736	-0.00909383
101	573	0.0287827
101	333	0.0268457
104	642	0.0416245
106	357	-0.0508766
107	33	0.0265583
107	372	-0.0399481
107	249	0.0306356
107	677	-0.0396508
107	643	0.0659009
107	521	-0.0149196
107	590	0.06568
107	584	0.0195788
107	670	-0.0247348
107	738	-0.0298684
107	436	-0.0433611
107	720	-0.0661899
107	43	0.0558603
107	562	0.00532681
107	512	0.0456005
109	545	-0.022003
109	482	0.0381638
110	478	0.0282164
110	714	0.040826
110	932	-0.0603833
113	251	-0.0510457
113	874	-0.0111049
113	712	-0.0590491
117	609	-0.0467885
117	172	0.0735968
121	439	-0.0276965
121	759	-0.0692639
121	481	-0.107046
122	680	0.0283023
122	480	-0.0173545
122	138	0.021471
122	70	0.0355521
130	609	-0.0569384
133	814	-0.022707
133	84	-0.0366707
133	38	-0.019074
133	887	-0.0395028
135	589	0.0282206
142	971	0.0381181
142	425	0.0432742
142	159	-0.0562419
144	301	0.0319909
148	286	0.0267433
148	830	0.0432631
149	437	0.0408436
149	184	-0.0416172
149	420	-0.0242432
149	797	0.0268257
149	980	-0.0531092
149	764	0.0495609
149	540	-0.0313865
149	977	-0.0637454
149	739	0.0263026
149	71	0.0517935
150	592	-0.0314149
150	168	-0.0417996
160	863	-0.0372523
160	329	0.0215618
160	847	0.0175002
162	122	0.0389256
162	604	0.0106719
162	200	0.0384731
162	234	-0.0291265
163	65	-0.0574141
166	828	-0.0274727
168	887	-0.0223761
169	937	-0.0325335
169	653	0.00611833
169	271	0.0521084
169	611	0.0654111
169	37	-0.0152173
169	711	-0.0191309
169	462	-0.0253694
169	433	0.065813
169	771	0.0253874
169	27	-0.017844
169	581	0.0115763
169	800	-0.0427711
169	425	-0.0144471
169	614	-0.0159067
169	529	0.0531138
171	829	-0.0289683
171	789	-0.0332188
171	753	0.028908
171	21	-0.00894379
174	233	0.0262042
174	135	0.0365154
174	84	0.0527214
174	549	0.025337
174	255	-0.034026
174	72	-0.0118812
184	0	0.0433288
184	890	0.0251779
184	763	0.0306074
184	854	-0.0566823
193	863	0.0283286
193	637	-0.0327465
193	612	-0.00936864
193	497	0.0150876
193	14	-0.0265885
193	139	0.0348571
194	491	0.0262104
194	750	0.0401058
194	822	-0.0323733
194	612	0.0332911
194	710	0.0521239
197	33	0.0258697
197	677	0.0394994
197	833	0.0132038
197	317	-0.0503777
197	432	-0.0231633
197	845	-0.0306742
197	420	0.0796732
197	406	0.0506399
197	639	0.0579809
197	918	-0.0168737
197	288	-0.0156361
197	419	-0.0524421
197	895	-0.0161725
197	931	-0.0632399
197	6	-0.0266803
197	687	0.0361049
197	307	0.0234656
197	352	-0.0340261
198	49	-0.0249828
198	718	0.0454505
206	632	-0.0407901
206	573	0.0328136
206	314	-0.0156987
206	949	-0.0333134
206	58	-0.0120884
212	150	-0.0600124
212	440	-0.0360397
212	48	-0.0429568
212	322	0.0183131
216	238	0.0543539
221	660	0.0579232
221	573	-0.0182224
221	394	-0.0289138
223	300	0.0231115
225	516	0.0265324
226	471	0.0271033
233	206	0.0127442
233	458	-0.0103581
233	418	-0.0200277
242	600	-0.0256397
242	971	0.0281808
242	929	0.0425146
249	437	-0.0276902
249	643	-0.0390483
249	254	-0.0303762
249	521	0.0245106
249	413	-0.0287018
249	113	-0.0345413
249	720	0.0556185
250	26	-0.0259677
250	833	-0.0975461
250	184	-0.0399495
250	556	-0.04146
250	757	-0.0370529
250	918	-0.0558468
250	198	0.0583809
250	903	-0.0396205
250	591	-0.0438098
250	646	-0.0329479
250	251	0.0489938
250	874	-0.0706167
250	784	-0.0327654
250	686	0.0416651
250	488	-0.0789805
250	522	0.0356045
254	759	-0.03075
254	739	0.0195001
254	670	0.0455121
254	718	0.0903254
254	642	-0.0258677
254	428	0.0249775
254	383	-0.042959
256	913	-0.0397638
258	529	-0.0206153
259	464	-0.0215687
259	471	-0.022218
261	54	0.0392477
261	106	0.0306138
262	336	-0.0314887
266	78	-0.00946183
266	148	0.0555757
266	849	-0.0293445
266	676	-0.0435796
267	70	-0.0119135
267	32	0.0557203
271	768	-0.0747485
271	601	0.0261964
271	212	-0.0260781
271	681	-0.0109822
271	942	-0.0239471
271	693	0.0347066
271	701	0.0160541
271	217	-0.0179702
271	978	0.0465508
281	505	0.0203501
282	96	0.035078
286	88	0.0395118
288	198	0.0259882
288	784	0.0173615
288	912	-0.0817197
296	808	-0.0237218
296	742	-0.026509
296	692	-0.0282956
298	741	0.00956622
303	699	-0.022762
303	226	-0.0240911
303	335	0.0421657
314	949	0.0214463
317	639	0.023693
317	51	-0.0224469
317	468	-0.024643
317	783	0.0366272
317	154	0.0700882
317	979	-0.0420633
317	398	-0.037601
318	470	-0.0350031
332	721	-0.0168523
332	382	-0.0513652
332	952	-0.0101967
332	786	0.00909756
332	971	-0.0165558
332	363	0.0600952
332	64	-0.0244237
334	399	-0.0203692
334	148	0.0340525
334	261	-0.0204803
334	256	-0.0203469
334	405	-0.0178299
334	645	0.0284701
334	23	0.0241545
334	589	0.0340452
334	165	0.0350692
338	918	0.0275696
338	781	-0.0282281
338	980	0.0279208
338	231	0.0370486
338	817	-0.0255099
338	318	0.0107109
338	877	-0.0616697
340	267	0.0164413
340	114	0.0270288
340	742	0.0263071
340	319	0.042914
346	601	0.0331167
346	574	-0.0125881
346	970	0.0284422
346	572	-0.0400953
346	566	-0.0849484
346	546	0.029731
348	758	-0.0314205
348	568	0.0510119
348	404	-0.020047
348	649	0.0528502
348	653	0.0554063
348	995	0.0127332
348	360	-0.069107
348	142	-0.0189984
348	206	-0.0232673
348	221	0.0148178
348	29	0.02486
348	699	0.033177
348	553	-0.0393634
348	953	0.0324358
348	15	0.0378317
348	55	0.0228201
348	241	0.0203872
348	634	-0.037869
348	182	-0.022117
348	329	0.0293709
360	625	0.0484234
360	221	-0.0222794
360	75	0.0368906
360	400	0.0177301
360	601	0.0206291
360	724	-0.0255541
360	144	-0.0322597
360	423	-0.0365881
363	480	-0.0132938
364	945	-0.0340044
364	171	0.0141223
364	952	-0.0201267
364	658	0.0148675
364	728	0.0440792
364	510	0.031
364	930	-0.0117814
364	771	0.014326
364	623	0.02288
367	433	-0.0328536
370	409	0.0123471
370	516	0.0392081
370	300	0.00923421
370	958	0.0186417
370	9	0.0202374
370	443	-0.0261847
370	353	0.00991521
370	326	0.0198462
372	249	0.0229952
372	677	-0.0430504
372	317	-0.0490669
372	338	-0.0475189
372	472	0.0345954
372	51	0.0303914
372	524	-0.0491116
372	47	0.0585783
372	903	0.0522078
372	428	-0.0318408
372	975	0.0102624
372	96	-0.0489439
372	656	-0.039006
372	878	0.0773505
382	681	-0.0443465
382	822	-0.0220872
382	726	-0.0261468
384	723	0.0782138
389	256	-0.0550474
397	496	-0.00945029
397	367	0.0296019
399	972	0.0228974
399	397	-0.0156676
399	572	0.0248519
399	135	-0.0162592
399	229	-0.0580638
399	128	0.0365024
400	135	-0.0410535
400	356	0.0197015
402	589	-0.00844343
404	271	-0.0229859
404	360	0.00580191
404	266	0.0204217
404	174	-0.0390717
404	462	0.04334
404	971	0.0141504
404	728	0.00565425
404	566	0.0525778
404	849	0.0304406
404	314	-0.0183911
404	608	-0.0338065
404	907	-0.0458534
404	53	-0.0231618
404	102	-0.0185466
405	800	0.0276469
405	269	-0.0261481
406	590	-0.0273706
406	231	0.0534381
406	384	0.0204092
406	262	0.0155909
406	782	0.059318
409	648	0.0361483
409	402	-0.0181854
409	178	-0.0289226
411	971	-0.0308323
411	367	-0.0309895
411	223	-0.0555302
413	977	-0.0228324
413	960	-0.0341567
413	975	0.0240113
413	285	0.0248156
417	899	0.0410448
417	250	-0.0468022
417	26	0.0359437
417	107	0.0790228
417	249	-0.0129838
417	17	-0.0607795
417	437	-0.0506448
417	184	0.0165052
417	556	0.0292022
417	827	-0.0406666
417	0	-0.0633611
417	797	0.0477001
417	524	-0.0475182
417	47	-0.0156763
417	977	-0.020696
417	960	-0.0295779
417	419	-0.0200585
417	733	-0.0410596
417	817	-0.0570534
417	6	0.0140153
417	487	0.0628282
417	412	0.0359363
420	590	0.0430595
420	384	-0.00625781
420	903	-0.067949
420	481	0.015334
420	733	0.049873
420	403	0.0444225
420	526	0.0300125
428	381	0.0265645
429	649	-0.0232983
429	734	0.0206097
429	611	-0.0440865
429	133	0.0116153
429	761	-0.0145881
429	409	0.0273925
429	440	0.0353272
429	789	0.0124823
429	367	-0.0330079
429	645	-0.0326549
429	913	0.0282135
429	710	0.0315834
429	77	-0.0519583
429	414	-0.0398043
432	113	0.0644758
432	166	0.0226236
432	285	-0.0530903
432	784	-0.0335356
432	603	0.0215558
437	643	-0.0451013
437	513	0.0670937
437	110	-0.0169958
437	34	0.0395395
437	904	0.0306272
437	474	-0.0507398
437	712	-0.0393168
439	718	0.038942
439	436	-0.0234201
439	316	-0.0805018
440	207	0.00845258
442	10	-0.0265225
442	776	-0.0291265
442	834	0.0267236
442	791	0.0579041
442	467	0.0496406
442	348	-0.0290466
442	758	-0.044003
442	169	-0.0237618
442	734	0.0222109
442	888	0.0283324
442	936	-0.0179393
442	271	-0.0198795
442	622	0.0127961
442	334	0.00911385
442	31	0.0187942
442	78	0.0641057
442	479	0.0438521
442	142	-0.0553564
442	122	0.0168331
442	761	0.0164044
442	389	0.01748
442	400	-0.0152243
442	972	0.0619317
442	397	0.0450114
442	750	-0.0221971
442	953	0.013296
442	648	-0.0517512
442	15	-0.0306506
442	855	-0.02814
442	741	0.0395002
442	922	0.0353406
442	510	0.0384009
442	539	-0.0172919
442	929	-0.0116874
442	532	-0.0367329
442	199	0.0379842
442	808	-0.0324456
442	431	-0.0444858
442	229	0.0246566
442	561	0.0185571
442	564	-0.0238461
442	661	-0.00696792
442	634	-0.0288111
442	423	-0.0419589
442	38	0.0476813
442	7	-0.0466398
442	613	-0.0204384
442	115	-0.0319084
442	901	0.0114685
442	657	-0.0138138
447	491	-0.0250401
447	411	0.0154791
447	296	-0.0257923
447	312	-0.0326428
447	974	-0.0165074
447	146	-0.0349349
455	676	-0.0275536
462	952	-0.0259943
462	573	-0.022722
462	788	0.0200564
462	119	0.0252071
462	220	0.0239002
464	433	-0.0124729
467	758	0.0185941
467	568	-0.0141764
467	404	0.0176891
467	649	-0.036344
467	888	0.0174176
467	346	-0.0152517
467	951	0.0238306
467	37	-0.0386406
467	479	-0.0297918
467	233	-0.0188508
467	382	-0.029221
467	133	-0.0191851
467	574	-0.0202921
467	225	-0.0266259
467	81	-0.0188347
467	54	0.0382561
467	880	0.042621
467	88	-0.012462
467	607	-0.0355254
467	775	-0.0268923
467	621	-0.0201944
467	112	-0.00451831
469	898	-0.0259912
469	782	-0.0584813
471	868	0.0168912
472	419	0.0363437
472	718	-0.0127738
472	477	0.0176693
472	180	0.0290412
473	81	0.0255419
473	604	-0.018971
473	775	-0.0345179
473	726	-0.0135245
477	874	0.0420825
478	381	-0.0163845
478	129	0.0436002
479	148	-0.0183994
479	236	-0.0281604
479	547	-0.014914
479	232	0.0335998
481	216	0.0531171
485	971	0.0175643
485	259	-0.0191736
485	223	0.0377916
491	728	0.0271448
491	74	0.0277094
491	958	-0.0243069
496	480	-0.0297703
496	350	0.0250448
497	115	0.0175709
511	305	-0.0149905
513	121	-0.0445734
513	980	-0.0173647
513	580	-0.0451228
514	999	-0.0516235
514	510	0.0424631
514	291	-0.0137809
516	693	0.0322638
520	447	-0.027138
520	162	-0.0218159
520	593	-0.0514246
520	606	-0.0135
520	715	0.0653306
521	797	-0.0397957
521	384	0.0327668
521	960	0.0255875
521	723	0.0391024
521	642	0.0501489
524	903	0.0350116
526	189	-0.0252415
531	664	0.0277159
531	652	-0.0181608
531	174	0.0251361
531	399	-0.0198003
531	122	-0.0304916
531	786	0.00875608
531	985	-0.0214222
531	473	0.0325408
531	396	-0.0223876
531	822	0.0104094
531	974	0.00915799
531	207	0.0368706
531	105	-0.0206298
538	692	0.0105597
539	64	-0.0639948
539	588	-0.0499402
540	733	-0.015551
540	251	-0.0531884
540	932	0.0367476
543	332	0.0264115
543	876	0.0442207
543	382	0.016369
543	595	-0.0211396
543	496	-0.025656
543	680	0.0272173
543	514	-0.0219261
543	789	0.0122125
543	855	0.020796
543	532	0.018093
543	199	-0.0129699
543	707	-0.0243723
545	938	0.0273993
546	788	0.0359407
546	564	-0.0433617
549	735	0.0228734
553	164	0.0286769
556	439	0.0260226
556	540	-0.0563777
556	34	-0.0426039
556	861	-0.0639803
557	104	-0.0325431
557	134	-0.0362106
557	488	-0.0236231
561	255	0.0490105
566	949	-0.0195415
566	260	0.037625
568	888	0.0289662
568	360	-0.0424815
568	332	-0.02041
568	611	0.0498546
568	785	-0.0396636
568	945	-0.0258381
568	162	0.0213581
568	389	-0.023813
568	303	-0.0379075
568	74	-0.0267271
568	753	-0.0345738
568	300	-0.0487973
568	333	0.0151633
568	674	0.0120419
572	771	-0.0493302
572	968	0.0250574
572	323	0.0321547
574	109	-0.0204569
574	680	0.0308888
574	50	-0.047631
584	591	-0.038362
584	908	-0.0352531
584	836	0.0586643
589	864	-0.0315538
590	428	-0.0666823
590	318	-0.0350878
590	911	-0.0235466
590	579	0.042603
591	642	-0.0393475
591	403	-0.0259086
592	74	-0.0331664
593	891	-0.0327765
593	699	0.0144981
593	553	0.0170128
593	127	0.01885
595	236	-0.0158955
595	165	0.021663
600	592	-0.0131037
600	661	0.0411935
601	843	0.0110332
606	260	-0.0353089
609	285	-0.0647971
611	768	0.0185827
611	340	-0.0226531
611	258	-0.0221518
611	445	0.0131729
611	319	-0.0103587
611	218	-0.0563006
611	751	-0.0311003
622	370	0.0246172
622	171	-0.0246047
622	825	0.015768
622	985	-0.0384009
622	135	-0.0126234
622	546	0.0152474
622	207	0.020919
622	727	-0.0266305
622	356	-0.019045
622	767	-0.02877
625	876	-0.0353389
625	514	0.00404166
625	455	-0.0342685
625	868	0.0228303
625	701	0.0313892
625	227	0.0171972
625	640	0.0332786
628	791	0.0494932
628	429	0.0244912
628	740	0.0281411
628	98	-0.0294049
628	611	0.0365101
628	951	-0.0492948
628	101	0.0277825
628	447	-0.0208821
628	945	0.0278806
628	233	0.0288616
628	221	-0.0262065
628	925	-0.0122736
628	160	0.0227101
628	75	0.0317604
628	400	0.0262082
628	786	0.0381918
628	970	-0.0261279
628	736	-0.0353451
628	724	-0.0283177
628	431	0.0498062
628	119	0.0205688
628	263	-0.00977273
628	614	-0.0297575
628	414	-0.0496096
628	534	0.0575026
631	348	-0.0252988
631	404	0.0327991
631	888	0.0603049
631	936	-0.0215247
631	271	-0.0223737
631	652	0.0249492
631	266	0.0179157
631	171	0.0342133
631	162	-0.018374
631	389	0.0334437
631	303	-0.0299924
631	595	-0.0328517
631	261	0.0441493
631	480	0.0254517
631	258	-0.0283796
631	497	0.0136714
631	281	0.0223854
631	119	0.0240494
631	458	0.0529357
631	644	-0.0112488
632	473	-0.0140046
632	445	-0.0309022
637	707	-0.0440655
637	661	-0.0352003
639	288	0.047886
639	231	-0.0402704
639	911	0.0841959
639	470	-0.042925
642	861	0.0762156
643	511	0.0360118
643	686	0.0445075
643	3	-0.070953
643	365	-0.0490623
646	469	-0.0364895
646	530	0.0464576
649	334	-0.0221643
649	520	0.0139785
649	479	-0.0139529
649	382	-0.0288289
649	409	0.0550141
649	595	0.026458
649	411	0.0398296
649	601	-0.0276575
649	690	-0.0135464
649	940	0.0306126
649	991	0.0338018
652	101	-0.0368223
652	397	0.0349521
652	225	-0.0133893
652	680	-0.0140017
652	138	0.0207208
652	941	-0.0491455
652	690	0.0583918
652	779	-0.0147472
652	9	0.0179921
653	346	-0.0240608
653	174	-0.01546
653	876	-0.037581
653	660	-0.0117476
653	925	-0.0178036
653	600	0.0373561
653	553	0.0215367
653	974	-0.0362998
653	443	0.0772133
653	894	0.0119019
653	715	-0.0630084
658	267	-0.0284688
658	648	-0.0412902
658	938	0.0148888
658	445	-0.036898
659	164	0.0457689
659	581	-0.0108187
659	255	-0.0096246
659	613	-0.0279924
660	160	-0.0144882
660	55	0.0452668
664	266	-0.0565696
664	479	-0.0300204
664	485	0.0440871
664	160	-0.0218021
664	396	0.0160501
664	229	-0.0359591
664	941	-0.0157988
664	227	0.0206551
664	779	-0.0338348
664	991	-0.0427547
670	460	-0.0933056
675	899	-0.032757
675	197	0.076966
675	250	-0.0406586
675	372	0.0116883
675	249	-0.0489882
675	184	-0.0457034
675	994	-0.0135891
675	845	0.0923842
675	827	-0.0258021
675	918	-0.0932927
675	439	-0.0681128
675	557	0.0514641
675	977	0.0449342
675	769	-0.0232172
675	670	0.0288998
675	104	-0.0547079
675	110	0.099269
675	903	-0.0423654
675	262	-0.00861863
675	884	0.0345673
675	130	-0.0336514
675	511	0.0440549
675	318	-0.0355686
675	43	-0.0623868
675	336	0.0337825
675	487	-0.0597727
675	714	-0.0404928
675	656	0.0303197
677	437	-0.0490363
677	338	-0.0377838
677	406	-0.0227966
677	472	0.0334208
677	513	0.0120561
677	121	0.0422291
677	557	-0.0108888
677	285	-0.0209678
677	477	-0.103449
677	247	0.0632821
677	25	-0.0606024
680	226	0.0485686
681	690	0.0100809
684	943	-0.021124
693	555	0.0369503
699	225	-0.0407112
699	144	0.0206047
711	762	0.0415319
711	314	-0.0127903
711	930	-0.0287807
711	793	-0.0190119
711	581	-0.0282994
711	218	0.0283608
721	29	-0.0516725
721	574	0.0324897
721	863	0.0163593
721	793	-0.0326566
721	463	-0.0401898
724	608	-0.0370323
724	40	0.0108083
728	724	0.0298484
733	180	0.0607594
733	468	0.0626341
734	936	-0.0315942
734	622	-0.0423563
734	346	0.0300052
734	876	0.0183359
734	162	-0.0283113
734	109	0.0253651
734	566	0.0172019
734	822	-0.0397245
734	405	-0.0261919
734	645	-0.0192538
734	872	0.0317063
734	607	-0.0498901
734	186	-0.0540717
736	545	0.0363525
739	251	0.0193152
739	912	0.0813011
740	995	-0.0190661
740	520	-0.0389961
740	67	-0.00936847
740	61	0.0245359
740	660	-0.0232361
740	400	0.0222897
740	659	-0.0533679
740	298	0.0390739
740	363	0.0391251
740	27	-0.0282831
740	200	0.0220454
740	277	-0.0341985
740	273	-0.0261919
750	455	-0.0308825
750	732	-0.0198396
757	540	-0.0586963
757	769	-0.0154545
757	584	0.0339014
757	104	0.0311673
757	867	0.0688541
758	67	0.0447745
758	78	-0.0131615
758	171	0.0207366
758	242	-0.0182879
758	600	-0.069512
758	967	0.0563216
758	699	0.0137288
758	632	0.027313
758	606	0.0411319
758	144	-0.0152174
758	301	-0.029674
758	824	-0.022925
758	549	-0.0427548
758	217	-0.0367029
758	594	-0.0285041
758	353	-0.0638441
758	378	0.0134923
758	571	0.0391964
759	884	-0.0492761
759	71	0.0454101
759	969	0.00847673
761	286	0.0389528
761	808	-0.0375449
761	186	0.0115904
762	54	-0.0124425
762	968	-0.0170999
762	14	0.0232352
762	200	-0.0413842
762	204	0.0223448
763	282	0.0638085
763	3	-0.0185166
764	47	-0.024577
764	231	-0.0366341
764	981	-0.044023
764	939	-0.0208901
768	37	0.0342664
768	925	0.0501606
768	259	-0.0262935
768	538	-0.00611538
768	173	0.0265672
769	603	0.0371266
776	467	0.0444571
776	631	-0.0216984
776	429	0.0520433
776	169	0.0331258
776	653	0.0276907
776	334	0.0438995
776	332	0.0233805
776	67	-0.0191402
776	61	0.0515728
776	194	0.0267333
776	485	0.0244046
776	660	0.0170326
776	825	-0.0698032
776	148	-0.0347566
776	632	0.0136315
776	150	-0.0285408
776	109	0.0155172
776	648	-0.0199271
776	736	-0.0361198
776	440	-0.0328963
776	455	-0.0365989
776	855	-0.0168267
776	402	0.0297569
776	741	-0.0323078
776	637	0.0218924
776	433	-0.0335641
776	929	-0.0274511
776	64	-0.0303727
776	204	0.038067
776	16	0.0462817
776	626	-0.0157432
781	524	-0.0244255
781	49	-0.0483919
781	481	0.0334201
781	43	0.0304271
781	90	0.0127782
781	313	-0.0352441
785	721	0.0494622
785	193	0.0105347
785	142	-0.0231973
785	876	0.0269306
785	600	-0.0276473
785	258	-0.026953
785	199	0.0380867
785	56	-0.0170445
786	746	-0.0537199
786	561	0.0245243
788	394	-0.0158076
791	467	0.0313233
791	568	0.0222881
791	649	-0.0238106
791	653	0.0388723
791	174	-0.0468225
791	193	-0.0334404
791	447	-0.0133109
791	945	-0.017368
791	233	-0.0321634
791	711	0.0212353
791	595	0.0307235
791	601	-0.023628
791	259	0.0453838
791	942	0.0143722
791	883	-0.0200671
791	516	-0.0343524
791	549	0.0346016
791	14	-0.0198269
791	502	0.03379
791	234	-0.0288387
791	684	-0.0212538
791	815	0.0241839
791	501	-0.00859808
793	1	0.0170515
797	231	-0.0907913
797	166	0.0445044
797	854	0.0366903
808	564	-0.0190986
814	396	-0.0343863
814	648	0.0293478
814	849	-0.022589
814	741	0.0370619
814	963	-0.0420585
824	941	0.0372208
824	263	-0.0258218
825	728	-0.0443009
825	301	0.0305263
825	880	-0.014013
825	241	0.0175779
827	336	-0.0513325
827	76	-0.0240763
827	737	-0.0614523
829	164	-0.0463482
829	880	0.0402262
829	640	0.0379693
829	182	0.0415235
833	17	-0.0431746
833	980	-0.0259828
833	117	-0.0414259
833	769	-0.0173968
833	739	-0.0476068
833	763	0.0431874
833	817	0.0398748
833	460	-0.0559869
833	247	-0.0139905
834	631	-0.0234379
834	622	0.0434219
834	785	-0.0128522
834	266	-0.030437
834	520	-0.0124144
834	625	-0.0309426
834	221	0.0356603
834	462	0.0410522
834	29	0.0255528
834	761	-0.0385154
834	891	0.0555026
834	658	-0.0319861
834	81	-0.0463264
834	604	0.0391454
834	312	-0.0306383
834	363	0.0183298
834	789	-0.0325517
834	608	-0.0120354
834	922	-0.0276432
834	464	-0.0354449
834	883	-0.0234172
834	930	-0.0177957
834	665	-0.0202679
834	707	0.0415931
834	753	0.0462589
834	357	0.0408295
843	256	0.0160216
843	546	-0.0179321
843	204	-0.02832
845	827	0.017907
845	757	-0.050629
845	121	0.0698205
845	288	0.0334755
845	413	0.0397263
845	759	-0.0257654
845	723	-0.0313708
849	387	-0.0407584
863	281	0.0395648
863	127	-0.0554337
863	815	0.0230359
865	994	-0.0108333
865	231	0.0498021
865	104	0.0485612
865	723	0.0404849
865	130	-0.0341718
865	817	0.0839876
865	904	-0.0440738
865	562	-0.0251185
865	86	0.037737
868	159	-0.0511659
872	968	-0.0351323
872	40	0.0344327
876	532	0.0269928
876	927	-0.0353521
883	106	0.0275431
884	975	0.029646
884	96	0.0508719
888	543	0.0292923
888	101	0.0209584
888	876	-0.0141672
888	206	-0.017835
888	133	-0.0285256
888	761	-0.0439621
888	681	0.0264356
888	70	0.00777323
888	269	-0.0147759
888	691	0.0435283
890	117	-0.045833
890	419	0.0222481
890	609	-0.0669603
891	74	0.0292009
891	355	0.0236305
891	847	0.0340386
891	505	0.0144458
895	287	0.00968191
896	675	-0.026771
896	909	0.0439574
896	417	0.043481
896	197	-0.047968
896	250	-0.0358994
896	107	0.0556856
896	249	0.0813098
896	833	0.0243398
896	149	-0.0258292
896	184	-0.0792136
896	865	-0.0464913
896	338	0.0465619
896	643	0.0786497
896	556	-0.0491205
896	432	0.00739098
896	757	0.0478164
896	198	-0.0221911
896	890	0.0155723
896	764	-0.0194584
896	670	-0.0388811
896	591	0.0720576
896	262	-0.0267836
896	481	-0.0673461
896	884	-0.0528949
896	511	-0.0455116
896	282	-0.0207891
896	477	0.057759
896	874	-0.0676894
896	381	-0.0455034
896	180	-0.0326481
896	738	-0.0450931
896	325	-0.0325209
896	895	0.0467487
896	861	-0.0332993
896	898	-0.0259023
896	163	-0.0376837
896	867	0.02141
896	580	0.0234262
896	981	-0.0305252
896	717	0.0412542
896	368	0.0385561
896	908	0.0424953
896	65	0.0289279
896	818	0.0469266
896	345	0.0302637
898	415	-0.0501763
899	197	0.0257364
899	250	-0.0503676
899	33	-0.0350665
899	372	0.0687507
899	184	-0.036463
899	643	0.045591
899	406	-0.0623411
899	472	-0.0557184
899	198	0.0371967
899	524	-0.0465177
899	49	0.0410497
899	723	0.0681298
899	478	0.061325
899	34	-0.0173211
899	474	-0.054263
899	470	-0.0285088
899	912	-0.0268888
899	383	0.0126641
899	783	0.0244
899	297	-0.0211337
899	145	0.029573
909	417	0.0507248
909	899	-0.0313494
909	197	0.0193848
909	107	-0.0478917
909	249	0.0257893
909	677	-0.0189923
909	17	0.0216516
909	317	0.0368424
909	254	-0.0224019
909	432	0.0354211
909	513	0.0282767
909	413	0.0506617
909	117	-0.0145923
909	49	-0.0547917
909	977	-0.0485953
909	960	-0.0317043
909	763	0.0312697
909	646	0.0225702
909	738	0.0155737
909	211	-0.0697721
909	717	0.0446455
909	598	-0.0444584
909	90	0.0111691
909	371	-0.0201744
909	988	0.0208719
911	34	0.0337625
916	442	-0.0516758
916	10	0.0245636
916	776	-0.0254484
916	834	0.0463344
916	628	-0.0432118
916	467	-0.0714445
916	631	-0.0470166
916	348	-0.0336764
916	568	0.0275479
916	429	-0.0176946
916	734	-0.0182978
916	653	0.0207938
916	531	0.0431538
916	98	-0.0241565
916	332	-0.0253866
916	346	-0.0283508
916	721	0.0609375
916	520	0.0319505
916	233	0.0265772
916	142	0.0212135
916	194	-0.019519
916	593	-0.0323306
916	491	-0.0136771
916	389	0.0299221
916	967	-0.0304968
916	632	0.0388419
916	261	-0.0282206
916	843	-0.0429462
916	298	-0.025711
916	296	-0.0186088
916	736	-0.0387424
916	849	-0.0243912
916	604	-0.0395199
916	741	0.01591
916	367	-0.063742
916	608	-0.0254863
916	999	-0.017912
916	645	-0.0268224
916	922	0.0198655
916	510	-0.0244418
916	301	0.0300061
916	471	-0.0281782
916	23	-0.0386698
916	824	-0.0426618
916	612	0.0288697
916	223	-0.0104942
916	746	0.0205664
916	880	-0.0544107
916	88	0.0446879
916	431	0.0409466
916	260	0.0341266
916	864	0.0341702
916	463	-0.0174941
916	946	0.0180853
916	998	-0.053299
916	860	0.0381859
916	131	-0.0281573
918	524	-0.0466684
918	262	-0.0191342
918	282	0.0363795
922	594	-0.0220656
925	970	-0.0436687
925	312	-0.0523276
925	355	0.0463924
929	701	-0.0172499
931	823	-0.0182013
936	346	0.0192024
936	951	0.0255722
936	67	0.0331475
936	411	0.00590328
936	496	-0.0340437
936	440	-0.033615
936	405	0.0175721
936	855	-0.0321907
936	883	0.0397482
936	958	0.0729062
936	77	0.0252652
937	888	-0.0186141
937	531	0.0321725
937	360	-0.0215686
937	266	0.0295302
937	67	-0.0221396
937	485	-0.0362822
937	814	-0.0234088
937	212	-0.0149163
937	397	0.0387213
937	226	0.0108664
937	604	0.0207836
937	480	0.0333662
937	314	0.0526894
937	241	0.0147504
937	7	0.0264357
937	943	-0.0100565
942	312	-0.0211163
942	592	-0.0196129
945	150	0.0392131
945	938	-0.0187768
945	36	-0.0366361
946	500	0.0225494
949	284	0.0205736
951	721	0.0319454
951	768	-0.0370617
951	891	0.0111616
951	985	-0.0135204
951	606	-0.0128248
951	298	-0.0205793
951	226	-0.0322363
952	256	0.0267484
952	940	-0.017729
953	355	0.0418096
953	756	0.0258075
960	931	0.0454748
967	681	0.0236676
967	144	-0.0228112
967	464	0.0445588
970	746	0.0121631
970	335	-0.0244006
972	298	-0.0195943
972	497	-0.0282553
972	538	0.0259991
974	894	-0.0357767
977	66	0.0369397
980	598	-0.0180856
985	942	0.0197271
985	402	-0.025565
985	735	-0.012975
994	639	-0.032508
994	797	0.0523267
994	890	-0.039368
994	436	-0.0582107
994	720	0.0445514
994	415	0.0290466
994	460	-0.0235065
994	297	-0.0539111
995	266	0.051239
995	660	0.0160988
995	572	0.0129064
995	135	-0.0269123
995	396	0.0183596
995	286	0.0313654
995	539	0.0481106
995	930	0.0169651
995	545	0.0178542
995	693	-0.0345794
995	167	0.03566
999	710	0.0149251
