400
200
400
1000
500
3
0.333333	0.666667	
0	1	0.000128173	-0.0483363	0.0841711
1	2	0.000872737	0.0760618	0.0822264
2	2	0.000946104	0.0331336	0.0771295
3	2	0.00104931	0.0807166	0.0404726
4	0	0.00249776	-0.0194844	0.0468775
5	1	0.00389441	-0.0670621	0.125603
6	0	0.00520545	0.0135959	0.00953573
7	0	0.00573239	0.00343708	0.0146228
8	1	0.00605728	0.0805171	0.0839103
9	2	0.00684861	-0.0265912	0.00724018
10	0	0.00838045	-0.0651592	0.0516448
11	0	0.00977778	0.0466496	0.0227925
12	0	0.00996114	0.0442191	0.0125434
13	0	0.0104187	0.0631331	0.0486622
14	0	0.010651	0.0723905	0.0174468
15	0	0.0107863	0.0113413	0.0810436
16	2	0.0109499	0.0352796	0.0531674
17	0	0.011502	-0.0607011	0.00152582
18	2	0.0126273	0.0289632	0.0219751
19	2	0.0135869	0.0561476	0.0926892
20	1	0.013698	-0.0468101	0.0128931
21	1	0.0153073	0.0905264	0.0462865
22	0	0.0157507	-0.0229282	0.0296865
23	1	0.0183609	-0.0882657	0.0458803
24	1	0.0188507	-0.0378947	0.0151203
25	0	0.0192748	-0.047092	0.00982329
26	1	0.0196938	0.0847759	0.041152
27	0	0.0199733	0.0637452	0.0857699
28	0	0.0202176	0.0551933	0.015143
29	0	0.0210463	-0.0269574	0.0455579
30	0	0.0212132	-0.0565376	0.0578431
31	1	0.0237358	-0.112789	0.0683467
32	1	0.0240458	0.00811795	0.0191375
33	0	0.0243463	0.00860953	0.000569887
34	2	0.0247207	0.0135574	0.0820155
35	0	0.0264121	-0.0455368	0.0246095
36	1	0.026419	0.0570253	0.026819
37	0	0.0265401	0.0480446	0.0673309
38	2	0.0284864	-0.0128769	0.0268361
39	0	0.0295193	-0.0514666	0.021556
40	2	0.0296564	0.0123089	0.0429204
41	2	0.030047	0.0689544	0.0359776
42	2	0.0310257	-0.0228849	0.0208654
43	2	0.0338784	0.0247522	0.0185074
44	2	0.0349407	0.0266666	0.0488786
45	2	0.0354715	-0.0399778	0.027989
46	2	0.035814	0.0132253	0.0138284
47	0	0.036186	0.0205341	0.00365952
48	0	0.0370225	0.0301288	0.0434097
49	1	0.0391654	-0.0262571	0.0570623
50	0	0.0407241	-0.00718948	0.0761398
51	2	0.0407501	0.011472	0.0649662
52	2	0.0412128	0.056658	0.0258878
53	2	0.0420117	0.0288013	0.0140344
54	2	0.0440344	-0.0829464	0.00659611
55	0	0.0448431	-0.0983789	0.0138817
56	1	0.0453399	-0.0482949	0.0190834
57	2	0.0461265	0.0459467	0.0437038
58	0	0.0465913	-0.0526167	0.104645
59	2	0.0505186	-0.0124863	0.0218311
60	0	0.050738	-0.0348129	0.00908539
61	2	0.0556729	0.0633132	0.00144502
62	0	0.0575063	0.0359877	0.0227457
63	0	0.0581157	0.0465921	0.0610985
64	2	0.060396	-0.0647774	0.035357
65	0	0.0608823	-0.0498974	0.0716675
66	1	0.0611468	-0.0990148	0.0633426
67	2	0.0614266	0.0995874	0.0190659
68	0	0.0617134	0.0151058	0.071901
69	2	0.0663599	-0.0182553	0.0082014
70	0	0.0666323	0.0120881	0.042868
71	0	0.0668141	-0.0430336	0.0393277
72	0	0.0668419	-0.0643009	0.00406405
73	2	0.0672513	0.0230066	0.0214193
74	2	0.0683186	-0.0663242	0.0362582
75	2	0.0701545	-0.146772	0.0241079
76	0	0.070155	0.0321935	0.00505962
77	2	0.0715266	0.0617895	0.0349614
78	2	0.0730683	-0.0589205	0.0331793
79	1	0.0750526	-0.0276043	0.0195565
80	1	0.0755374	0.0114572	0.0184281
81	2	0.0767578	-0.0339339	0.036878
82	1	0.0782318	0.012287	0.0658356
83	1	0.0788401	-0.0110971	0.0567063
84	0	0.0791139	-0.0162591	0.00510656
85	2	0.0807698	0.0245542	0.00493681
86	2	0.0834826	0.0591989	0.0967271
87	0	0.0839847	-0.0202133	0.0831126
88	2	0.0840168	-0.0137263	0.0197963
89	0	0.0871811	0.0945814	0.0792832
90	2	0.088872	0.0390953	0.106609
91	1	0.0896886	-0.181558	0.0325332
92	2	0.0945702	-0.012807	0.0478458
93	0	0.0946347	-0.052361	0.0359407
94	0	0.0950732	-0.0221435	0.0403639
95	2	0.0971735	0.162889	0.0343562
96	2	0.0973462	0.0654475	0.0420952
97	0	0.0989601	0.0115443	0.00892472
98	2	0.0993573	0.106341	0.0119987
99	1	0.100907	-0.0362389	0.205096
100	1	0.102547	-0.0559947	0.0365393
101	1	0.103892	0.118779	0.0991462
102	2	0.105208	0.0202927	0.0316094
103	2	0.10613	0.0424998	0.0078982
104	2	0.107334	0.0272849	0.0888996
105	2	0.109644	-0.0738106	0.0199404
106	2	0.110697	0.00112426	0.0888327
107	0	0.111208	0.021445	0.00952383
108	0	0.111474	0.0858671	0.078642
109	0	0.115888	0.0239038	0.0890801
110	2	0.116573	-0.0444519	0.0399686
111	2	0.118381	0.00164771	0.00935992
112	2	0.118761	-0.0464748	0.0366093
113	2	0.118871	0.00258418	0.0468548
114	0	0.119072	0.0187311	0.0444362
115	0	0.120691	0.0116682	0.0608097
116	0	0.124757	-0.0423359	0.0414572
117	0	0.12592	-0.00615018	0.107441
118	0	0.126405	-0.0740402	0.0171834
119	2	0.128517	0.0299899	0.0953759
120	2	0.128742	0.118604	0.0441196
121	0	0.13045	0.0732723	0.00446035
122	2	0.13173	-0.114232	0.0364994
123	2	0.132736	0.0406231	0.0278999
124	1	0.133567	0.00460129	0.021547
125	2	0.133573	-0.0361475	0.0259
126	2	0.133736	0.0239139	0.0330905
127	1	0.134276	0.0787134	0.192684
128	0	0.135978	0.0435242	0.0168229
129	0	0.136236	-0.047812	0.0296887
130	2	0.137754	0.0090843	0.0287559
131	2	0.138522	0.00801469	0.0482729
132	2	0.13878	0.0176116	0.0292239
133	1	0.139132	0.0614245	0.0310308
134	1	0.142285	0.0662352	0.0284376
135	1	0.143467	0.0935926	0.0234687
136	2	0.145566	-0.0560733	0.00763612
137	1	0.146784	0.0510716	0.0852367
138	1	0.147311	0.136428	0.0582097
139	0	0.14821	-0.0626457	0.00714776
140	2	0.150017	0.0229765	0.0557861
141	2	0.150057	-0.0454617	0.0292251
142	0	0.150631	0.00387567	0.102689
143	1	0.1513	0.0123837	0.183224
144	2	0.151991	0.00849565	0.00131764
145	0	0.152291	-0.013032	0.0475303
146	0	0.152378	0.0281152	0.0749249
147	0	0.152542	-0.0414873	0.0142276
148	1	0.152813	0.0440819	0.112786
149	0	0.153638	-0.0269801	0.0139468
150	2	0.155581	-0.0330974	0.0403481
151	0	0.157192	-0.0150653	0.00352628
152	2	0.157335	-0.0399157	0.118362
153	0	0.158999	0.0262548	0.120924
154	0	0.160108	-0.0206524	0.0127923
155	0	0.160146	-0.0462199	0.0732871
156	1	0.160459	-0.0278797	0.0769842
157	1	0.161246	0.0478407	0.015298
158	2	0.161794	0.0260786	0.0267681
159	2	0.164133	-0.038431	0.039329
160	2	0.164416	0.00671778	0.113502
161	2	0.165034	0.0139402	0.0155423
162	0	0.165389	0.0215135	0.0266422
163	0	0.166183	-0.0344571	0.0219847
164	1	0.166737	0.0380209	0.180678
165	1	0.167165	-0.0283659	0.0151751
166	2	0.167432	0.0859892	0.012608
167	2	0.168058	-0.0679639	0.0199972
168	0	0.168067	0.051922	0.101369
169	1	0.169565	0.0628037	0.0235534
170	0	0.172271	-0.0106449	0.0145365
171	1	0.172805	-0.0335314	0.070779
172	0	0.174467	-0.0862644	0.0226989
173	2	0.174787	0.0192204	0.0514099
174	2	0.175387	0.0876858	0.0830339
175	2	0.178092	-0.0794177	0.0111434
176	2	0.179998	-0.0394442	0.0560282
177	0	0.185231	-0.0271132	0.0501238
178	2	0.186656	0.0216529	0.0164021
179	1	0.186943	-0.063835	0.0436814
180	1	0.187478	0.0103628	0.0877192
181	2	0.189743	-0.0302002	0.0245092
182	2	0.189793	-0.0350076	0.0743583
183	1	0.190105	0.0231243	0.0272859
184	0	0.19055	-0.0396616	0.0359012
185	0	0.191031	-0.0152261	0.00667959
186	2	0.195958	-0.0256449	0.0308549
187	2	0.198401	-0.0518192	0.0234565
188	1	0.199496	0.0616583	0.0347189
189	2	0.199944	0.0158151	0.0719723
190	2	0.201167	0.129737	0.0165948
191	2	0.201187	0.071876	0.062835
192	2	0.201403	0.0407159	0.0196479
193	2	0.204605	0.0324512	0.0072809
194	2	0.20547	0.0317213	0.0183379
195	2	0.20618	-0.0516986	0.0288707
196	2	0.208491	0.0126984	0.025832
197	0	0.208711	-0.00715043	0.0504379
198	2	0.210777	-0.0269046	0.0379269
199	1	0.211899	-0.0453659	0.0439539
200	2	0.212114	0.0334776	0.0106198
201	0	0.213122	-0.00810648	0.0254629
202	2	0.215234	0.0364959	0.00704798
203	1	0.215263	0.117998	0.0470371
204	1	0.21567	0.0419602	0.0707399
205	0	0.217177	-0.0450916	0.100137
206	1	0.217238	0.0830565	0.0239174
207	2	0.218927	-0.00177867	0.0958324
208	0	0.219076	-0.0484408	0.0275232
209	1	0.219266	-0.010364	0.0648492
210	2	0.219502	-0.0381274	0.103132
211	2	0.220033	0.0166564	0.0253237
212	1	0.222211	0.082572	0.0637925
213	2	0.222733	-0.0879345	0.0143477
214	0	0.224381	0.0743998	0.000237605
215	0	0.22511	-0.0222486	0.0243995
216	0	0.225285	-0.0245339	0.0911697
217	2	0.22533	-0.0342433	0.0456108
218	2	0.225491	-0.00190164	0.0300852
219	0	0.226258	0.0219864	0.10424
220	0	0.227493	0.0229257	0.0583714
221	0	0.228744	-0.00993719	0.036227
222	0	0.230146	0.0358981	0.044846
223	0	0.230161	-0.059732	0.0145404
224	0	0.231595	0.0862095	0.0524721
225	0	0.231663	0.0332893	0.0837496
226	2	0.231699	0.0819215	0.0174033
227	0	0.233151	0.0165274	0.041695
228	0	0.233301	0.0258509	0.098632
229	2	0.233905	0.0516868	0.00234999
230	2	0.235303	-0.0645895	0.024521
231	1	0.235803	-0.0174213	0.101952
232	0	0.238041	0.10845	0.0393235
233	0	0.238186	-0.124549	0.108766
234	2	0.239753	0.0220972	0.00163881
235	0	0.240481	0.0178925	0.0300603
236	0	0.241411	-0.0423726	0.00798019
237	2	0.241434	0.0135339	0.0575681
238	2	0.241957	-0.0201236	0.0474969
239	0	0.242167	-0.0576344	0.0678506
240	0	0.243889	0.00669794	0.0238938
241	1	0.243931	0.0692006	0.0439832
242	2	0.244495	0.0272789	0.0321298
243	2	0.24504	-0.0157012	0.020199
244	1	0.247993	0.0526174	0.0235168
245	1	0.248207	-0.0817573	0.0184882
246	2	0.24992	-0.0232685	0.0276625
247	2	0.251168	0.0196719	0.0503599
248	2	0.251544	0.109443	0.110219
249	0	0.251866	0.0804711	0.115377
250	0	0.252847	-0.0272805	0.0125868
251	0	0.253027	-0.0141385	0.0279284
252	0	0.254037	0.0109891	0.00925112
253	2	0.255194	0.0358466	0.0149256
254	0	0.256802	0.0354907	0.0188187
255	1	0.257079	-0.042083	0.0245439
256	2	0.259053	-0.0363282	0.0405124
257	0	0.259132	-0.049893	0.0116243
258	0	0.259626	0.0272714	0.0257736
259	2	0.259899	0.0184643	0.0612905
260	0	0.26096	-0.0505159	0.0629719
261	2	0.260991	-0.0318402	0.0102847
262	0	0.262135	0.0350297	0.0833961
263	2	0.262889	-0.0228816	0.0373006
264	2	0.263041	-0.0596106	0.00562699
265	2	0.263797	0.0170536	0.0480602
266	1	0.263809	-0.070716	0.168987
267	0	0.265697	0.0234184	0.0346813
268	2	0.266088	0.0173398	0.0628192
269	2	0.266619	0.0360756	0.107998
270	0	0.266778	0.000544238	0.0134673
271	1	0.266978	-0.0237705	0.0612806
272	2	0.270211	0.0384767	0.0277474
273	2	0.270386	-0.045319	0.013599
274	0	0.270806	-0.0239702	0.098162
275	0	0.271249	0.123271	0.0391843
276	1	0.272038	0.0586707	0.109172
277	0	0.272421	0.0573755	0.0535373
278	0	0.272735	-0.0298227	0.0647522
279	0	0.273045	-0.0119485	0.0025205
280	0	0.273451	0.0729136	0.0127925
281	0	0.273662	-0.0119843	0.0244228
282	0	0.275739	0.0170954	0.00935298
283	0	0.276233	0.0307841	0.0488189
284	0	0.277046	-0.0427878	0.0328084
285	0	0.278251	-0.00947341	0.0195294
286	0	0.279099	0.0213943	0.00948435
287	1	0.28057	-0.0560134	0.0210799
288	0	0.281223	0.0570977	0.0281892
289	0	0.281498	0.0925255	0.00697477
290	2	0.282184	0.0312805	0.0517719
291	2	0.282442	-0.0520943	0.098911
292	1	0.28346	-0.0561593	0.0308805
293	2	0.283976	-0.0766262	0.0330477
294	2	0.284869	0.0151665	0.0977932
295	1	0.285439	-0.046664	0.0678949
296	2	0.286964	0.0280547	0.113056
297	0	0.288232	0.0940198	0.0621938
298	0	0.289254	-0.0496268	0.00814909
299	2	0.290062	-0.0404052	0.055872
300	1	0.290072	-0.00776458	0.0399309
301	0	0.290651	-0.0910133	0.133291
302	2	0.290802	-0.0289004	0.103879
303	2	0.290986	-0.0533611	0.0453706
304	2	0.292422	0.0601429	0.0352495
305	0	0.292632	-0.0407163	0.000296527
306	2	0.292839	0.0746133	0.0505592
307	1	0.296692	0.161808	0.0672741
308	2	0.297464	-0.00640477	0.0526275
309	2	0.298366	0.0645893	0.0205236
310	0	0.298721	-0.0257022	0.0157822
311	0	0.299816	-0.0486185	0.00884019
312	2	0.300508	-0.0655312	0.0295614
313	0	0.300904	-0.0675582	0.0785638
314	0	0.301058	0.0207458	0.0643612
315	2	0.301658	-0.0631568	0.143103
316	0	0.301748	-0.0356685	0.0449262
317	0	0.30186	0.121713	0.0163665
318	0	0.301926	-0.00624966	0.0456584
319	0	0.30224	-0.0785784	0.00925483
320	2	0.302455	-0.0439702	0.0459121
321	0	0.302793	0.00818242	0.0166922
322	2	0.305087	0.101556	0.0358504
323	0	0.305676	0.0490256	0.0197686
324	2	0.31044	-0.0272189	0.0663547
325	0	0.311685	0.0172763	0.0697526
326	1	0.312266	-0.00904737	0.0113214
327	0	0.313007	0.0321932	0.0205415
328	0	0.314958	-0.0149249	0.0476875
329	0	0.315178	-0.0442059	0.0288424
330	1	0.315398	-0.0760865	0.0646957
331	2	0.316527	-0.0403233	0.0114626
332	2	0.31726	-0.0179869	0.0093645
333	1	0.318234	0.0563268	0.0370075
334	1	0.318818	0.0204128	0.072221
335	1	0.321096	-0.0363993	0.010749
336	0	0.321844	0.0733749	0.0420262
337	0	0.323026	-0.0279399	0.0581597
338	0	0.32329	0.0246978	0.0560504
339	2	0.323534	-0.0374726	0.0548979
340	2	0.323722	-0.0603338	0.0449536
341	0	0.323806	0.0132506	0.0443611
342	1	0.323988	-0.104092	0.0565122
343	1	0.326391	-0.0531507	0.00593247
344	0	0.32726	-0.0159416	0.0721584
345	2	0.327459	-0.0384074	0.0478353
346	2	0.328955	-0.0578548	0.106534
347	2	0.329464	0.036298	0.00607832
348	0	0.330877	-0.0349403	0.0371365
349	1	0.331354	0.0335763	0.106396
350	0	0.332049	-0.0165421	0.0141917
351	2	0.333492	0.0714557	0.00310988
352	2	0.335258	-0.0247259	0.0435084
353	2	0.335669	0.0906643	0.0472858
354	0	0.335865	-0.058803	0.02777
355	0	0.336476	0.0290242	0.0423937
356	2	0.336812	-0.0165171	0.0432556
357	2	0.337648	-0.0268236	0.031505
358	2	0.338579	0.0134946	0.0243201
359	0	0.338761	0.0105827	0.0398664
360	1	0.340175	0.134427	0.00996827
361	0	0.34113	-0.0457295	0.00507712
362	2	0.342831	0.00850251	0.0310094
363	1	0.343821	0.057991	0.0310298
364	0	0.344684	-0.0334871	0.0385696
365	2	0.345275	0.0375801	0.0567032
366	2	0.345565	0.0208497	0.01069
367	2	0.347976	0.0510598	0.0346992
368	0	0.350912	0.022067	0.0976075
369	0	0.351746	-0.0194732	0.00284729
370	2	0.352409	-0.0148152	0.0706712
371	2	0.354547	0.0309155	0.00680788
372	2	0.355039	-0.0391305	0.0413483
373	2	0.357302	0.042137	0.0515949
374	1	0.35731	-0.07383	0.111512
375	2	0.357857	0.0483499	0.073237
376	2	0.357971	0.0181308	0.0376739
377	0	0.358761	-0.0139771	0.0386471
378	2	0.359074	0.0515614	0.0444262
379	2	0.359976	0.0383266	0.0298514
380	2	0.360797	0.0566033	0.0188985
381	1	0.363577	0.0517235	0.103487
382	1	0.363662	-0.0486266	0.0158652
383	0	0.363701	0.0318778	0.0864214
384	2	0.366255	-0.0499777	0.030849
385	2	0.373545	-0.0511583	0.0116555
386	2	0.37544	0.0589232	0.0420742
387	0	0.376515	0.0259905	0.000835661
388	1	0.377138	0.16526	0.0480368
389	0	0.37841	-0.0444322	0.0433328
390	0	0.3791	0.0352652	0.0121709
391	2	0.379261	-0.0482965	0.00709099
392	1	0.379611	0.00179327	0.00096128
393	0	0.382559	-0.0608765	0.0388994
394	1	0.384778	-0.0547937	0.0167049
395	0	0.385412	0.0435493	0.0361474
396	2	0.38608	-0.0405773	0.0263513
397	0	0.386498	0.0493785	0.00768238
398	2	0.386697	-0.0436876	0.0211581
399	0	0.386732	0.0287495	0.0209796
400	1	0.386917	0.0322016	0.148672
401	2	0.387185	0.0578871	0.00456671
402	1	0.387186	0.0686641	0.000220474
403	2	0.388723	0.0203599	0.00755599
404	0	0.389521	-0.11477	0.0511686
405	1	0.389621	0.168215	0.0401964
406	2	0.392616	-0.0287446	0.0282857
407	2	0.393023	-0.0200277	0.0681698
408	0	0.394319	-0.0718994	0.0342769
409	2	0.39477	0.0220209	0.0894466
410	1	0.394841	0.0277125	0.0305697
411	0	0.395913	0.0125138	0.105974
412	0	0.396194	-0.0346779	0.0432012
413	2	0.396308	-0.0247688	0.00224177
414	1	0.397527	0.0318259	0.0430123
415	0	0.397594	-0.0506151	0.0609474
416	2	0.397642	-0.0369007	0.0333354
417	0	0.397998	-0.0173153	0.0228085
418	2	0.398149	0.0510291	0.0503332
419	0	0.399183	0.0220066	0.0569113
420	0	0.403817	0.0118533	0.0167166
421	0	0.404469	-0.0177118	0.0291893
422	2	0.405793	-0.0363728	0.0160534
423	0	0.407588	-0.0215097	0.0353975
424	2	0.409664	0.0188634	0.0330699
425	2	0.409753	0.0427007	0.00932075
426	2	0.410327	0.00893819	0.0379043
427	1	0.410361	0.0434795	0.0780615
428	0	0.412468	0.104874	0.0972919
429	1	0.413857	0.0435546	0.105284
430	1	0.41484	-0.128811	0.0124819
431	0	0.416757	-0.0252283	0.0103518
432	2	0.419595	0.0131507	0.075455
433	1	0.419916	-0.12635	0.122296
434	0	0.420831	0.0193438	0.00630034
435	0	0.421209	-0.0245222	0.0367077
436	1	0.422204	0.031914	0.0235275
437	0	0.424672	0.0319083	0.104034
438	0	0.425781	0.0184965	0.0143772
439	1	0.426456	-0.0843512	0.0724517
440	2	0.426842	0.0767423	0.0905862
441	2	0.427952	0.0486992	0.0167645
442	0	0.428515	0.0404674	0.112115
443	2	0.430526	0.0709871	0.0223404
444	2	0.43162	0.0263926	0.0112576
445	2	0.431663	-0.0481835	0.00456536
446	2	0.434578	0.100634	0.0272982
447	2	0.4346	0.0352854	0.0196249
448	0	0.434939	-0.00474195	0.00588334
449	0	0.435908	-0.0882492	0.0661933
450	0	0.436011	0.0377125	0.0563792
451	0	0.436158	0.0674304	0.0466386
452	0	0.436751	-0.0860177	0.0589643
453	0	0.437571	-0.00733209	0.0132558
454	2	0.438665	0.0354301	0.0332652
455	2	0.439298	-0.102471	0.024956
456	2	0.441879	0.0726755	0.0465947
457	2	0.442483	0.0466564	0.00608277
458	0	0.445008	0.168395	0.0173172
459	1	0.445793	0.104925	0.0380622
460	2	0.446628	-0.0468928	0.047213
461	2	0.448051	-0.0303633	0.0410274
462	0	0.45195	0.00299329	0.0258284
463	1	0.452096	-0.0166198	0.00807652
464	0	0.453799	-0.0468073	0.0599887
465	2	0.454129	-0.0395208	0.0214104
466	2	0.456327	-0.016974	0.0511776
467	2	0.45748	-0.0398099	0.00084669
468	2	0.457517	0.0117866	0.0516533
469	0	0.457697	-0.0263866	0.0229347
470	1	0.458717	-0.0563661	0.0302647
471	2	0.458739	-0.0230498	0.00778394
472	2	0.459102	-0.0222592	0.00330919
473	2	0.459704	0.0520473	0.0905773
474	0	0.462188	-0.0402196	0.0591473
475	2	0.462314	0.0323246	0.0550452
476	2	0.463091	0.033206	0.0345767
477	0	0.463693	0.0606084	0.0594666
478	0	0.46384	-0.0160336	0.0142552
479	1	0.465262	-0.0076801	0.0123696
480	1	0.465914	-0.0390249	0.0921305
481	0	0.46694	-0.076674	0.0320635
482	2	0.467871	-0.0456939	0.00914834
483	0	0.469191	0.100322	0.0673122
484	1	0.469589	-0.0577395	0.0682733
485	2	0.470182	0.0376113	0.00701023
486	2	0.473234	-0.0612289	0.0612534
487	1	0.473737	-0.0838183	0.0782947
488	1	0.474376	-0.130047	0.120724
489	2	0.47441	0.000364073	0.0252702
490	0	0.479409	0.0185379	0.0876592
491	0	0.479426	-0.0435325	0.0222885
492	0	0.479688	-0.0915779	0.000299421
493	0	0.48052	0.0721192	0.0335046
494	2	0.482565	-0.00803191	0.0129904
495	0	0.484085	-0.0525341	0.00666028
496	2	0.484166	-0.105931	0.0333204
497	0	0.48505	0.00497205	0.00392094
498	2	0.485819	-0.0793135	0.0954277
499	2	0.486947	0.0067162	0.0175929
500	0	0.488402	0.0423664	0.0150648
501	1	0.489173	0.0302728	0.132904
502	2	0.489231	-0.0189921	0.0243469
503	2	0.49013	0.154225	0.0243206
504	2	0.492398	0.0396347	0.0257854
505	2	0.493263	-0.0633838	0.0784541
506	2	0.493429	-0.0264138	0.0447321
507	1	0.49376	-0.0862047	0.110889
508	1	0.494342	-0.00852001	0.0472128
509	2	0.494478	0.0133279	0.00515916
510	1	0.495359	0.0677921	0.0693229
511	1	0.496374	0.0968667	0.0753437
512	0	0.497699	-0.0159138	0.0714822
513	2	0.499422	-0.0411558	0.0434877
514	1	0.50186	-0.0483757	0.02045
515	1	0.502163	0.02796	0.0517992
516	1	0.502576	-0.0195361	0.00490471
517	1	0.503255	-0.0781963	0.061843
518	0	0.503439	-0.0627666	0.000780815
519	2	0.503581	-0.0434535	0.0334608
520	2	0.503784	-0.0561767	0.00716632
521	1	0.504494	-0.0777061	0.0112362
522	2	0.504703	-0.00772974	0.0741885
523	0	0.505527	-0.0278653	0.106864
524	0	0.506201	0.0396993	0.00588071
525	1	0.507708	0.100796	0.0604959
526	1	0.508022	-0.0669508	0.00531199
527	2	0.509138	0.124203	0.0310634
528	2	0.509978	-0.0143959	0.0243103
529	2	0.510238	-0.0948024	0.030982
530	2	0.512818	0.0294321	0.117968
531	2	0.513859	-0.0448937	0.0511873
532	2	0.513934	-0.0102955	0.0295838
533	1	0.513948	-0.0868495	0.00296932
534	2	0.51477	-0.0735024	0.0546065
535	0	0.514794	0.0159466	0.00251843
536	0	0.515833	-0.005458	0.0809411
537	1	0.515978	-0.0511568	0.0185586
538	0	0.51605	-0.0185772	0.0073474
539	1	0.516401	0.0354133	0.0218374
540	2	0.516896	0.056061	0.0389505
541	2	0.517111	-0.0241949	0.0481
542	1	0.518216	-0.0866768	0.00100091
543	2	0.518308	-0.0389763	0.0297381
544	0	0.520191	-0.117748	0.0185777
545	0	0.521517	0.0149001	0.0498788
546	2	0.522946	-0.0397986	0.034077
547	2	0.523141	-0.0483017	0.0234223
548	0	0.523535	0.0405498	0.0123462
549	2	0.523872	-0.0307983	0.0234266
550	0	0.524537	0.00596411	0.0862422
551	2	0.52717	0.0195463	0.00547492
552	0	0.528419	0.0681477	0.0676646
553	2	0.528506	-0.0487252	0.0770185
554	0	0.528553	0.0457519	0.0698745
555	0	0.528959	0.0199309	0.0352916
556	2	0.530856	-0.0281276	0.00812717
557	0	0.531256	0.0488206	0.00882117
558	2	0.531317	0.053769	0.00654597
559	1	0.533382	0.0260729	0.00225809
560	0	0.533423	-0.0409639	0.00639403
561	0	0.53421	-0.023666	0.0703489
562	2	0.536444	-0.0612774	0.0172478
563	0	0.536884	-0.0357599	0.0208504
564	0	0.538587	0.0142722	0.00871977
565	1	0.542038	-0.00780454	0.0837469
566	2	0.542906	-0.0550043	0.00206159
567	0	0.544251	0.0156412	0.0670778
568	2	0.544391	-0.00353552	0.0218124
569	1	0.545792	0.116275	0.000712451
570	2	0.548146	0.00958472	0.0130174
571	0	0.548534	0.041409	0.0808902
572	2	0.548606	0.0121715	0.0374055
573	2	0.550013	-0.0170456	0.0571688
574	0	0.550696	0.0343201	0.0185468
575	2	0.552465	-0.0542158	0.0374492
576	0	0.553682	-0.0580991	0.00736472
577	0	0.554149	0.0243269	0.0490462
578	0	0.555099	0.0142532	0.0353216
579	1	0.555307	-0.0980279	0.0455559
580	0	0.555334	-0.00740173	0.0309778
581	2	0.556501	0.109859	0.0518744
582	1	0.556749	0.0212343	0.100318
583	1	0.556823	-0.052467	0.0900998
584	2	0.556847	0.0815014	0.0667231
585	2	0.55905	0.0381955	0.0282569
586	2	0.56098	-0.0217044	0.0640627
587	1	0.562315	-0.0798483	0.0141034
588	1	0.563021	-0.0138436	0.0273922
589	0	0.563464	-0.012266	0.0399639
590	0	0.563881	-0.0728971	0.0228197
591	1	0.564292	0.0502595	0.0436366
592	1	0.566192	-0.0780776	0.0143597
593	0	0.566617	0.0168694	0.0242753
594	2	0.56703	0.0287693	0.0443018
595	0	0.567726	-0.112987	0.0244846
596	0	0.569504	-0.0493672	0.0792317
597	2	0.571426	0.0637416	0.0199246
598	0	0.573644	0.0543237	0.00932297
599	0	0.573991	-0.0603433	0.0942518
600	0	0.576748	-0.0076684	0.0124564
601	0	0.577401	-0.021357	0.033119
602	0	0.577834	-0.0593775	0.0505903
603	0	0.577873	0.00837203	0.0172448
604	0	0.580981	0.187925	0.0168623
605	2	0.58312	-0.026355	0.0846656
606	0	0.584165	-0.0310855	0.0441469
607	2	0.584546	-0.00722306	0.0679675
608	2	0.5849	-0.0121796	0.0125454
609	0	0.585617	0.077718	0.00118874
610	1	0.585847	-0.0246914	0.0402186
611	0	0.588071	-0.0901021	0.0993008
612	0	0.589737	-0.0189244	0.0455712
613	1	0.59311	0.0790659	0.0483706
614	0	0.593296	0.0628216	0.0492207
615	2	0.595248	0.0118555	0.120451
616	0	0.595951	-0.0175083	0.00621477
617	1	0.596035	-0.0556042	0.0293467
618	2	0.596725	0.00218613	0.0643864
619	0	0.601269	0.0429676	0.0209663
620	2	0.602525	0.0225816	0.0159343
621	1	0.602561	-0.13412	0.0526135
622	0	0.603633	0.0158018	0.0225659
623	0	0.604375	0.0530216	0.0789122
624	2	0.604549	0.0337838	0.0505401
625	2	0.605495	-0.0452069	0.0504924
626	0	0.607853	0.059479	0.0485284
627	1	0.607964	0.0259097	0.0371737
628	0	0.608603	0.0120161	0.0231287
629	2	0.609044	-0.0794513	0.0554515
630	2	0.610773	-0.0469436	0.0398998
631	2	0.6123	-0.027214	0.0316099
632	2	0.614943	-0.0205564	0.0650783
633	1	0.619349	0.0556687	0.0373204
634	0	0.620431	0.0495893	0.0215022
635	0	0.620891	0.00696155	0.0156509
636	1	0.625554	-0.0425986	0.0985583
637	1	0.626188	-0.0623866	0.0549275
638	0	0.627459	0.0290073	0.0353504
639	0	0.629033	-0.0459234	0.0480279
640	1	0.630415	0.0243521	0.0147701
641	0	0.632037	0.0301608	0.00532744
642	1	0.63442	0.0410266	0.0600524
643	2	0.636504	-0.0162565	0.00760901
644	0	0.636787	0.0456366	0.0271747
645	0	0.637449	-0.0364267	0.0131469
646	2	0.638651	0.0296816	0.0697003
647	2	0.640688	0.0491389	0.055186
648	2	0.642052	-0.0871503	0.0340175
649	0	0.642986	0.000876878	0.0339277
650	0	0.643691	-0.0279491	0.000926471
651	0	0.64396	-0.0110424	0.00788578
652	2	0.644401	0.0111805	0.0356932
653	0	0.645756	0.0597957	0.0170562
654	0	0.645789	0.0222554	0.123061
655	2	0.645801	0.0274761	0.0779148
656	0	0.646317	-0.0436388	0.0464196
657	2	0.646342	-0.019787	0.021192
658	2	0.646762	0.0308232	0.00852267
659	2	0.648939	-0.0742183	0.0440538
660	0	0.64894	-0.0149554	0.0208495
661	2	0.649161	-0.063052	0.0677066
662	0	0.651875	-0.0251998	0.0790399
663	0	0.653897	0.102421	0.10641
664	1	0.65438	0.0199631	0.077386
665	2	0.655258	-0.0498612	0.0271946
666	0	0.658212	-0.0366645	0.0644906
667	2	0.660183	0.031388	0.0691574
668	0	0.661359	-0.0140131	0.0172674
669	2	0.662996	0.122367	0.00287376
670	0	0.664396	-0.0286612	0.0343544
671	0	0.664711	-0.0787367	0.0172036
672	0	0.66561	-0.0438052	0.0426296
673	0	0.668117	-0.0205737	0.0846712
674	0	0.66822	0.100937	0.00718378
675	0	0.671373	0.00563383	0.0244085
676	0	0.671931	0.0789643	0.0805904
677	2	0.675315	-0.0100931	0.0317877
678	2	0.675544	-0.0241098	0.0171209
679	0	0.676322	0.0185524	0.0011591
680	2	0.67672	-0.0472377	0.0345752
681	0	0.677382	0.0255065	0.00380869
682	2	0.6776	0.0267355	0.00630058
683	2	0.678234	0.0537242	0.0493997
684	0	0.678751	0.0624896	0.0701008
685	1	0.67912	-0.0349531	0.0567829
686	2	0.679125	-0.0208444	0.0219314
687	1	0.67917	0.0629219	0.0200442
688	2	0.679202	0.00966461	0.0319804
689	0	0.683278	0.00396148	0.0321706
690	1	0.686638	-0.0560604	0.0472143
691	0	0.687535	-0.057171	0.046565
692	2	0.689684	0.00534172	0.040736
693	0	0.69006	-0.0702942	0.0994752
694	1	0.690821	0.0724012	0.0969688
695	0	0.69106	-0.037876	0.0049147
696	0	0.692234	0.021449	0.00770604
697	2	0.695519	-0.0510035	0.0417282
698	0	0.696315	-0.0124381	0.0214096
699	2	0.699532	-0.0119368	0.0168228
700	2	0.700118	0.027863	0.00923015
701	0	0.701157	0.0226785	0.0438049
702	2	0.701966	0.0443449	0.0647406
703	0	0.702704	0.0408359	0.0641549
704	2	0.702755	-0.0496902	0.041309
705	2	0.703021	0.00452008	0.0779905
706	1	0.703151	-0.0380203	0.074757
707	2	0.703684	-0.0955195	0.025257
708	0	0.704167	0.085811	0.0364217
709	1	0.704915	0.0603311	0.0114687
710	1	0.707622	0.023599	0.000158512
711	2	0.708234	-0.0293526	0.054384
712	2	0.708698	0.0424613	0.123564
713	0	0.711727	0.0348459	0.0156159
714	2	0.712537	0.0430475	0.00224645
715	1	0.714321	-0.0172206	0.0343494
716	0	0.714749	-0.0159259	0.00169831
717	0	0.716061	0.0222825	0.00798586
718	2	0.71741	0.0177768	0.0598438
719	0	0.717509	-0.0605765	0.0235396
720	0	0.717511	-0.0598607	0.102373
721	2	0.717679	-0.023572	0.0787599
722	2	0.717868	0.0181651	0.0377405
723	1	0.718279	0.058164	0.0150245
724	0	0.718488	-0.0385589	0.0852596
725	2	0.725212	-0.0288117	0.061822
726	2	0.725665	0.0192752	0.00451146
727	0	0.728506	-0.026759	0.0467715
728	2	0.728665	0.0189745	0.0220786
729	1	0.731722	0.0762825	0.0905314
730	0	0.733157	0.0359284	0.0208161
731	1	0.735032	-0.0557627	0.0770119
732	2	0.735439	0.0467003	0.00784633
733	0	0.73554	0.0484201	0.0278584
734	0	0.73759	-0.0158392	0.0197477
735	1	0.738057	0.0212373	0.061769
736	2	0.738116	-0.0870024	0.0494796
737	2	0.738493	-0.160757	0.0676531
738	1	0.738623	-0.0437511	0.0457417
739	0	0.738683	-0.0123315	0.0233341
740	0	0.739642	-0.0363289	0.0872749
741	0	0.740213	0.0305889	0.0510979
742	2	0.740305	0.0320164	0.0208649
743	2	0.74049	-0.0460415	0.0360221
744	2	0.741489	-0.00888817	0.0357151
745	1	0.742294	-0.0242729	0.0699083
746	2	0.742938	0.0229702	0.0483345
747	0	0.744958	-0.005919	0.0573733
748	2	0.745554	-0.0212287	0.0852542
749	1	0.746654	0.0741071	0.0844581
750	1	0.74704	0.0517176	0.0454016
751	1	0.748382	-0.048663	0.0527777
752	1	0.748943	0.070258	0.0266303
753	2	0.749534	-0.0330382	0.0109267
754	1	0.750701	0.176416	0.00103827
755	1	0.750837	-0.0243349	0.0775093
756	2	0.75107	-0.0332714	0.059851
757	2	0.751924	0.0308129	0.00681377
758	0	0.753423	-0.0645663	0.0215483
759	1	0.753523	-0.0400972	0.070406
760	0	0.753536	-0.0406031	0.0599817
761	0	0.754807	-0.0415919	0.00266835
762	0	0.754853	-0.0446786	0.0401139
763	0	0.754863	0.0251332	0.0270572
764	0	0.756016	0.00836554	0.000177777
765	2	0.7593	-0.0198681	0.00889592
766	0	0.761655	0.0158446	0.0701791
767	0	0.764078	0.036498	0.000120479
768	2	0.76478	0.0178985	0.132742
769	2	0.765467	-0.019415	0.0316445
770	0	0.766644	-0.00431309	0.100067
771	0	0.767234	-0.0123187	0.057259
772	2	0.76881	-0.0258461	0.116577
773	2	0.769624	-0.0161168	0.0215893
774	0	0.770752	0.0118467	0.0278724
775	2	0.771453	-0.0353339	0.0536847
776	2	0.772747	0.0667658	0.0415199
777	0	0.772768	-0.0474884	0.0235114
778	1	0.773011	-0.0845076	0.0717722
779	0	0.773131	0.0612475	0.0221119
780	2	0.773855	0.00927451	0.0363175
781	2	0.773973	0.112913	0.0533448
782	0	0.775067	0.0467498	0.0402357
783	2	0.775566	-0.119729	0.075186
784	2	0.776423	-0.0501671	0.0153804
785	0	0.777382	-0.00660412	0.0435339
786	2	0.777427	-0.0106512	0.0144874
787	0	0.780967	0.05872	0.0931351
788	2	0.781512	-0.043067	0.00275213
789	0	0.781704	0.0231471	0.0650691
790	1	0.781898	-0.0430843	0.166938
791	2	0.783313	0.0284478	0.128252
792	2	0.78438	-0.0135308	0.0111244
793	2	0.784734	-0.0171278	0.0254725
794	2	0.785265	-0.0527507	0.00704056
795	0	0.78577	0.0401521	0.0530509
796	0	0.785946	-0.0365215	0.0237525
797	0	0.786038	-0.102969	0.0100918
798	0	0.789402	-0.00872648	0.0264953
799	2	0.789633	-0.0519206	0.0943911
800	0	0.78989	-0.0942796	0.00617881
801	2	0.791245	0.0300995	0.0453827
802	2	0.791299	0.0415247	0.0189803
803	0	0.795328	-0.0323043	0.0119392
804	2	0.795439	0.034931	0.102923
805	0	0.795737	-0.0330381	0.00374275
806	1	0.795771	0.0197759	0.0587244
807	0	0.795781	0.0654596	0.0084896
808	2	0.795811	0.0539741	0.0341237
809	0	0.795836	0.0690389	0.0121407
810	2	0.796355	-0.0126975	0.0370342
811	2	0.797125	-0.0370736	0.0215886
812	1	0.799252	0.13719	0.0173203
813	0	0.800369	-0.07676	0.0505202
814	0	0.80125	0.0148162	0.0069627
815	1	0.804299	0.164228	0.100184
816	0	0.804703	0.0473348	0.0189683
817	1	0.80559	-0.122159	0.0693659
818	2	0.806382	0.0290612	0.0275366
819	2	0.806514	-0.0227335	0.0088368
820	2	0.807441	-0.0311556	0.00269769
821	2	0.807618	0.0219605	0.044146
822	0	0.80762	-0.0676005	0.0133469
823	0	0.807926	-0.00894261	0.0488701
824	0	0.808435	-0.014234	0.0863085
825	0	0.810847	-0.00256586	0.0428069
826	2	0.813301	0.0621176	0.031605
827	2	0.814332	0.0269941	0.0265054
828	0	0.815004	0.0078842	0.00869982
829	0	0.815544	-0.0213476	0.101273
830	2	0.81559	0.0170631	0.0406318
831	1	0.816276	-0.0855507	0.00650282
832	0	0.816276	0.0219934	0.109246
833	2	0.816343	0.0498836	0.0724992
834	2	0.817335	-0.0237221	0.0186851
835	2	0.817437	-0.0438075	0.00564471
836	0	0.817468	0.0685668	0.0683477
837	1	0.819311	-0.136242	0.0302827
838	0	0.821136	-0.00144374	0.0111165
839	2	0.821989	0.0229592	0.0836811
840	0	0.822518	-0.00993972	0.000683659
841	2	0.82702	-0.0901092	0.0189669
842	0	0.829647	0.00934538	0.0546856
843	2	0.830317	0.0349137	0.0466469
844	1	0.830414	0.153923	0.128627
845	0	0.830665	-0.0464216	0.0579535
846	1	0.83331	0.0801536	0.0822465
847	0	0.835266	0.0376071	0.0435577
848	1	0.836537	0.0149078	0.0346972
849	1	0.836891	-0.0351076	0.0470839
850	0	0.836975	0.0290899	0.0952958
851	0	0.837283	0.0323803	0.0757614
852	2	0.837468	-0.172849	0.0295083
853	1	0.837836	-0.049694	0.0820556
854	1	0.838172	0.0734611	0.0430485
855	2	0.839056	-0.0415508	0.0606083
856	0	0.83934	-0.0155537	0.0412484
857	2	0.840514	0.0560971	0.0500323
858	0	0.841035	-0.0554202	0.00950856
859	0	0.841227	-0.0107643	0.061975
860	2	0.841255	-0.0602059	0.0108899
861	2	0.84209	-0.0274545	0.0264082
862	2	0.843796	0.0223888	0.045601
863	1	0.844532	-0.146798	0.101182
864	2	0.846457	-0.0357145	0.0579884
865	0	0.847658	0.0487285	0.0654482
866	0	0.84813	0.0148925	0.0294854
867	1	0.848229	-0.055285	0.0903152
868	0	0.848664	-0.0391227	0.0598082
869	2	0.850629	-0.0557585	0.0102394
870	2	0.851213	-0.0723317	0.0313334
871	1	0.851366	0.0656599	0.0828521
872	0	0.851493	-0.192484	0.0886041
873	2	0.854369	0.0759641	0.0196741
874	0	0.855055	0.0226862	0.0135971
875	2	0.855134	-0.0260747	0.0993546
876	1	0.856993	-0.0763999	0.0171749
877	1	0.857154	-0.0751388	0.0155546
878	2	0.858118	-0.08644	0.0326278
879	0	0.858242	-0.0277049	0.036164
880	0	0.86395	-0.0321899	0.124129
881	2	0.864727	0.00780966	0.103187
882	0	0.865688	-0.0220596	0.00604521
883	1	0.866589	-0.0471793	0.0932526
884	0	0.868228	0.123674	0.0624367
885	1	0.869177	-0.0263646	0.150677
886	1	0.869319	0.0485947	0.0142606
887	2	0.871855	0.0603796	0.00987133
888	1	0.87282	-0.0486925	0.0131624
889	2	0.872896	0.0342805	0.0205076
890	1	0.874398	-0.0161363	0.0455141
891	1	0.876978	-0.110392	0.0933314
892	0	0.878304	0.0546465	0.0152943
893	0	0.878921	-0.00289316	0.0342224
894	0	0.879216	0.0319601	0.015257
895	2	0.880717	-0.0420049	0.0846915
896	1	0.880852	0.0212222	0.0190982
897	2	0.881282	-0.113398	0.0643648
898	1	0.887904	0.0403227	0.0526969
899	1	0.888796	-0.00926842	0.0246082
900	0	0.889089	0.0101573	0.103112
901	0	0.889636	-0.0418579	0.0756894
902	0	0.889721	-0.00974088	0.00737397
903	2	0.892307	0.00605	0.0684222
904	1	0.892363	-0.0475379	0.0633519
905	2	0.892676	-0.00372119	0.11188
906	0	0.894936	0.176797	0.0766847
907	1	0.896995	0.056072	0.0578169
908	0	0.898213	-0.0446147	0.00330465
909	0	0.898407	0.0164125	0.0543632
910	0	0.898788	-0.0316291	0.0182911
911	1	0.899507	-0.0450324	0.149873
912	0	0.899987	0.0457112	0.0121141
913	0	0.901857	0.0561237	0.0457141
914	0	0.902737	0.0287106	0.0034466
915	2	0.903782	-0.0414697	0.0947848
916	1	0.903791	-0.0955675	0.00519035
917	0	0.905689	-0.0207616	0.000783156
918	0	0.90695	-0.0377603	0.0102955
919	2	0.90847	0.0235555	0.10597
920	0	0.909851	0.0504256	0.0033263
921	2	0.911107	0.0534133	0.0820635
922	2	0.912896	0.0199396	0.0414068
923	1	0.913667	0.138881	0.084689
924	0	0.918313	0.048141	0.0510231
925	0	0.918866	-0.0377771	0.00762022
926	0	0.919629	0.0263043	0.020852
927	0	0.920114	-0.114919	0.0639929
928	2	0.925997	-0.0551141	0.0670226
929	2	0.927093	-0.0310367	0.000163069
930	2	0.928002	0.0158733	0.0910295
931	0	0.928201	-0.0439846	0.0442371
932	0	0.92879	0.00624514	0.0399706
933	0	0.93007	-0.0217173	0.0428466
934	1	0.930933	0.0169042	0.206458
935	1	0.93126	0.0826167	0.0938684
936	0	0.931529	0.0437928	0.0469759
937	0	0.934011	0.0249121	0.0561848
938	0	0.934357	0.0444871	0.0307682
939	2	0.935321	-0.016369	0.0543046
940	2	0.935352	-0.0574247	0.0547869
941	2	0.935983	0.0192942	0.0342783
942	2	0.936211	-0.0095899	0.0955809
943	1	0.936326	0.0429368	0.00376916
944	2	0.936889	0.0217618	0.0403296
945	1	0.937434	-0.0147987	0.0536895
946	0	0.940318	0.0263204	0.0436088
947	0	0.9423	0.0551655	0.120697
948	0	0.943124	0.0248227	0.00891824
949	2	0.943869	-0.100063	0.0296963
950	0	0.944094	-0.0175709	0.0159444
951	2	0.944188	0.0233457	0.040888
952	2	0.944212	0.0593986	0.0915806
953	0	0.944434	0.00428459	0.0603852
954	2	0.945064	0.047835	0.0416589
955	2	0.945128	-0.0286718	0.0578472
956	0	0.945393	-0.092009	0.0416979
957	2	0.947013	0.0261902	0.0855374
958	0	0.947925	0.0636895	0.0186202
959	0	0.948584	0.0343391	0.00163405
960	0	0.94893	-0.0625445	0.0718635
961	1	0.949024	-0.0362469	0.024048
962	1	0.950049	-0.081685	0.0129492
963	0	0.950968	0.0859521	0.0598072
964	2	0.953134	-0.0453925	0.0115711
965	0	0.953904	-0.0322024	0.0209092
966	2	0.953972	-0.0192873	0.0260343
967	2	0.955984	0.00413822	0.0100199
968	0	0.95889	-0.057073	0.0097655
969	1	0.958945	-0.0572195	0.121292
970	0	0.959552	0.119623	0.030311
971	0	0.959952	0.0520115	0.00170095
972	1	0.960064	-0.0159208	0.0183546
973	2	0.962037	-0.0606409	0.0107244
974	2	0.962085	-0.0436234	0.00977101
975	2	0.962426	0.0310812	0.0251005
976	2	0.963316	0.0172584	0.0185002
977	2	0.963762	0.0782778	0.056769
978	0	0.963821	0.0346096	0.0534968
979	1	0.964023	0.03811	0.0385274
980	2	0.965119	0.0196455	0.0648188
981	2	0.967449	0.0255585	0.0457553
982	2	0.969046	-0.0593148	0.011628
983	1	0.97042	0.0160664	0.0124346
984	1	0.971718	0.0495433	0.0545159
985	0	0.974608	0.0297532	0.0488168
986	0	0.977134	-0.0333686	0.0547786
987	1	0.980093	0.0932489	0.107641
988	0	0.98016	0.0242001	0.0263598
989	2	0.983398	0.0654154	0.0378465
990	0	0.984212	-0.0679858	0.0353708
991	2	0.984664	0.0335546	0.0557695
992	0	0.986145	-0.0345767	0.0529711
993	2	0.987149	0.0412187	0.0251503
994	1	0.987644	0.0682867	0.144929
995	0	0.988065	-0.0752516	0.0280853
996	2	0.991136	-0.0149878	0.0194633
997	1	0.995005	0.0155562	0.0130195
998	0	0.995586	0.0396798	0.0503116
999	2	0.996352	0.0229761	0.0697991
0	82	-0.0218244
0	183	-0.0389167
0	877	-0.0154321
0	459	-0.0190638
0	983	0.0236824
0	36	0.0536142
0	511	-0.0222001
0	876	0.0612813
0	891	0.0463258
0	854	-0.101251
0	287	-0.0187636
0	637	0.0218987
0	480	0.0318011
0	706	0.0320425
0	591	0.0389714
0	962	-0.0494203
0	907	0.0467709
0	745	-0.0296129
0	204	-0.0203374
0	212	-0.0362891
0	904	-0.0376151
0	271	-0.0670938
0	165	0.055103
5	335	-0.0425758
5	754	0.0254222
7	395	-0.0135246
7	626	-0.0368461
8	83	-0.0442942
8	79	0.066884
10	574	-0.0555506
10	63	-0.0485456
10	390	-0.0257892
10	289	-0.0433624
12	882	-0.0433967
14	555	0.0280516
14	518	-0.0259285
22	415	-0.0589697
22	798	0.0252303
22	146	-0.0196238
22	926	0.0306966
22	590	-0.018827
23	300	0.0685929
23	199	-0.0392448
23	516	-0.00914961
23	501	-0.0277793
25	389	-0.0194519
25	12	0.0337837
25	395	0.015847
25	800	-0.0327124
28	497	-0.0323172
28	285	0.0361061
28	777	0.0407151
28	492	-0.0301715
28	874	-0.0192417
28	764	-0.0322404
36	849	-0.0340244
36	49	-0.0213409
36	148	-0.0471577
36	56	0.0407498
36	750	0.0226151
36	610	0.0235595
36	735	0.0266727
36	979	-0.0722711
36	330	0.0538043
37	789	0.0272765
37	703	-0.0333057
37	58	0.0302106
37	10	0.0133872
37	336	-0.0216191
37	317	-0.0216003
37	63	0.0186389
37	859	-0.0170634
37	462	-0.0122576
37	552	0.033995
37	33	0.0175601
37	779	0.0235178
37	825	0.0464333
37	577	-0.0270545
39	931	-0.0546731
39	524	-0.0568584
39	872	0.0289784
39	548	-0.0399198
39	882	0.0286031
39	561	-0.0240536
47	703	-0.025919
47	858	-0.00535907
47	344	0.0176578
47	845	0.0174549
49	508	0.0377766
49	169	0.0247007
55	600	-0.0260786
56	790	0.0523443
56	381	0.0393294
56	588	-0.0312887
58	250	-0.01644
58	909	-0.0403712
58	638	0.0176231
72	902	-0.0550132
82	729	-0.0783812
82	183	-0.030638
82	402	-0.0087996
82	459	0.0641619
82	36	-0.0479166
82	91	0.0257838
82	817	-0.0675187
82	199	-0.0160751
82	582	-0.0275679
82	5	-0.0230547
82	759	-0.0491048
82	148	0.0313354
82	750	-0.0250195
82	754	0.0420206
82	867	0.0492111
82	790	-0.0585761
82	723	0.0640999
82	180	-0.0465751
82	463	0.0557211
82	334	-0.021717
83	621	0.0949564
83	735	0.0264386
84	369	0.0359352
84	548	-0.0251904
84	314	-0.0144149
84	239	0.0197906
87	500	0.0149974
87	428	-0.0285791
87	689	0.0254448
87	208	-0.0277082
87	389	0.029069
87	197	-0.022098
87	763	0.0268628
87	70	0.0116712
87	219	0.0424853
87	267	0.0269644
91	8	-0.0536372
91	637	-0.0117821
91	583	-0.0838149
91	439	-0.0791497
91	255	0.0239939
91	709	-0.0361346
91	610	-0.0281975
91	588	0.057452
97	914	0.0126945
97	634	-0.0166248
97	856	0.0127083
97	274	0.0182773
97	552	-0.0108683
107	389	-0.0105545
107	917	0.0490111
108	177	0.0137435
108	512	-0.0306495
108	950	0.016207
108	695	-0.0443601
108	232	0.0212821
109	84	-0.0443046
109	177	0.0188338
109	698	0.024391
109	807	0.0201827
109	328	-0.0223393
109	635	-0.0189218
109	397	0.0282688
109	149	-0.01127
115	25	-0.0247552
115	107	-0.0428423
115	701	0.028628
115	842	0.0139909
115	995	-0.0354485
115	770	-0.0599297
117	740	0.0333917
124	710	-0.0552299
124	307	0.0282153
124	846	-0.0384492
127	0	-0.0304848
127	82	0.0291395
127	877	0.0213493
127	484	0.0588313
127	402	-0.0415905
127	394	-0.0652261
127	459	-0.0608292
127	983	-0.0320898
127	510	0.0434292
127	410	-0.0130953
127	326	0.0198758
127	891	-0.0355188
127	849	0.0891223
127	23	-0.0260545
127	715	-0.0290736
127	300	-0.0655246
127	56	0.0290757
127	987	0.0466719
127	637	0.0601364
127	439	-0.0417796
127	542	-0.0546112
127	636	0.0378636
127	962	0.0537986
127	735	-0.0352531
127	972	0.0137268
127	994	-0.0358118
127	515	0.0377203
127	569	-0.0123937
127	333	0.062789
127	694	-0.0307091
128	733	-0.0341547
128	417	0.0274601
128	606	0.0359298
128	693	-0.0144182
128	622	0.0338687
128	851	0.0393176
128	37	0.0182555
128	337	0.0204422
128	927	-0.0552861
128	442	-0.0304311
128	604	0.0330251
128	644	0.015495
128	789	-0.0186257
128	233	0.0202607
128	451	0.0369803
128	168	0.0771449
128	154	0.0132033
128	47	-0.0411376
128	703	0.0368395
128	612	-0.0292783
128	338	-0.0297545
128	717	0.029654
128	58	0.0237237
128	739	0.068225
128	936	0.0303399
128	946	0.0206587
128	828	0.0433255
128	228	-0.0355836
128	760	0.0288728
128	574	0.0332437
128	673	0.018758
128	170	0.0280882
128	197	0.028085
128	730	0.0280808
128	354	-0.0550496
128	596	-0.0204267
128	412	0.0161595
128	163	0.0286863
128	603	-0.0121823
128	214	0.0231623
128	918	-0.024739
128	850	0.02534
128	609	0.0230951
128	50	-0.0755893
128	932	0.0135379
128	13	-0.0263229
128	70	0.0154587
128	879	-0.0132141
128	550	-0.026456
128	364	0.0215997
128	94	0.0270351
128	116	-0.0278192
128	249	-0.0456082
128	328	-0.0336144
128	236	0.0378403
128	491	-0.0439862
128	321	-0.0263181
128	947	0.0495794
128	779	-0.0453733
128	902	-0.0145987
128	668	0.0332679
128	638	0.0512645
128	270	-0.0291905
128	464	-0.0183675
128	774	0.0210095
128	93	0.0248189
128	766	-0.0175033
128	310	-0.0171654
128	651	0.0141477
129	442	-0.0359
129	567	0.0768144
129	154	-0.0333315
129	612	0.0109933
129	115	-0.0135523
129	58	0.00640248
129	828	0.0174195
129	645	-0.0386735
129	228	-0.021233
129	411	-0.0335521
129	958	-0.0213732
129	15	0.0335663
129	676	0.0321405
129	201	-0.029152
129	797	-0.0148729
129	901	-0.016121
134	80	0.0210371
137	935	-0.0184735
137	381	-0.0307703
137	526	-0.0631019
143	888	0.0382937
143	410	0.0318971
143	539	-0.0590736
143	23	-0.0302233
143	480	0.0436338
143	899	0.0245375
143	871	0.03822
143	179	0.027723
145	893	0.0172053
145	419	-0.0362235
145	452	0.0108568
145	28	0.0177012
145	423	0.0488637
145	777	-0.0359386
145	483	0.0325205
145	822	-0.0406211
145	672	0.0129672
145	673	-0.0256058
145	197	-0.0537477
145	747	-0.0183471
145	220	0.0305559
145	785	-0.0293522
145	221	-0.0274143
145	279	-0.0342755
145	277	-0.0262885
145	421	0.00935146
147	153	-0.019325
147	932	-0.0313839
147	118	0.0150932
148	962	-0.0590067
148	685	0.0290859
148	427	0.0373559
154	544	0.0448888
154	62	0.0154067
154	960	-0.0378858
154	679	0.0503555
154	464	0.0285307
154	684	-0.0518032
155	15	0.0308956
155	117	-0.0281199
162	227	0.012862
163	361	-0.0152067
163	691	-0.0384627
168	777	-0.0361368
168	660	0.0266046
168	628	0.0297675
168	554	-0.0345614
168	950	-0.0127808
168	734	0.0278151
169	209	-0.0465928
170	596	0.0248593
170	676	0.0489092
177	240	0.0304987
177	7	-0.0444694
183	484	0.0326608
183	459	-0.0711286
183	983	-0.0393575
183	511	0.0663563
183	896	0.0572444
183	923	-0.0309905
183	300	0.0160874
183	501	-0.0132252
183	137	0.01581
183	987	-0.0411503
183	687	0.0342662
183	592	-0.0108945
183	514	-0.0192336
183	790	-0.0359749
183	969	0.0248737
183	382	0.044667
185	288	0.0334439
185	35	0.0201429
188	969	-0.0335134
197	412	-0.0297779
197	589	0.0222975
199	750	-0.0377513
199	480	-0.0357126
199	405	-0.0419413
201	277	0.0156085
204	533	0.0664342
208	323	-0.0739056
208	842	-0.0184685
208	387	0.030951
214	355	-0.0395274
214	663	-0.0199348
215	859	0.0563123
215	318	-0.0497479
220	970	0.0291433
220	555	-0.0375712
223	452	-0.0301978
223	25	-0.0152263
223	177	0.00970921
223	548	0.0172093
223	359	-0.0132186
223	868	0.0313509
223	906	0.0303579
228	814	0.0201191
228	449	0.0196719
228	730	-0.0130979
228	70	-0.0193444
233	316	0.019548
233	428	0.0515734
233	936	-0.0300885
233	807	-0.0556927
233	354	-0.00493247
233	554	0.0163509
233	681	-0.0288835
233	795	0.044647
240	512	-0.0113054
240	155	0.0198182
240	713	-0.0466645
245	203	-0.0235307
250	523	-0.0179714
250	328	0.0166241
250	695	0.0201624
252	538	0.0272868
262	616	0.0359196
262	168	-0.0249653
262	782	0.0287115
262	39	-0.0362228
262	798	0.0255258
262	674	-0.0487692
262	412	0.031539
262	609	-0.0377763
262	249	-0.0359163
262	89	-0.0264348
262	257	0.0453911
274	17	0.0268757
274	829	0.0190429
275	37	-0.02705
275	442	-0.0298942
275	567	-0.0520805
275	22	0.0360513
275	988	0.0434836
275	108	0.0215386
275	946	-0.0339214
275	208	0.0329705
275	336	0.0330921
275	698	-0.0385568
275	958	0.0395459
275	162	-0.0247565
275	17	0.0502109
275	462	-0.0152973
275	55	0.0438234
275	823	0.0142317
275	94	0.0366372
275	894	0.037354
275	948	0.0160991
275	280	0.0377707
275	29	-0.0261003
279	713	0.0572285
282	739	-0.0422646
282	946	-0.0227434
282	411	-0.0128097
282	121	0.012297
282	252	-0.0380789
282	589	0.0326137
282	720	0.0211641
282	146	-0.0194539
283	297	-0.0204499
283	250	-0.0290454
283	672	0.0308706
283	15	-0.0320688
283	321	0.0178024
283	257	0.028349
285	634	-0.0330031
285	361	0.0402228
285	219	0.074229
285	397	0.0374915
286	963	-0.036303
286	668	0.0626686
287	26	0.0798832
288	139	0.0286518
295	582	0.0173428
295	212	0.033179
295	79	0.0422581
297	931	-0.0550183
297	317	0.0120557
297	512	-0.0324694
297	816	0.046845
297	836	-0.0339406
298	474	-0.0166988
300	134	0.0591352
300	307	0.0161283
300	138	-0.0709666
311	344	-0.0183135
311	747	-0.0293011
311	491	0.016445
311	397	-0.0152798
311	671	-0.049829
316	311	0.0451591
316	858	-0.051683
316	645	0.0212391
316	990	0.0154185
316	674	-0.0278956
316	536	0.025388
316	7	0.0219374
316	289	0.0263608
316	619	0.0249586
317	474	-0.0355795
323	348	0.0336618
326	539	0.0827565
326	923	0.088644
326	23	-0.0484736
326	583	0.0126489
326	100	-0.0359566
326	231	0.0310586
326	778	-0.0394434
335	984	-0.0339873
335	515	0.0610325
335	943	-0.0221418
336	892	0.017756
336	491	-0.0451119
336	258	-0.0453403
336	30	-0.0393634
337	129	-0.033185
337	442	-0.0340084
337	789	0.0300256
337	154	0.0208318
337	782	0.0228215
337	282	-0.051763
337	739	0.0131117
337	147	0.0483569
337	840	-0.0647848
337	286	-0.0285782
337	538	0.0205231
337	653	0.0166563
337	254	0.0477735
337	901	-0.0402959
337	684	-0.0395773
338	97	0.0202127
338	866	0.0348442
338	672	-0.0245218
338	355	0.0278786
338	319	-0.0340898
338	795	0.0405914
338	842	-0.0324997
338	995	0.0154495
341	139	0.0167718
341	450	-0.025692
344	798	0.0223575
344	453	0.0171737
344	117	-0.0384387
344	557	0.0130151
350	17	0.0156054
350	571	-0.0275823
350	906	-0.0352995
354	139	-0.00792023
355	918	-0.031721
359	13	0.0425514
369	596	-0.00928911
369	641	0.0347538
369	681	0.0153804
389	215	0.0201381
389	970	-0.030895
389	937	-0.0460051
390	554	-0.0362263
394	983	0.0465317
394	896	-0.0805798
394	715	-0.0213365
394	300	-0.0553311
394	295	0.0281414
394	706	0.0314271
394	591	-0.0437695
394	542	0.0186298
394	690	-0.0398658
394	169	0.0460279
394	984	-0.0388978
394	972	0.036658
394	883	0.0520804
394	633	0.0586921
394	24	0.024228
402	143	0.04491
402	326	-0.0184643
402	539	0.0326215
402	848	0.0618913
402	854	0.055788
402	501	-0.0140294
402	49	-0.0322023
402	754	0.0300633
402	961	-0.0242872
402	188	0.063615
402	212	-0.0386114
402	664	0.0570749
402	171	0.0237601
402	349	-0.0291248
402	388	-0.0406881
408	128	0.0200041
408	606	-0.04717
408	431	-0.0499939
408	275	-0.0326942
408	693	0.0293799
408	622	0.0272664
408	851	-0.0292756
408	37	0.0279158
408	927	-0.0102694
408	262	-0.0233392
408	992	0.0364112
408	789	-0.0237061
408	109	0.0359086
408	616	0.0239208
408	567	-0.0273409
408	47	-0.00452694
408	782	-0.0335188
408	689	-0.0182203
408	717	-0.0353934
408	858	-0.0223474
408	84	0.0179035
408	39	-0.0260619
408	177	0.0181427
408	497	-0.0509202
408	297	-0.00871868
408	228	0.0241613
408	285	-0.0146947
408	415	-0.0175259
408	990	-0.0150421
408	698	0.0521872
408	760	-0.038374
408	483	0.0245156
408	107	-0.0296308
408	634	0.0334885
408	545	0.0181275
408	672	0.0560254
408	435	-0.0249454
408	493	-0.033369
408	323	0.0282718
408	611	-0.0108238
408	162	0.0193698
408	674	0.0119487
408	17	-0.0297368
408	603	-0.00745476
408	288	0.0148711
408	917	0.0300243
408	153	-0.0263821
408	918	0.033379
408	286	-0.0302086
408	986	0.0145731
408	593	0.0308749
408	251	-0.0402375
408	650	0.0748741
408	609	-0.0393501
408	227	-0.019232
408	932	-0.0503229
408	892	-0.0351516
408	550	0.0213004
408	33	0.035434
408	564	-0.0350583
408	882	0.0317748
408	796	0.0306011
408	671	-0.0149455
408	404	-0.0346994
408	787	-0.0259189
408	305	-0.0190323
408	601	0.0256727
408	267	-0.0223012
408	679	0.0100184
408	260	0.0182214
408	235	0.0310099
408	383	-0.0162698
410	848	0.0415155
410	23	0.0689254
410	480	0.0457447
410	706	0.0287705
410	487	-0.0288285
410	188	-0.0291999
410	212	0.0513557
411	483	-0.0257782
411	319	0.0316559
411	641	0.00914511
411	348	0.039393
411	278	0.0175378
412	571	0.0515211
415	600	-0.0401157
415	925	0.0248804
417	606	-0.0258986
417	275	0.0252789
417	37	-0.0246536
417	337	-0.0338413
417	927	0.0187088
417	262	0.00897441
417	604	0.0364853
417	992	-0.0160645
417	233	-0.0361375
417	109	0.0407918
417	223	0.0248811
417	22	-0.0433332
417	988	-0.0440618
417	703	-0.0305792
417	595	-0.0164374
417	97	-0.0254079
417	423	-0.0229733
417	936	0.0272712
417	828	-0.0470104
417	147	-0.028223
417	914	0.0222289
417	544	-0.0404209
417	170	0.0389587
417	215	0.0221016
417	12	0.0263127
417	121	-0.023366
417	611	0.0207943
417	924	0.0139509
417	628	0.0302202
417	17	0.0279877
417	963	0.0230077
417	298	-0.0111207
417	795	-0.0444114
417	492	0.0258853
417	734	0.0386516
417	926	0.0220928
417	590	-0.028084
417	805	0.0643307
417	933	0.0247094
419	946	-0.0187088
419	344	-0.019497
419	354	0.0386465
419	571	-0.0103152
419	224	-0.0646582
419	998	0.0265278
420	197	-0.0338025
423	415	0.0302332
423	483	0.0312004
423	215	0.0261946
423	12	-0.0229588
423	359	-0.0184281
423	151	-0.0134234
428	107	0.0194341
428	155	0.0229124
428	850	0.0361369
428	15	-0.0112897
428	626	-0.0115103
430	433	0.0549809
430	335	0.05054
430	134	-0.0276514
430	907	0.0459852
430	945	-0.0413649
431	275	0.0244583
431	851	-0.0361289
431	337	0.0384136
431	129	0.00601719
431	442	0.0188134
431	604	0.0640208
431	535	0.0272602
431	616	-0.0195142
431	223	-0.0277316
431	154	-0.0347355
431	988	-0.017956
431	47	0.0220977
431	115	-0.0164387
431	283	-0.0188997
431	84	-0.0347895
431	208	-0.0226604
431	415	-0.0148508
431	990	-0.0207776
431	185	-0.0104467
431	483	0.0164576
431	938	-0.0388306
431	730	0.0485437
431	571	0.0298328
431	220	0.0210904
431	462	-0.0460299
431	252	-0.02929
431	970	-0.0250002
431	681	-0.0235163
431	4	-0.0121949
431	6	0.05247
431	555	-0.0508232
431	832	0.01515
431	771	-0.0107167
431	118	0.0377166
433	935	0.0374114
433	916	-0.0237536
435	832	-0.0617751
435	639	0.0403904
439	526	-0.0207051
442	233	-0.015978
442	22	0.0139519
442	988	-0.0188902
442	283	0.0258642
442	560	-0.0144239
442	653	-0.0327114
442	770	-0.0302664
442	305	-0.0219911
449	274	-0.0526214
449	121	-0.031275
449	663	0.0175078
451	428	-0.00980749
451	739	-0.0612808
451	512	0.0447859
451	449	0.0142813
451	274	0.017862
451	121	-0.00782253
451	660	-0.0438813
451	538	0.0429056
451	364	0.0254918
451	48	0.0111909
452	859	0.0353146
452	65	-0.0183895
453	796	0.017637
459	849	-0.0598262
459	853	0.0528123
459	706	0.0529904
459	907	-0.0354998
459	979	-0.046131
459	80	-0.0362278
459	731	0.0297194
459	579	0.0670585
484	143	0.0384042
484	511	-0.0396075
484	891	0.0370348
484	91	0.0339722
484	134	0.0668516
484	480	-0.0320394
484	124	-0.103906
484	565	-0.0705961
484	592	-0.0471633
484	972	0.0394844
484	994	0.02487
484	863	0.0337766
484	731	-0.0303336
484	400	0.0236499
487	381	0.0172212
487	171	-0.043075
493	924	-0.0216079
493	490	0.0330956
495	251	-0.0193944
495	701	0.0288661
495	313	0.0139972
495	327	0.0186162
497	420	-0.0410229
500	311	-0.0190829
500	814	0.0157587
500	162	0.0343876
500	708	0.0230668
500	747	0.0557622
500	395	-0.0165677
500	787	-0.0354049
501	255	0.0432573
501	374	0.0397756
501	135	0.0392244
508	169	0.0243575
508	945	0.0509483
510	587	-0.0219573
510	300	-0.0689014
510	831	0.0359605
510	984	0.0251151
510	31	-0.0367988
510	588	-0.0258767
510	363	0.0276373
510	271	0.0431034
510	885	-0.0353393
511	896	-0.0263153
511	854	-0.0390378
511	295	-0.0321977
511	853	-0.0251588
511	188	0.0428444
511	66	0.0215626
511	157	0.0264513
512	959	-0.0275528
516	8	0.0204877
516	610	0.0229752
516	463	0.0432462
517	710	0.0492648
517	837	0.0168388
523	785	-0.0214474
524	518	0.017231
535	147	-0.0496046
535	336	-0.0193778
535	55	0.0235452
535	986	0.0321418
535	318	-0.0231336
535	763	-0.0132138
535	653	-0.0456422
535	879	0.0305039
535	260	-0.0276658
536	453	-0.032147
536	892	-0.0163052
539	582	0.0383291
539	8	-0.0647196
539	138	0.0467305
539	723	-0.0308459
539	934	-0.0777592
542	610	0.0498155
542	890	-0.0393723
542	133	-0.0257249
544	285	-0.0207758
545	318	-0.0277597
545	270	0.0169625
550	564	-0.0275349
554	227	-0.0146519
557	60	0.0532119
559	127	0.0154746
559	0	-0.0447313
559	82	-0.0677763
559	183	0.0488613
559	877	0.0734181
559	484	0.0381139
559	812	-0.047236
559	459	-0.0592594
559	983	0.0567505
559	36	0.0534991
559	510	0.0620344
559	888	-0.0096235
559	587	0.0531314
559	876	-0.0180081
559	891	-0.0605201
559	539	-0.0206687
559	848	0.0293763
559	849	-0.0531473
559	817	-0.0211417
559	923	0.0184651
559	997	-0.0337628
559	199	-0.0361282
559	582	-0.0292213
559	853	-0.0196529
559	287	-0.0287332
559	5	0.0423149
559	433	-0.0427727
559	759	0.0485526
559	49	0.0607269
559	56	-0.0647155
559	987	-0.0778737
559	637	-0.0180999
559	583	-0.0212658
559	439	0.0353619
559	591	-0.0356197
559	124	0.0392269
559	565	-0.0512308
559	709	-0.0377847
559	690	0.0231111
559	517	0.0617621
559	83	-0.0271224
559	100	-0.0230579
559	945	0.0484204
559	621	-0.0388492
559	231	0.0252629
559	899	-0.0401803
559	31	0.0513412
559	180	-0.0354587
559	470	0.0235193
559	537	-0.024655
559	203	0.0547183
559	479	0.0345786
559	911	0.051246
559	101	-0.0259142
559	164	-0.0546229
560	63	-0.0244573
560	840	-0.0258106
560	589	-0.0297903
560	458	-0.0224818
560	239	0.0121527
563	612	-0.0221976
563	97	0.0185101
563	497	-0.0481203
563	63	0.036623
563	214	0.0248774
563	14	-0.0174567
563	35	-0.022999
563	116	-0.0132021
563	691	0.0307767
565	507	-0.0458986
567	22	-0.0556021
567	311	0.0209884
567	545	0.01629
567	420	0.0178694
567	564	0.0306869
567	713	0.011561
567	809	0.0181704
569	66	0.0488304
574	856	-0.0260666
582	935	-0.0568499
582	388	0.0249632
583	363	-0.0242521
587	896	-0.0334287
587	817	0.0413662
587	430	0.0379956
587	134	-0.0495745
587	935	-0.0282586
587	487	0.0528062
587	778	0.0356905
587	863	0.0286849
587	32	0.0572206
591	755	0.0398611
592	360	-0.0167964
595	311	0.00998457
595	58	-0.0332979
595	938	-0.0380097
595	317	0.0316731
595	807	-0.0338575
595	390	0.0390646
595	872	-0.0104582
596	650	-0.0196921
596	675	-0.0341431
599	221	-0.0496868
599	825	0.0306572
599	920	0.0289669
603	318	0.0126359
604	535	-0.0482819
604	168	-0.0412678
604	452	0.0343541
604	758	0.0184586
604	914	0.0273813
604	673	0.0178378
604	435	0.0311659
604	495	0.0159867
604	963	-0.050186
606	275	-0.0373715
606	693	0.0338374
606	927	-0.018915
606	535	0.035627
606	644	-0.0392589
606	847	-0.0122926
606	87	0.0443703
606	451	-0.0556253
606	47	0.010792
606	703	-0.00916135
606	452	0.0121096
606	28	-0.0290276
606	10	0.0319481
606	739	-0.0103224
606	177	0.0151704
606	936	0.0342696
606	560	-0.0183967
606	698	-0.00868387
606	545	0.0229853
606	938	-0.0364847
606	240	-0.0107432
606	708	-0.0341526
606	628	0.0108559
606	676	0.0384991
606	227	0.0475263
606	348	-0.013879
606	727	0.0345433
606	321	-0.0421645
606	450	-0.014437
606	696	0.0143008
606	327	-0.0363765
606	960	0.0257359
606	281	0.0273085
610	400	0.0273853
611	840	0.0125211
612	108	0.024573
612	872	0.0200171
612	908	0.0356745
614	840	0.0167285
614	453	-0.0376
614	968	0.0484612
616	223	-0.0234626
616	500	-0.0329761
616	544	0.0366801
616	55	-0.0282692
616	816	-0.0365572
616	635	0.032099
616	762	0.0145849
616	598	0.0353962
619	838	-0.0307045
621	165	-0.0507933
622	145	-0.042104
622	262	0.0254382
622	233	-0.0289124
622	452	-0.0101945
622	108	0.0151512
622	645	-0.0730482
622	990	-0.0111449
622	599	-0.0336216
622	155	0.0148243
622	614	-0.0102189
622	917	0.0290294
622	986	0.0172279
622	676	-0.0261412
622	404	0.0193594
622	224	-0.0320343
622	172	-0.0258952
622	978	-0.0323863
622	576	-0.0254666
627	687	-0.0166055
627	79	-0.0213222
627	537	0.0632285
627	886	0.0749571
628	649	-0.0310195
628	313	-0.0211015
634	350	-0.0323684
634	72	-0.0633489
634	900	-0.03722
635	29	0.0245628
636	100	0.0405858
636	26	-0.0360704
636	994	0.0486616
636	613	-0.04505
637	979	-0.0193995
639	254	-0.0118286
641	720	0.0174007
641	421	0.0266877
644	25	0.0261585
644	760	0.0555137
644	574	-0.0285711
644	931	0.0326226
644	449	-0.044144
644	350	0.0406295
644	354	-0.0372937
644	696	0.0350607
644	458	0.022187
644	329	0.0238347
645	50	-0.0322633
645	785	0.0215207
645	741	0.0206877
650	619	0.0799705
653	62	-0.0248902
660	63	-0.0301577
660	663	0.0153556
664	479	-0.0185214
672	859	0.0190447
672	341	-0.031996
673	390	-0.02814
673	219	0.041081
673	809	0.0704286
674	536	0.0204381
674	894	-0.0488762
681	116	-0.0219213
687	276	-0.031234
689	452	0.0254283
689	599	0.0147596
689	614	-0.0289792
689	94	-0.0327707
689	771	-0.00744798
689	478	0.0550743
690	945	0.0295196
690	245	0.0488315
693	782	-0.039871
693	612	0.0196706
693	595	0.0150821
693	544	0.0145108
693	599	0.02915
693	545	-0.0207356
693	323	0.0344213
693	611	-0.0342811
693	153	0.024305
693	35	0.0101182
693	879	0.0371137
693	221	-0.0489301
693	298	-0.0647883
693	947	0.0481277
693	797	0.0346369
693	258	-0.0174202
698	117	-0.0298986
703	612	0.0592598
703	121	-0.0231431
703	524	0.0162745
703	762	-0.0354748
706	517	0.0470942
708	236	-0.0523944
709	231	0.0425324
709	664	-0.0187907
709	911	0.0839591
710	276	-0.0313083
715	295	-0.0406618
715	287	-0.0425342
715	137	-0.0363464
715	754	0.0379903
715	979	-0.0198834
715	837	-0.0340257
717	497	0.032134
717	913	0.0182744
717	708	-0.0364605
717	823	-0.0109058
717	348	-0.0127124
717	874	-0.048998
723	806	0.052524
729	183	0.0306223
729	877	0.0457406
729	812	-0.0329478
729	511	-0.0257872
729	410	-0.0471966
729	539	-0.0464878
729	849	0.0649544
729	23	0.0599187
729	997	0.0618964
729	738	0.030366
729	759	-0.0222451
729	137	-0.0722366
729	591	-0.0673401
729	255	0.0330254
729	565	-0.0111471
729	867	0.0467682
729	815	0.029593
729	778	-0.0523909
729	507	0.0280167
729	349	0.0990986
730	650	0.028273
733	431	0.021023
733	275	-0.0328128
733	693	0.0314815
733	927	-0.0172971
733	262	0.0416433
733	992	-0.0481747
733	535	0.0483095
733	644	0.0139446
733	233	0.064215
733	87	-0.0254757
733	22	-0.0469994
733	168	0.0172051
733	500	0.0256954
733	428	0.0172149
733	419	0.0312139
733	84	0.0157772
733	739	-0.0404136
733	497	0.029709
733	645	-0.0340175
733	544	-0.0307161
733	185	0.0188067
733	698	-0.033149
733	913	0.0263592
733	250	-0.0282088
733	822	0.0158237
733	420	-0.0466001
733	435	-0.0118058
733	170	0.0183905
733	12	0.0282203
733	536	0.0378129
733	859	-0.0225065
733	355	-0.0220872
733	153	0.0279021
733	72	-0.0580404
733	13	-0.0412372
733	201	0.0131381
733	249	-0.0210416
733	236	-0.0111605
733	289	-0.0419849
733	474	0.0213795
733	478	-0.0287778
733	764	0.0221482
733	836	-0.023212
733	377	0.0264675
733	910	-0.0422087
733	142	-0.0225669
738	295	0.0458259
738	582	0.0361625
738	583	0.0548561
738	83	0.052741
738	360	0.0359577
738	363	-0.0321146
738	613	-0.0441307
739	341	-0.0293709
739	524	-0.018938
745	514	0.0456175
750	710	-0.0370945
754	31	0.00782569
758	10	0.0131798
758	147	-0.0264264
758	866	-0.0547596
758	856	0.0191769
758	317	0.0268075
758	288	-0.0612298
758	850	0.0548185
759	148	0.0814762
759	204	-0.0403411
760	611	-0.0232579
760	593	-0.0210415
760	450	-0.0364822
763	727	0.0155773
771	172	-0.0443441
777	856	-0.0291277
777	614	0.0172833
777	968	0.0362335
782	914	-0.0344975
782	938	0.0356287
782	660	-0.0227656
782	880	0.0229049
782	205	0.0498057
785	577	-0.00789924
789	612	0.034722
789	958	0.0303602
789	807	-0.0214178
789	369	0.0172679
789	72	-0.00860098
789	959	0.037432
789	552	-0.064942
789	719	-0.0140241
798	574	0.0399639
798	162	-0.0212397
798	341	-0.0352494
798	364	0.0525495
805	329	-0.0189946
807	708	0.0662338
812	143	-0.0897816
812	510	0.059638
812	326	0.0215455
812	896	-0.0370328
812	817	-0.0530198
812	583	0.0470767
812	439	-0.0582257
812	745	0.03833
812	961	-0.0643394
812	831	0.0368654
812	904	0.0417413
812	685	0.0247241
813	523	0.0351181
813	894	-0.0411134
813	469	-0.0183082
814	185	-0.0350349
814	493	0.0207272
814	252	-0.0110259
815	156	0.0607649
816	6	0.0297637
816	868	-0.0160227
817	987	-0.0385053
817	867	0.0387082
817	640	0.0594315
817	751	-0.063752
817	20	0.0620208
822	747	-0.0244123
822	4	-0.0379576
822	920	-0.0387193
822	824	0.00705928
823	50	-0.0217018
823	720	0.0303477
828	777	-0.0225797
828	931	-0.0303091
828	938	-0.0358323
828	850	-0.0435786
831	514	0.0291229
832	601	-0.0411688
840	33	-0.00817073
847	544	-0.0286953
847	483	-0.0307753
847	107	-0.019963
847	856	0.0277886
847	170	-0.0382427
847	412	-0.0429399
847	251	-0.0261766
847	968	-0.0254498
847	6	-0.0255153
847	279	-0.0221444
847	314	-0.0161832
848	199	0.0738071
848	735	0.0422261
848	307	-0.0413303
848	392	0.0423493
848	526	-0.0483515
848	209	-0.0255916
848	156	0.0315748
849	287	-0.029417
849	255	-0.0216398
849	690	0.0343231
849	470	0.0370847
851	442	-0.0294465
851	604	0.0217
851	789	-0.010808
851	689	-0.0288781
851	814	-0.0166506
851	938	0.0399274
851	317	0.0710425
851	240	-0.0115828
851	215	-0.0145067
851	603	-0.0433649
851	523	-0.0467635
851	319	0.0245122
851	395	-0.0345604
851	89	0.0418133
851	741	0.0387679
853	750	0.0276201
853	307	0.0357421
853	640	-0.0489157
854	49	0.0516087
854	204	-0.050232
854	436	-0.0658544
858	208	-0.0121732
858	813	-0.0311505
858	917	0.0325369
858	35	-0.0488021
858	359	0.034965
866	185	0.021415
866	155	-0.0185465
866	593	0.0229095
866	222	0.0284017
867	138	-0.0473424
868	948	-0.0266255
871	21	0.0408529
876	923	0.0466989
876	715	-0.0697338
876	627	0.0858236
876	687	0.0389665
876	815	-0.0259017
876	231	-0.0125307
876	360	0.0350248
876	844	0.0468969
877	484	0.0729695
877	812	-0.040526
877	143	-0.08152
877	326	0.0325566
877	516	-0.0613791
877	5	-0.0434917
877	433	0.0465208
877	8	0.0492919
877	517	-0.0191707
877	961	-0.0635621
877	640	-0.0287535
877	837	-0.0448859
877	916	0.050443
877	343	0.0442185
883	405	0.0431151
888	410	-0.0208504
888	997	0.0594453
888	199	-0.038357
888	287	0.0374618
888	759	-0.0295709
888	335	-0.079565
888	987	0.0496403
888	565	0.0325255
888	508	0.0432521
888	241	-0.0658716
891	516	-0.0197521
891	5	-0.0329402
891	621	-0.0403011
891	26	0.0233684
891	515	0.0467488
891	157	-0.0359061
893	25	0.0345657
893	512	-0.0209096
893	807	0.0157649
893	323	0.0328624
893	730	0.0414171
893	747	-0.0292163
893	779	-0.0141578
893	434	0.0108783
896	169	0.0518528
896	392	0.0238614
896	330	0.0127376
896	806	-0.0586969
899	245	0.0211648
904	507	-0.031158
907	32	-0.0737839
909	518	0.0138679
913	420	-0.0218534
913	251	-0.0163339
913	727	-0.0208361
913	639	0.0124968
914	462	-0.0500696
914	691	-0.02146
914	838	-0.0301173
918	985	-0.0287931
923	854	-0.0491211
923	430	-0.0430641
923	637	-0.0776445
923	508	-0.0427529
923	100	0.01254
924	319	-0.0538912
924	763	-0.0214238
924	232	-0.0410302
927	604	-0.01816
927	535	-0.0432237
927	847	-0.018761
927	109	-0.0275358
927	563	0.045293
927	58	-0.0120111
927	936	-0.018941
927	497	-0.0492917
927	866	-0.0297993
927	4	0.0252166
927	662	0.031068
931	593	0.0115115
931	361	0.0459551
932	950	0.0335754
935	21	0.0188792
936	420	-0.0226383
936	701	0.0201431
946	814	-0.00922294
946	435	0.00892829
946	548	-0.0644889
958	14	0.0169317
958	609	0.0597338
958	909	0.0342491
959	184	0.0312536
961	592	-0.0503188
962	815	0.0315247
983	849	0.0381389
983	516	0.0334631
983	750	0.0242014
983	987	0.0367327
983	134	0.0423823
983	392	-0.0115546
983	488	0.0566292
985	280	0.0237908
986	649	0.0245246
988	177	0.025414
988	856	-0.0290297
988	872	0.0282877
988	947	-0.0247416
988	925	0.019511
988	325	0.0289352
990	185	-0.0264049
990	970	-0.0209135
990	538	0.0337572
992	47	0.011231
992	10	-0.0232342
992	415	0.0482843
992	574	-0.00376355
992	493	-0.0137549
992	163	0.0298681
992	50	0.0373296
992	968	-0.0160386
992	278	0.0273939
992	623	-0.0226891
992	803	0.0287715
997	433	-0.0552547
997	480	0.0883315
997	255	-0.0214712
997	745	0.0300572
997	99	0.0610968
