400
200
400
1000
500
3
0.333333	0.666667	
0	0	0.0007565	-0.0991656	0.0014744
1	0	0.000940504	0.0593224	0.0123517
2	0	0.00108888	-0.0291666	0.00511369
3	1	0.00508138	0.127259	0.0515444
4	0	0.00563773	0.0206932	0.000614771
5	0	0.00622182	0.0681644	0.0318565
6	0	0.00670955	0.0286012	0.0222326
7	0	0.00775208	0.0522278	0.0493386
8	1	0.00913202	0.0522914	0.0943799
9	2	0.0100965	-0.0204564	0.031125
10	2	0.0113926	-0.0192291	0.0106203
11	2	0.0150879	0.0465256	0.000369222
12	0	0.0159956	-0.0289515	0.0265299
13	1	0.0197428	0.011731	0.0133153
14	0	0.0210956	0.165338	0.00897122
15	0	0.0218986	0.0753976	0.00640515
16	1	0.0234179	0.0399276	0.0426339
17	0	0.0248273	0.0433865	0.0448585
18	0	0.0254266	-0.0238946	0.0159673
19	0	0.0261391	-0.0111662	0.0393417
20	1	0.0270408	-0.0971093	0.00765644
21	1	0.0274201	-0.063413	0.0164243
22	2	0.0280998	0.0432213	0.0825301
23	2	0.0293433	0.0574191	0.00299226
24	2	0.0311583	-0.0548777	0.0221482
25	0	0.0316738	-0.0449534	0.0684569
26	1	0.0322667	0.0133685	0.21022
27	0	0.0334088	0.0167696	0.00490834
28	0	0.0336244	0.057842	0.0318888
29	0	0.0337742	-0.0502013	0.0112054
30	0	0.0351941	-0.0167928	0.0194993
31	0	0.0375437	-0.0575654	0.0259967
32	0	0.0388419	0.0112905	0.0396195
33	1	0.0397212	0.0249556	0.0493383
34	1	0.0399741	-0.088772	0.0398438
35	2	0.0407878	-0.0156239	0.0224247
36	0	0.0414704	-0.0647101	0.029035
37	0	0.0417189	-0.00215215	0.0134119
38	2	0.0423185	-0.0136024	0.0137556
39	2	0.0424112	0.0323259	0.0686557
40	2	0.0447273	0.114927	0.0223547
41	2	0.0447492	0.00552664	0.117878
42	0	0.0456246	-0.0601593	0.00682486
43	2	0.0460697	0.0312173	0.0526227
44	2	0.0464607	-0.0558664	0.00844913
45	0	0.0469359	0.0105709	0.027597
46	0	0.047736	0.0631525	8.2928e-05
47	2	0.0477938	-0.131507	0.03727
48	0	0.0481255	0.0233043	0.0596864
49	0	0.0488721	0.0161976	0.0333565
50	2	0.0492008	-0.0162875	0.0354141
51	0	0.0499063	0.0490447	0.00545652
52	2	0.0502113	0.0359537	0.00675628
53	2	0.0519579	0.102712	0.046607
54	1	0.0520882	-0.0339907	0.0116862
55	0	0.0522159	-0.00237829	0.119375
56	1	0.0522952	0.0161756	0.112999
57	2	0.0538854	-0.0553963	0.0354551
58	0	0.0546642	0.0191004	0.0372464
59	2	0.0550851	0.0170016	0.0411938
60	0	0.056643	-0.0075182	0.0336005
61	2	0.0572408	0.087866	0.00272422
62	1	0.0595764	-0.130671	0.011859
63	1	0.059889	-0.00754747	0.0666303
64	1	0.0603303	-0.033385	0.0334029
65	1	0.0606415	-0.132414	0.0262936
66	1	0.0610428	0.0268149	0.0101915
67	0	0.062342	-0.0210456	0.0694265
68	2	0.0626976	0.0350736	0.0159802
69	0	0.0636497	0.0247962	0.0131316
70	2	0.0642701	0.023321	0.0282325
71	2	0.0654392	0.0105458	0.0287287
72	0	0.0659014	0.0413216	0.0650103
73	2	0.0659447	0.0382253	0.00371457
74	2	0.0667214	-0.0420118	0.00922749
75	0	0.0676455	0.0308359	0.0273026
76	2	0.0681461	0.0121651	0.00750289
77	2	0.0688911	-0.0996897	0.0667661
78	2	0.0691517	0.0347776	0.00303586
79	2	0.069642	0.038709	0.0638487
80	1	0.0705933	-0.0500119	0.035177
81	1	0.0718186	-0.0065543	0.0177707
82	2	0.0737107	0.024848	0.0335682
83	2	0.0741695	-0.028615	0.0511566
84	1	0.0745904	-0.0442357	0.0676688
85	2	0.075211	-0.0280749	0.0480094
86	0	0.0753022	0.0519589	0.0344984
87	1	0.0753558	0.0710257	0.112926
88	2	0.0758363	0.0177865	0.0292655
89	0	0.0782585	0.020997	0.00189968
90	2	0.0791621	-0.0226203	0.0257907
91	1	0.0802394	-0.0153036	0.014492
92	1	0.0814695	-0.0309097	0.0535935
93	1	0.0816501	0.0504607	0.00963704
94	2	0.081687	0.0870908	0.0086768
95	0	0.0821791	0.0483189	0.0557803
96	2	0.0826969	-0.0491381	0.00776916
97	0	0.0829276	0.0290134	0.00417292
98	1	0.0836124	0.090896	0.0104679
99	0	0.0846698	0.108849	0.0161975
100	1	0.0857253	0.0421298	0.0688751
101	0	0.0866294	-0.0148779	0.0906988
102	1	0.0866361	-0.0103294	0.0210851
103	2	0.0877871	0.0369575	0.0185721
104	1	0.0880015	-0.106955	0.0417737
105	2	0.0882165	0.00741445	0.0254786
106	2	0.0885679	-0.068515	0.0432564
107	0	0.0889506	0.0353099	0.0144039
108	2	0.0916719	-0.0651595	0.0192889
109	0	0.0923756	0.00797473	0.111151
110	1	0.0926977	-0.00774259	0.05622
111	1	0.0932568	0.131786	0.0926037
112	1	0.093658	-0.072698	0.121762
113	2	0.0939054	-0.0146311	0.00220484
114	0	0.0946209	-0.0258932	0.0288933
115	0	0.0970328	0.0518692	0.0384598
116	2	0.0978697	0.00435204	0.0252585
117	2	0.0984414	-0.0314142	0.0303207
118	2	0.0984575	-0.0892713	0.0449327
119	0	0.0989314	0.0449811	0.0177158
120	1	0.0999084	-0.0775508	0.0452385
121	0	0.100544	-0.0346175	0.0415755
122	0	0.101574	0.00481631	0.0773659
123	0	0.103407	0.0374034	0.0402556
124	2	0.108369	0.00474275	0.0106659
125	1	0.108765	-0.0370238	0.0773119
126	1	0.109577	0.0277243	0.130469
127	2	0.110309	-0.0146815	0.0822476
128	0	0.110555	-0.0241583	0.0042962
129	1	0.111692	0.0612313	0.104301
130	1	0.112769	0.0302634	0.102471
131	2	0.112871	-0.041854	0.00915193
132	1	0.113217	-0.0370541	0.0742391
133	0	0.117478	-0.0477403	0.00165233
134	0	0.121788	-0.00313834	0.0456109
135	1	0.121981	-0.0359624	0.000754559
136	1	0.122218	0.105584	0.0168588
137	0	0.122856	-0.0504427	0.0198895
138	2	0.123281	0.0271309	0.0263
139	2	0.123296	-0.0517081	0.0639481
140	0	0.123574	0.0499029	0.101002
141	0	0.124084	0.0122897	0.0724105
142	1	0.12503	-0.0914845	0.121167
143	2	0.125051	0.0311333	0.019563
144	2	0.125772	-0.0219114	0.0264095
145	0	0.126794	-0.0084399	0.0216161
146	0	0.127657	0.0233068	0.0459848
147	0	0.129706	0.0228121	0.00123729
148	2	0.130583	-0.0784965	0.0144864
149	0	0.130596	0.0189808	0.0156044
150	0	0.1321	-0.0234001	0.0639306
151	0	0.132422	0.0728426	0.0324071
152	0	0.132441	-0.0889121	0.0833475
153	0	0.134385	0.0147766	0.0635546
154	0	0.134605	-0.0378057	0.0222072
155	0	0.137625	0.0224525	0.078061
156	0	0.141463	0.071448	0.0877685
157	1	0.141876	-0.102142	0.00793585
158	2	0.142867	0.025724	0.00922165
159	0	0.143472	0.00910704	0.0149789
160	0	0.144627	0.0420499	0.0405474
161	1	0.147029	-0.0326116	0.0132313
162	2	0.147114	0.00588446	0.00134686
163	2	0.148317	-0.0573504	0.0596059
164	0	0.148573	0.0662872	0.0981876
165	0	0.148598	-0.049415	0.0196136
166	2	0.149276	-0.0428485	0.0329531
167	0	0.149391	-0.032891	0.00818369
168	0	0.151095	-0.00885072	0.0228376
169	2	0.153108	0.0547982	0.0152358
170	0	0.153293	0.0814444	0.0163781
171	0	0.153895	0.0398369	0.000184985
172	1	0.154584	-0.0105123	0.000828956
173	0	0.156568	0.0822096	0.0892732
174	2	0.158562	0.0527805	0.0276618
175	2	0.159308	0.0735458	0.0681641
176	0	0.159519	0.07677	0.0337626
177	0	0.159999	-0.00853622	0.0304329
178	2	0.160467	0.018806	0.0168502
179	2	0.160784	0.0217054	0.0744039
180	0	0.161742	0.105385	0.0143815
181	2	0.164263	0.0506456	0.0648008
182	2	0.165145	0.0518828	0.00207329
183	2	0.165945	-0.0399996	0.0597933
184	0	0.167015	-0.0307859	0.0489773
185	2	0.167873	-0.0134705	0.0295007
186	0	0.170717	-0.0174951	0.0636485
187	2	0.173792	0.00283344	0.0189794
188	1	0.173803	-0.118643	0.0613981
189	0	0.173869	0.00850428	0.0114095
190	0	0.174209	0.0214962	0.0354468
191	2	0.177407	-0.00858342	0.020317
192	1	0.180688	-0.0500267	0.0203991
193	2	0.181859	-0.0499747	0.0639339
194	1	0.182443	-0.0800794	0.0599728
195	0	0.183171	-0.0525612	0.035992
196	1	0.18442	-0.0909522	0.0249399
197	0	0.185395	-0.0242685	0.00736325
198	2	0.187611	-0.013823	0.0344496
199	2	0.188336	-0.0575079	0.00247692
200	2	0.188402	0.0316902	0.0255238
201	0	0.188774	-0.0777327	0.0244863
202	0	0.19145	0.0285778	0.0660235
203	2	0.191494	0.0638052	0.0132348
204	2	0.192776	-0.0378026	0.0205721
205	2	0.194669	0.0809571	0.0431457
206	0	0.196706	0.0266173	0.0715549
207	1	0.197699	-0.0104974	0.0198525
208	2	0.198357	-0.0596912	0.0136653
209	2	0.198832	0.036679	0.0374477
210	1	0.200536	-0.0854088	0.0362909
211	2	0.202926	-0.0160895	0.031068
212	2	0.203383	0.0414586	0.0840832
213	2	0.204235	0.0476606	8.06366e-05
214	0	0.204362	-0.025295	0.0288916
215	2	0.205113	-0.0648848	0.0858547
216	0	0.207071	0.0135428	0.0782414
217	2	0.209234	0.0324948	0.0346666
218	0	0.209927	-0.103534	0.0267986
219	0	0.210743	-0.0618577	0.0566162
220	1	0.211548	-0.0538719	0.146979
221	0	0.212031	-0.0222221	0.0713733
222	2	0.212445	0.0286072	0.0427625
223	2	0.213183	0.0907531	0.0515972
224	2	0.213389	0.0474917	0.0316965
225	0	0.213701	0.0222219	0.0641687
226	2	0.213944	0.0076228	0.0386724
227	2	0.214361	0.0302831	0.0944377
228	2	0.214628	0.107366	0.0327608
229	0	0.216578	0.0769171	0.0561228
230	2	0.21768	0.0745192	0.0417512
231	0	0.218086	0.0864047	0.0408274
232	2	0.218102	0.0070012	0.0238655
233	2	0.219813	-0.0246521	0.0750688
234	0	0.220207	-0.0405466	0.0162916
235	1	0.221299	0.0139936	0.0514056
236	2	0.222217	-0.038183	0.0674807
237	1	0.22303	-0.0796318	0.0564611
238	1	0.223296	-0.0642611	0.00589016
239	0	0.223809	0.0235343	0.00841251
240	1	0.224775	0.00476724	0.0082437
241	2	0.225771	-0.0340741	0.00586359
242	0	0.225848	-0.0180689	0.0767486
243	0	0.226666	-0.0215153	0.0288184
244	2	0.228615	0.0383004	0.0352373
245	1	0.228884	0.0852765	0.111821
246	1	0.230904	-0.212594	0.0399122
247	1	0.231153	-0.0376612	0.0832514
248	1	0.232493	0.0298042	0.0966052
249	1	0.233231	0.11032	0.0867702
250	0	0.236529	-0.033501	0.00644231
251	2	0.237199	0.0966787	0.0728401
252	0	0.238802	0.0102073	0.10195
253	2	0.239702	-0.0269841	0.0207237
254	1	0.242012	-0.0161548	0.11058
255	2	0.242677	-0.0334289	0.0523995
256	0	0.243832	-0.0390842	0.0902992
257	2	0.244871	0.0388005	0.101953
258	2	0.245631	-0.0823064	0.0260669
259	0	0.246086	0.0519171	0.00357597
260	2	0.247244	0.0752079	0.00281263
261	2	0.247869	-0.117702	0.022549
262	0	0.249739	0.00626658	0.0451562
263	0	0.249969	-0.0241131	0.028467
264	1	0.251406	-0.0751524	0.0109432
265	2	0.251713	-0.0620907	0.0282593
266	0	0.252129	0.0376587	0.00109368
267	1	0.252851	0.0302902	0.0784976
268	0	0.254562	0.0287607	0.0726355
269	2	0.255458	0.0345442	0.000734635
270	2	0.256665	-0.0177279	0.0166747
271	2	0.257906	0.0277719	0.0257985
272	0	0.259356	0.095199	0.0144988
273	0	0.261419	-0.0455195	0.0685963
274	2	0.261754	0.0155893	0.0342988
275	0	0.262472	0.0829781	0.121641
276	2	0.263612	-0.0186019	0.101833
277	0	0.264528	-0.0194005	0.0057498
278	2	0.264967	-0.0303629	0.101602
279	2	0.265959	-0.066211	0.0909917
280	2	0.26826	0.0325902	0.0255021
281	2	0.269436	-0.0179208	0.0430036
282	0	0.270807	-0.0989705	0.0456618
283	0	0.270817	-0.0658002	0.0197661
284	2	0.271968	0.0190874	0.00533804
285	1	0.272193	0.0963425	0.00367399
286	2	0.27494	0.0217844	0.00296867
287	0	0.275919	-0.027148	0.0296195
288	1	0.278451	-0.0117531	0.00350263
289	0	0.279369	-0.047376	0.0740944
290	1	0.27945	0.0328175	0.0379794
291	1	0.279763	-0.0334981	0.0730303
292	0	0.280848	0.0535603	0.0268151
293	1	0.281727	0.0528373	0.0356626
294	2	0.281753	0.00684158	0.046882
295	2	0.282521	0.0294695	0.0346519
296	0	0.286442	-0.0267352	0.0435
297	0	0.287007	-0.0449135	0.0100802
298	1	0.288618	-0.0463015	0.0249553
299	0	0.288873	0.0502222	0.0801937
300	2	0.289079	0.059074	0.0253991
301	2	0.289328	0.0336337	0.00211767
302	1	0.289427	0.0262955	0.0332302
303	0	0.290224	-0.00514497	0.0453521
304	2	0.291803	0.0140599	0.0121598
305	2	0.292479	-0.0246184	0.0332183
306	0	0.292659	0.0614459	0.0381709
307	2	0.29283	0.0476736	0.0805769
308	2	0.292888	0.0584276	0.00837586
309	2	0.292999	-0.0049574	0.0145821
310	0	0.296455	-0.0722141	0.0448207
311	0	0.297256	-0.0705645	0.0818879
312	2	0.297706	-0.00917279	0.00541791
313	1	0.301457	0.139092	0.150509
314	2	0.302483	-0.0148131	0.0917992
315	0	0.302559	-0.0211824	0.00199858
316	2	0.302905	0.0125076	0.0599922
317	2	0.30599	-0.0479213	0.0477483
318	0	0.306001	0.0306932	0.108929
319	0	0.306522	0.0577205	0.0194987
320	2	0.30658	-0.0320801	0.0144328
321	2	0.306787	-0.0115324	0.0544062
322	1	0.309291	0.0831942	0.0638107
323	2	0.309399	-0.0984729	0.0336726
324	1	0.311082	-0.0231868	0.0286626
325	0	0.311389	0.0191698	0.00888455
326	1	0.31186	-0.015951	0.0697435
327	0	0.313365	0.0289603	0.153322
328	1	0.313378	0.0395521	0.0371487
329	0	0.313754	0.0752107	0.00492788
330	2	0.313818	-0.0722814	0.018883
331	0	0.313946	-0.0549344	0.0146076
332	2	0.314185	0.106309	0.0898933
333	2	0.314218	0.0254981	0.0108611
334	2	0.314985	-0.0606242	0.0247682
335	0	0.315273	-0.050805	0.013209
336	2	0.316077	0.0450885	0.0468612
337	1	0.31694	0.0490118	0.115909
338	2	0.318119	-0.020793	0.00278912
339	2	0.320475	0.091884	0.0191211
340	2	0.320595	-0.0187474	0.0102544
341	2	0.320787	-0.10844	0.0439779
342	1	0.322376	0.0852012	0.186473
343	0	0.326761	-0.112245	0.0199788
344	0	0.327682	0.054201	0.00310123
345	2	0.328694	0.0275723	0.0280985
346	0	0.330611	-0.0451494	0.0858723
347	0	0.330959	-0.0395845	0.0505606
348	0	0.332714	0.0531828	0.0561365
349	0	0.335413	0.0292057	0.011665
350	0	0.335678	-0.0662562	0.00532564
351	2	0.336692	-0.0705981	0.125937
352	2	0.337884	0.0436437	0.0170184
353	2	0.338004	0.0284395	0.0278275
354	0	0.338718	-0.0203263	0.0623446
355	2	0.340058	-0.00860028	0.0527871
356	0	0.341197	0.0103864	0.0752131
357	1	0.342492	-0.0462801	0.125006
358	1	0.344666	0.191684	0.0133168
359	2	0.348116	-0.0203581	0.0339648
360	2	0.348436	0.0216272	0.0296929
361	0	0.349975	-0.0383626	0.0129078
362	0	0.352898	0.0520278	0.0301301
363	2	0.353411	0.0175905	0.00573503
364	2	0.354694	0.0768188	0.0765611
365	1	0.355756	0.029365	0.0174673
366	1	0.355971	-0.121161	0.0753366
367	2	0.359427	0.0453696	0.0259332
368	2	0.3599	-0.0148578	0.0356913
369	2	0.360725	-0.00235537	0.0427378
370	2	0.362613	-0.0431853	0.045813
371	0	0.362848	-0.0481238	0.0558943
372	2	0.36336	-0.0380231	0.0279538
373	2	0.365214	0.0261969	0.0970013
374	2	0.365501	0.0133065	0.0410993
375	0	0.367379	-0.0207666	0.0445321
376	2	0.369425	0.021844	0.0325548
377	2	0.371751	-0.0114261	0.0082474
378	2	0.372665	0.0156755	0.0400051
379	2	0.374412	-0.056768	0.01054
380	2	0.375317	-0.0833866	0.00402755
381	2	0.376253	0.0246725	0.0236711
382	2	0.376646	-0.0157032	0.0100553
383	2	0.376902	0.0173349	0.203057
384	0	0.377559	-0.0187859	0.0388034
385	0	0.377595	-0.0595806	0.0314139
386	0	0.377887	0.0449078	0.0641608
387	2	0.377896	0.011907	0.066656
388	1	0.37878	-0.0506245	0.026401
389	2	0.378892	-0.0705951	0.0789471
390	0	0.379113	-0.0366851	0.016223
391	2	0.379153	0.0194407	0.0369901
392	0	0.382454	-0.0263596	0.058194
393	2	0.382859	-0.0345201	0.0914029
394	0	0.383239	0.0542486	0.083733
395	2	0.383541	-0.0488293	0.00757264
396	2	0.385042	0.0146612	0.0544821
397	0	0.385182	0.0499035	0.0638895
398	2	0.386356	0.0668512	0.0596792
399	0	0.387681	0.035084	0.00935207
400	1	0.388281	-0.0287004	0.0318776
401	0	0.391628	-0.0295366	0.0275128
402	0	0.395357	0.0251041	0.0808995
403	0	0.396215	0.0662936	0.0269325
404	2	0.39672	0.0624964	0.0220135
405	0	0.396783	-0.0209989	0.00235326
406	1	0.397842	0.0145817	0.0415176
407	0	0.399231	0.013735	0.0263688
408	2	0.399761	-0.0630046	0.0584271
409	0	0.401614	0.119407	0.0345811
410	0	0.403476	0.110497	0.0545552
411	1	0.404339	0.0625649	0.00602837
412	1	0.404371	0.0608911	0.0154741
413	2	0.40446	-0.0387506	0.033569
414	2	0.40494	0.0191387	0.0512114
415	0	0.405	0.0845059	0.0667198
416	1	0.405186	0.086386	0.0487503
417	2	0.408192	-0.0144792	0.0153994
418	0	0.408542	0.0884259	0.0517807
419	2	0.408701	0.0175152	0.0966286
420	0	0.409173	-0.0275023	0.039408
421	0	0.411224	0.015926	0.00905314
422	2	0.41124	-0.0349991	0.0180296
423	0	0.411741	-0.0170184	0.078864
424	1	0.412118	-0.0299782	0.0422977
425	2	0.412314	-0.0113818	0.0488314
426	0	0.414123	-0.0104039	0.043137
427	1	0.4143	0.0297639	0.162922
428	0	0.415386	-0.0189223	0.0264971
429	0	0.41697	-0.0434152	0.104145
430	2	0.417023	0.0824872	0.0192062
431	0	0.419225	-0.0222293	0.0777398
432	2	0.419241	-0.044825	0.0210283
433	0	0.419732	-0.0731153	0.0136198
434	2	0.420669	-0.0117032	0.00503469
435	2	0.421155	0.0366476	0.0305989
436	2	0.422046	0.0326177	0.00394575
437	1	0.423044	0.0793986	0.00681353
438	2	0.423074	-0.0795367	0.0640603
439	0	0.423427	0.054725	0.0620251
440	2	0.425714	-0.0394426	0.075415
441	1	0.427253	0.148681	0.096991
442	0	0.428404	0.0133038	0.00657315
443	2	0.429778	-0.0464253	0.0162871
444	2	0.432394	-0.0435405	0.0577443
445	2	0.43252	0.091947	0.0312075
446	0	0.433491	0.0163852	0.0496662
447	0	0.435509	-0.041003	0.0158445
448	0	0.438908	0.0579354	0.0021758
449	0	0.439978	0.083214	0.00296151
450	2	0.446031	0.0406291	0.0509594
451	2	0.447642	-0.0345051	0.0244004
452	2	0.447665	-0.039137	0.00857086
453	1	0.448012	-0.0705701	0.116151
454	2	0.450333	-0.012848	0.00797735
455	1	0.450479	0.0201964	0.00633677
456	2	0.451304	-0.0833099	0.0780821
457	2	0.452101	-0.0587681	0.0262157
458	2	0.452542	-0.0478164	0.0819319
459	2	0.452706	0.0207576	0.0404362
460	0	0.453925	0.0476172	0.0318508
461	2	0.456084	-0.0496542	0.0341412
462	0	0.456231	-0.0149282	0.0419213
463	0	0.456558	-0.0401381	0.040349
464	2	0.456838	-0.0184896	0.00868682
465	0	0.457449	0.0237183	0.00637972
466	1	0.458255	0.0235638	0.033251
467	0	0.458802	0.0453799	0.0560297
468	1	0.459088	0.0976672	0.0493404
469	1	0.460279	-0.0771473	0.00676025
470	0	0.46147	0.0129461	0.105928
471	0	0.461519	-0.0107189	0.0305085
472	2	0.461639	-0.0274412	0.0321658
473	0	0.462317	0.00805059	0.0285383
474	0	0.462464	0.0172766	0.0736311
475	2	0.462571	-0.0458136	0.00114285
476	0	0.465615	0.083969	0.0328044
477	2	0.465928	0.0555117	0.0493383
478	1	0.466542	-0.0714367	0.0104304
479	0	0.467381	-0.0115699	0.0236425
480	1	0.469081	0.0770217	0.0146894
481	2	0.471129	0.0349302	0.00846194
482	2	0.471153	0.0932009	0.00586844
483	0	0.471445	-0.0536732	0.00229741
484	2	0.471513	-0.0249881	0.00719196
485	0	0.473263	0.101677	0.0759357
486	0	0.474584	-0.0623302	0.0211814
487	1	0.477394	0.0235755	0.0484887
488	0	0.477643	-0.0226152	0.0248831
489	1	0.479149	-0.040772	0.0710009
490	2	0.479602	0.0438493	0.0216187
491	0	0.481583	-0.0642779	0.0421725
492	2	0.48168	-0.048108	0.00402616
493	1	0.483172	-0.0905069	0.0909382
494	2	0.48396	-0.0464481	0.0013654
495	0	0.489205	-0.0134322	0.0113213
496	0	0.49034	0.0719084	0.0134111
497	2	0.49052	-0.152229	0.0997721
498	0	0.490928	0.0281523	0.092888
499	1	0.490948	-0.0268492	0.072724
500	0	0.491905	0.0141394	0.00678417
501	0	0.492306	-0.0274156	0.0158528
502	2	0.493012	0.0373791	0.0402461
503	2	0.493223	-0.0153835	0.0611921
504	0	0.493426	-0.0519297	0.0284125
505	0	0.494449	0.0578931	0.0434163
506	0	0.494917	0.0247534	0.0379965
507	0	0.495861	-0.0311451	0.0203279
508	0	0.496501	0.0162919	0.0468103
509	1	0.497253	-0.0185332	0.127461
510	0	0.500342	-0.0344762	0.0492073
511	2	0.500578	0.0831584	0.0296691
512	1	0.500936	-0.0414122	0.0246635
513	0	0.501207	-0.0383721	0.0116646
514	0	0.501361	-0.0234818	0.00814614
515	0	0.504731	0.0442365	0.00872602
516	2	0.504749	-0.0119847	0.00419109
517	2	0.505164	-0.0225085	0.0789679
518	2	0.506425	0.0518904	0.0720152
519	0	0.507431	0.0178681	0.038303
520	1	0.50783	0.0724053	0.12622
521	0	0.507919	0.00706646	0.0107196
522	0	0.507943	-0.0298134	0.056018
523	0	0.509813	0.00883674	0.0212005
524	0	0.510216	0.0617745	0.0337889
525	2	0.511684	-0.0206163	0.00382712
526	0	0.511915	0.0646297	0.0468331
527	0	0.512028	0.0148919	0.0658165
528	0	0.513523	0.0320927	0.00723096
529	0	0.513852	0.0461487	0.0367699
530	1	0.520496	0.0523618	0.103395
531	1	0.520893	-0.0887718	0.0513045
532	2	0.521075	0.0305238	0.0377664
533	0	0.521521	0.0742175	0.0065833
534	0	0.52251	0.0488042	0.0594351
535	0	0.522933	0.00568621	0.0252208
536	1	0.523135	0.0221732	0.00557746
537	0	0.525073	-0.0211857	0.0311949
538	0	0.52528	-0.0679665	0.0747519
539	2	0.525632	-0.0830198	0.0716659
540	1	0.526944	0.15353	0.0126713
541	0	0.527563	-0.00451125	0.0128246
542	0	0.5282	-0.0287922	0.0578626
543	1	0.528357	0.0971849	0.000578085
544	0	0.532083	0.0479722	0.00110476
545	0	0.532908	0.0358873	0.0198482
546	2	0.533257	-0.0871535	0.0440932
547	0	0.534558	-0.0560424	0.0609242
548	1	0.535456	0.0416377	0.052301
549	0	0.536696	-0.0787066	0.0422425
550	0	0.537224	-0.0218128	0.043869
551	2	0.537894	0.0767648	0.0201761
552	0	0.538024	-0.0333835	0.146526
553	0	0.539751	0.0689628	0.0353699
554	1	0.540914	-0.0181935	0.06119
555	2	0.541655	-0.0240263	0.0151461
556	1	0.543177	-0.0828603	0.0508546
557	0	0.545812	-0.00389191	0.053466
558	1	0.546675	0.0563051	0.013186
559	2	0.547824	-0.0262839	0.0172707
560	2	0.548777	0.0120489	0.0986668
561	2	0.551937	0.0218878	0.0353112
562	0	0.552314	0.0266646	0.0359206
563	0	0.554338	-0.0249437	0.0227591
564	2	0.558661	-0.040258	0.0245248
565	2	0.55957	0.0227846	0.0389376
566	2	0.562052	0.0197024	0.04672
567	0	0.56275	-0.0820618	0.0901308
568	2	0.564179	0.055434	0.0683362
569	2	0.565066	-0.0214229	0.0195259
570	0	0.566062	-0.0840121	0.0880287
571	1	0.568609	0.0634741	0.066002
572	1	0.568609	-0.0122128	0.0304446
573	0	0.569488	0.0296064	0.00182258
574	2	0.570241	0.0130591	0.0254347
575	0	0.570411	0.0300026	0.0639975
576	2	0.570828	-0.0358021	0.0575243
577	2	0.57237	-0.0380453	0.0442784
578	0	0.572641	0.0526868	0.00407558
579	0	0.572762	-0.00891755	0.0279305
580	1	0.573891	0.0262509	0.143294
581	2	0.57434	-0.0551146	0.0167063
582	0	0.575386	0.0546037	0.0417181
583	2	0.576989	-0.0104014	0.0123651
584	2	0.578594	-0.115292	0.0151263
585	2	0.579591	-0.0764947	0.037632
586	2	0.580383	0.0131474	0.0246777
587	1	0.580672	0.0319006	0.170261
588	1	0.58188	0.134677	0.0713526
589	2	0.582232	0.0275578	0.034254
590	1	0.58269	-0.099157	0.028382
591	0	0.582997	-0.055872	0.0160889
592	2	0.583076	-0.0561792	0.0306318
593	2	0.585828	-0.0124766	0.0642784
594	0	0.586877	-0.0910328	0.024819
595	0	0.589749	-0.070771	0.0107027
596	1	0.590189	-0.0328863	0.0776792
597	2	0.591232	0.0301807	0.0181632
598	2	0.594642	0.0214746	0.0174343
599	0	0.594966	-0.0183592	0.116288
600	0	0.595333	0.0261539	0.0816234
601	0	0.595757	-0.0271711	0.124729
602	2	0.595911	-0.0494477	0.0826058
603	0	0.595934	0.0709879	0.0420164
604	0	0.596621	0.0699161	0.0292968
605	0	0.597662	-0.0142129	0.0330564
606	2	0.599343	-0.0428436	0.0444805
607	2	0.599422	0.0144946	0.147415
608	0	0.600193	-0.0447058	0.0369886
609	1	0.602769	-0.0809482	0.0428793
610	2	0.603257	0.0525732	0.0722432
611	0	0.604055	0.0556997	0.0139101
612	2	0.607397	-0.053054	0.0788118
613	2	0.609609	-0.00757112	0.00603278
614	2	0.610079	0.0482464	0.0577776
615	1	0.613508	-0.0289772	0.0714547
616	2	0.614132	-0.0389262	0.00872107
617	0	0.614802	0.030859	0.0970097
618	2	0.616102	0.0353938	0.00619894
619	0	0.616379	0.0362177	0.0454715
620	2	0.617098	0.0029742	0.0178197
621	2	0.618461	-0.0427662	0.0499668
622	0	0.618955	-0.0217574	0.0624567
623	2	0.619791	-0.0229759	0.0387859
624	1	0.621762	-0.0183116	0.0130489
625	0	0.62253	0.0598556	0.00380954
626	1	0.62324	0.0807449	0.10724
627	1	0.624492	-0.0527364	0.0110742
628	2	0.625615	0.0627033	0.0100636
629	0	0.626077	-0.0250951	0.0590353
630	2	0.628445	-0.0253518	0.0468583
631	1	0.628946	-0.0662626	0.0566848
632	1	0.629513	0.0522724	0.0500962
633	0	0.631175	-0.009645	0.0828134
634	2	0.631231	-0.0087247	0.0312287
635	0	0.631597	-0.00716874	0.145797
636	1	0.6325	0.115247	0.0264432
637	2	0.633003	0.0113632	0.19508
638	0	0.636097	0.0372122	0.0162439
639	1	0.637205	0.00580306	0.13357
640	2	0.637671	0.0218966	0.153913
641	1	0.638107	0.00546976	0.0603874
642	2	0.639282	-0.0107995	0.0047428
643	2	0.639339	0.0465766	0.126017
644	2	0.640075	0.0163649	0.0733401
645	2	0.640691	-0.0121979	0.0195475
646	2	0.641623	-0.0117491	0.0121938
647	0	0.643093	-0.0312169	0.0144881
648	0	0.643112	0.0757545	0.0155365
649	0	0.645113	0.0321361	0.0679921
650	2	0.647011	0.0853373	0.130394
651	2	0.648962	0.0630854	0.00750918
652	2	0.649142	-0.0649246	0.0388887
653	2	0.649825	-0.0164051	0.0321511
654	2	0.650144	0.0214523	0.0656348
655	2	0.651148	0.11393	0.0470982
656	2	0.651318	-0.00724644	0.0337705
657	2	0.651569	0.0106848	0.0101941
658	0	0.651645	-0.0486317	0.0917788
659	2	0.653251	-0.0220651	0.0575342
660	2	0.654324	0.016845	0.0401082
661	2	0.654551	-0.0631069	0.0524648
662	1	0.655576	0.0620472	0.0636244
663	2	0.656529	0.0414058	0.017041
664	1	0.656652	0.106608	0.0864522
665	0	0.65819	0.00553787	0.0672438
666	2	0.659108	0.0337951	0.00469207
667	2	0.659581	0.0337562	0.0141402
668	0	0.660312	-0.058916	0.0521588
669	2	0.662159	0.0681605	0.0226124
670	2	0.663188	0.0313532	0.0157278
671	0	0.664507	0.0432031	0.0155536
672	0	0.664653	0.052524	0.0829641
673	0	0.665679	-0.0257783	0.050498
674	2	0.665888	-0.0416905	0.0493094
675	1	0.666635	0.0463732	0.023271
676	1	0.667808	-0.0392202	0.106456
677	2	0.668539	0.0257456	0.00267687
678	0	0.669105	-0.0589113	0.0658844
679	0	0.669335	-0.0186444	0.00905195
680	0	0.670146	0.116853	0.00667389
681	0	0.67415	-0.0582147	0.0102136
682	2	0.67498	-0.0337617	0.000762863
683	2	0.675209	0.0486442	0.0124783
684	1	0.677268	0.0236186	0.0484037
685	1	0.677347	0.0561681	0.00747357
686	2	0.678376	-0.0111953	0.00107264
687	2	0.678437	0.0567242	0.0365517
688	2	0.67888	-0.0297127	0.0962162
689	0	0.680187	0.0407425	0.046739
690	0	0.680954	-0.111666	0.0460381
691	0	0.681854	-0.0672086	0.0132583
692	0	0.682213	0.063251	0.0120264
693	0	0.684131	-0.0624976	0.0322208
694	0	0.684236	-0.0189574	0.0328281
695	0	0.685741	-0.026489	0.0160225
696	2	0.686431	-0.0535678	0.0790537
697	0	0.68647	0.0441166	0.00776009
698	0	0.687047	0.0379699	0.0411768
699	2	0.688822	-0.0187663	0.0686995
700	0	0.68892	0.0607853	0.00827046
701	0	0.690014	0.07752	0.0675912
702	1	0.690509	0.11196	0.0688333
703	0	0.692321	0.0801131	0.0779041
704	0	0.693201	-0.0121171	0.0705857
705	1	0.693242	0.0535772	0.118416
706	2	0.69335	-0.104887	0.0681267
707	2	0.695703	0.0741209	0.0247843
708	0	0.695957	-0.0603451	0.0923841
709	0	0.697643	0.0101012	0.0703479
710	2	0.698336	-0.0700807	0.0190178
711	0	0.698852	0.0486673	0.0399088
712	1	0.700051	-0.0986531	0.0166078
713	0	0.703248	-0.0161801	0.103215
714	0	0.704186	-0.0917408	0.0380703
715	0	0.704664	0.0462416	0.0254902
716	1	0.704787	-0.0473906	0.0698129
717	0	0.706458	-0.0434191	0.00848148
718	0	0.707594	-0.034879	0.00242575
719	1	0.708127	-0.131653	0.117823
720	0	0.709984	-0.0423854	0.00744232
721	1	0.710944	-0.00689482	0.0170973
722	1	0.711276	-0.043104	0.100358
723	1	0.711766	0.0233753	0.0694883
724	2	0.713833	0.0795626	0.102601
725	2	0.714214	-0.00564436	0.0460754
726	2	0.716789	-0.071892	0.0062076
727	1	0.717216	-0.0955419	0.0616645
728	2	0.71911	0.0202507	0.041387
729	2	0.719757	0.0312194	0.00357393
730	2	0.720546	0.0193683	0.0534545
731	1	0.720671	-0.037474	0.00480986
732	0	0.721533	-0.0896649	0.0642838
733	0	0.721833	0.0378833	0.0125788
734	1	0.7222	0.0191227	0.037287
735	2	0.722618	-0.0582795	0.0205512
736	0	0.722653	0.0489232	0.0114118
737	0	0.725044	-0.0484658	0.0700993
738	0	0.725249	-0.0829373	0.00559422
739	2	0.726386	0.0581575	0.0344526
740	0	0.72831	-0.00370886	0.0259602
741	0	0.729149	0.0132269	0.00327566
742	0	0.729505	0.0787358	0.0474574
743	1	0.72981	0.0312283	0.022893
744	1	0.729958	0.0238624	0.0310248
745	0	0.730352	-0.0558489	0.0433069
746	0	0.730447	-0.068562	0.0119087
747	0	0.730702	0.0441929	0.0261262
748	2	0.731319	-0.0681922	0.0337218
749	0	0.73336	-0.00643628	0.00788886
750	2	0.73409	-0.0314696	0.0401962
751	0	0.736719	0.0559409	0.00274111
752	1	0.737409	-0.0493216	0.0192281
753	1	0.738535	0.0776049	0.0275994
754	0	0.738832	0.0650673	0.00698509
755	2	0.740029	-0.0897427	0.00535008
756	0	0.740364	-0.00367703	0.0279617
757	0	0.740983	-0.0365935	0.0920519
758	2	0.743072	0.0152053	0.10607
759	2	0.744224	-0.0512196	0.0173821
760	0	0.744418	-0.0461034	0.0651948
761	1	0.744749	-0.0769148	0.090444
762	2	0.746291	-0.0294434	0.0258458
763	0	0.749133	0.0320228	0.0166571
764	2	0.751578	0.0425303	0.0189792
765	1	0.752175	0.0535431	0.0109616
766	2	0.752358	-0.0368207	0.0025602
767	2	0.752534	0.0571949	0.0103314
768	2	0.752667	0.081219	0.0162713
769	0	0.752936	0.02387	0.0285028
770	2	0.756252	-0.0597368	0.079248
771	2	0.759413	0.0236415	0.0597612
772	2	0.760065	-0.0376678	0.0169516
773	1	0.760602	-0.0550076	0.0695309
774	0	0.760978	0.0374843	0.0160948
775	2	0.763475	0.0199353	0.0368372
776	0	0.765177	-0.0235415	0.00273694
777	1	0.76518	-0.0326893	0.0861656
778	2	0.765217	0.0123003	0.0187849
779	0	0.765331	-0.00623463	0.0384676
780	1	0.765466	0.0558374	0.0781614
781	1	0.767095	0.0226485	0.0219926
782	2	0.767891	-0.0278717	0.0157539
783	1	0.768992	-0.0410627	0.106347
784	2	0.769163	-0.0425088	0.0423183
785	0	0.769592	0.0460042	0.016989
786	2	0.769892	-0.0203639	0.0213729
787	2	0.770317	-0.056679	0.0365922
788	2	0.771852	-0.054862	0.051739
789	1	0.772047	-0.142051	0.0562567
790	2	0.772266	0.0171481	0.0961922
791	2	0.772472	0.00439986	0.0134594
792	2	0.772789	0.058288	0.0261684
793	0	0.77298	0.0423717	0.0462753
794	2	0.773122	-0.0124586	0.0276334
795	1	0.773403	0.0100564	0.113344
796	0	0.773967	0.0634949	0.0765066
797	2	0.777435	0.0578491	0.0216001
798	0	0.778419	-0.104065	0.00393304
799	1	0.779827	0.0503257	0.0058143
800	2	0.780042	-0.0364923	0.066334
801	0	0.781024	0.0357836	0.046886
802	2	0.781737	-0.0419469	0.0245176
803	0	0.782935	-0.0244018	0.00386688
804	1	0.783175	-0.0170648	0.0536904
805	0	0.784496	0.0257742	0.0762838
806	2	0.785485	0.00369449	0.00796052
807	1	0.78721	-0.0244865	0.041512
808	2	0.790911	0.107115	0.00999478
809	1	0.792975	0.102605	0.0591501
810	1	0.796606	0.087828	0.0373017
811	0	0.797355	0.0556185	0.0140522
812	0	0.798073	-0.0476614	0.0203631
813	0	0.800104	-0.0191864	0.0666156
814	0	0.800411	0.0359309	0.0134791
815	2	0.802045	-0.0895313	0.116726
816	2	0.803101	-0.0381051	0.00099015
817	1	0.804302	0.026835	0.0879365
818	2	0.805023	0.0322462	0.0522607
819	2	0.805745	0.0417776	0.0256795
820	0	0.806706	-0.010132	0.0266402
821	1	0.807339	0.00819932	0.0331651
822	0	0.807958	0.0402616	0.111206
823	0	0.808904	-0.0494118	0.140901
824	2	0.811421	0.0431602	0.0467667
825	0	0.812667	-0.0473924	0.040939
826	1	0.812991	0.0517061	0.0563348
827	0	0.814322	0.0156014	0.0472777
828	2	0.81672	-0.0605756	0.0347768
829	2	0.819173	0.0371691	0.0726207
830	0	0.820582	-0.0641187	0.036677
831	2	0.821878	-0.0595658	0.0621101
832	0	0.823732	0.0867972	0.0925076
833	2	0.824553	0.0164567	0.0204499
834	2	0.825548	0.0288473	0.000309953
835	1	0.827249	0.035878	0.020089
836	0	0.83145	0.077816	0.055992
837	1	0.8318	-0.0319422	0.0125045
838	0	0.832289	-0.0100506	0.018635
839	2	0.83232	-0.0391137	0.0338441
840	1	0.835144	0.0286226	0.00572789
841	2	0.835293	0.0322965	0.0021384
842	0	0.835404	-0.127983	0.00710452
843	1	0.836254	0.00562743	0.0592253
844	2	0.836559	-0.0254622	0.0357442
845	0	0.837061	0.0744005	0.0676502
846	2	0.837502	-0.0689932	0.123381
847	1	0.838794	0.0457434	0.109456
848	0	0.839362	-0.0364993	0.0551626
849	2	0.83985	-0.0174096	0.0199047
850	2	0.839948	-0.248648	0.0336969
851	0	0.840449	0.0395525	0.00824105
852	0	0.84115	-0.0101149	0.0456116
853	2	0.841274	0.03492	0.101799
854	2	0.841297	0.0706152	0.038136
855	2	0.841511	0.0267839	0.0311086
856	0	0.842417	-0.0377265	0.0461817
857	2	0.843441	-0.0296131	0.0404488
858	2	0.844117	0.0774516	0.04156
859	1	0.845045	0.115061	0.128392
860	2	0.84665	-0.0280806	0.0200088
861	2	0.848579	-0.0312539	0.00755067
862	0	0.850179	0.0953079	0.0507579
863	0	0.850485	-0.0160258	0.064284
864	2	0.850848	-0.0174632	0.0579638
865	1	0.850999	0.0530938	0.0317174
866	0	0.851597	-0.00409474	0.00327817
867	0	0.855876	0.0826495	0.00734572
868	0	0.857595	0.021851	0.0181738
869	0	0.857619	0.0749511	0.0187493
870	0	0.85947	-0.0474054	0.0955667
871	0	0.860939	0.0285758	0.0117574
872	2	0.86118	0.0652564	0.0267945
873	2	0.861853	-0.0437581	0.0436117
874	0	0.861879	-0.0230028	0.0928477
875	1	0.862867	0.0514602	0.0726212
876	2	0.863278	0.0344309	0.00939858
877	2	0.865996	0.029218	0.00142501
878	1	0.867904	-0.0332121	0.0770636
879	0	0.868048	-0.075936	0.130213
880	1	0.868314	0.0116722	0.0587319
881	0	0.869472	0.0854689	0.0314821
882	0	0.871193	0.0229269	0.0586462
883	2	0.87337	0.0459937	0.0745756
884	2	0.875286	-0.0363786	0.0494607
885	2	0.875826	0.00743843	0.0835824
886	2	0.878361	-0.040081	0.0873303
887	2	0.879084	-0.0128556	0.0011093
888	1	0.879688	0.0390794	0.0769002
889	0	0.881998	0.0362175	0.021415
890	0	0.882501	0.00822337	0.0280574
891	1	0.883821	0.0469387	0.145561
892	1	0.884497	0.0244211	0.0672162
893	1	0.885307	0.021541	0.0594493
894	2	0.886503	0.0850074	0.0226476
895	1	0.888285	-0.146083	0.0436553
896	2	0.889072	0.0547245	0.0285087
897	2	0.889583	-0.0109216	0.0812396
898	2	0.893817	0.0591021	0.0273453
899	0	0.894246	0.0131869	0.0341205
900	0	0.894313	-0.0235756	0.030459
901	0	0.895436	0.158136	0.0323593
902	1	0.89643	0.0842316	0.000600973
903	2	0.897318	0.0257766	0.0483198
904	0	0.897511	-0.0404364	0.0101172
905	2	0.898085	0.0777139	0.0921402
906	0	0.898328	0.0380737	0.0355305
907	0	0.899504	-0.0687084	0.0245331
908	1	0.900096	-0.0947441	0.0168068
909	2	0.901941	0.0355884	0.0672328
910	2	0.901971	-0.062334	0.00693312
911	2	0.904035	0.0265556	0.0497993
912	1	0.904212	-0.00777676	0.0218189
913	0	0.904612	0.0547358	0.0114075
914	0	0.905586	0.0221204	0.0287628
915	0	0.905716	-0.0752794	0.0691267
916	0	0.905931	0.0356976	0.0148242
917	2	0.907755	0.0528137	0.0456209
918	2	0.90802	0.0178582	0.0106323
919	0	0.909248	-0.0106582	0.0196569
920	1	0.909447	-0.00701119	0.0266263
921	1	0.909515	-0.0779348	0.0276487
922	0	0.910301	-0.0251286	0.0329192
923	0	0.910848	-0.00877384	0.0450555
924	1	0.911169	0.0451821	0.105836
925	0	0.913578	-0.0830086	0.0251686
926	0	0.913693	0.00599117	0.00511934
927	1	0.917312	0.117292	0.0783317
928	0	0.917483	0.0308971	0.0133543
929	0	0.917717	-0.0289568	0.0835411
930	2	0.919989	0.009545	0.0380879
931	0	0.921738	-0.0488542	0.006704
932	2	0.922416	-0.0807371	0.0517883
933	2	0.922495	0.0320725	0.0288855
934	0	0.922896	0.0407385	0.0833525
935	0	0.923032	0.036808	0.043953
936	0	0.923755	0.0356626	0.0442006
937	2	0.923868	0.0338806	0.0901571
938	0	0.924251	-0.0349237	0.0377293
939	2	0.927315	0.0850495	0.0228685
940	0	0.927439	0.0490388	0.0293331
941	2	0.934009	0.0259126	0.109873
942	2	0.936516	-0.0164962	0.0227306
943	1	0.93658	0.0505104	0.0230323
944	2	0.939779	0.016362	0.0296271
945	2	0.939874	0.0150754	0.0523818
946	1	0.940071	0.190625	0.0153239
947	2	0.940081	-0.0264559	0.0806237
948	2	0.944155	-0.0735985	0.00295376
949	0	0.945511	0.0435234	0.0225479
950	1	0.946477	0.0235979	0.0800727
951	2	0.947464	0.0366886	0.0162625
952	1	0.948073	0.070656	0.168852
953	0	0.949186	-0.0340571	0.0448152
954	2	0.949942	-0.035311	0.0626181
955	2	0.950192	-0.0340044	0.00682841
956	0	0.951464	-0.0607944	0.0603331
957	0	0.953598	-0.0719	0.064805
958	2	0.954384	0.114538	0.061686
959	2	0.956772	-0.0903779	0.0860069
960	0	0.957743	0.041434	0.00136665
961	1	0.958098	0.127129	0.0319561
962	1	0.958328	-0.0411403	0.0801589
963	2	0.959903	-0.0151491	0.0470423
964	1	0.962881	-0.119153	0.0492656
965	0	0.963202	0.0659567	0.0241425
966	2	0.9635	0.0471655	0.0338435
967	2	0.96465	-0.0683395	0.0802985
968	0	0.965052	0.0102842	0.0469763
969	1	0.966378	-0.01297	0.0762578
970	1	0.966601	0.0864485	0.0513905
971	2	0.968607	0.0172779	0.0302347
972	2	0.968779	-0.00630609	0.0268915
973	2	0.968842	-0.0796613	0.0735644
974	2	0.970487	-0.0816444	0.0840135
975	0	0.972439	0.0298431	0.0353381
976	0	0.972524	-0.0240763	0.033938
977	0	0.973963	-0.0759661	0.040206
978	0	0.975055	0.0128622	0.022682
979	0	0.975576	0.0451235	0.0105007
980	1	0.977144	0.148151	0.00433862
981	0	0.979038	-0.003677	0.0566922
982	2	0.979334	-0.0223698	0.0708241
983	0	0.980027	0.0190864	0.0418324
984	0	0.982767	-0.0343601	0.0868852
985	0	0.982838	0.0358094	0.0161467
986	1	0.982882	0.0304076	0.123883
987	2	0.983008	-0.00588339	0.10355
988	2	0.989824	-0.0628082	0.00764218
989	2	0.991392	-0.0167455	0.00518546
990	0	0.991645	0.0452284	0.0713522
991	2	0.992098	0.0410303	0.0489948
992	0	0.992207	0.0537896	0.0344118
993	0	0.99244	0.0395896	0.0052296
994	0	0.993121	0.0822272	0.0725023
995	0	0.995065	0.0254919	0.0728834
996	2	0.996155	-0.00666854	0.00935748
997	0	0.996289	0.0131336	0.0257647
998	2	0.999068	-0.0178832	0.0310327
999	0	0.999853	-0.0543061	0.0650517
1	635	0.0535432
1	442	-0.0239912
1	184	0.036024
1	390	0.0464389
1	361	0.0176697
2	601	0.0496416
2	527	0.0120337
2	262	-0.0592139
2	529	-0.0274391
2	311	0.0359389
2	889	-0.0465907
2	714	0.0197644
2	287	0.016921
2	45	0.0142745
2	983	0.0263648
2	501	0.0286149
2	535	-0.0282
2	827	0.0265905
2	830	0.0237648
2	813	0.0263164
2	375	-0.0361103
2	329	0.0348651
2	573	-0.0524273
2	863	0.0155376
2	460	-0.0205683
2	681	0.0396286
4	485	-0.0161466
4	862	-0.0178562
4	746	-0.0186786
4	72	-0.0464651
4	155	0.0371841
6	507	-0.0305461
6	925	-0.0398625
6	720	-0.0708788
14	868	0.0512457
14	344	-0.054501
16	716	-0.084823
18	745	0.0223689
19	239	0.0313857
19	956	-0.0246356
19	754	0.0236252
19	563	-0.0127463
19	929	0.0255862
19	648	-0.0327175
19	776	0.0281766
19	838	-0.0298
19	793	0.0315115
19	159	0.0258629
19	259	-0.0364767
19	201	0.0276846
19	796	0.0298073
21	285	0.0353876
27	534	-0.0264296
27	409	0.0332288
27	671	-0.0219742
27	375	-0.032299
27	899	-0.0194018
28	42	-0.0423687
28	390	-0.0297277
28	101	0.0209934
29	67	-0.02149
29	830	-0.00888978
29	350	-0.0327605
29	319	0.0109441
31	282	0.0231847
34	455	0.0915648
34	293	0.0356201
34	437	0.0406957
34	328	0.0174452
36	648	0.0259095
36	622	0.0104891
36	542	0.0333605
36	698	0.0140729
42	693	-0.0241844
45	923	-0.0453998
45	250	-0.0399093
45	803	0.00835963
45	243	0.0197574
46	738	0.0457069
46	984	0.0115713
48	694	-0.0240756
66	237	0.0523729
66	799	0.029003
66	92	0.0336397
66	675	0.0557693
66	437	-0.0517628
66	466	0.0295079
66	964	-0.0731143
66	912	0.0362858
66	469	0.0291843
66	536	0.0367627
67	101	-0.0246537
67	89	-0.0279296
69	923	-0.0282619
69	190	-0.0239352
69	591	0.0400785
69	133	-0.0331639
72	856	-0.0440311
75	356	0.0289604
75	474	0.0138489
80	489	0.0348937
80	26	-0.0226454
80	809	0.0294709
80	400	-0.0308377
81	455	0.0479513
81	970	0.0449333
81	880	0.033372
84	980	0.0181026
84	684	-0.0366495
84	859	0.0564098
84	207	0.0386095
84	609	-0.0329915
84	744	0.0498916
84	702	0.0352681
84	342	0.012837
84	615	-0.0321263
84	313	0.0144839
84	722	-0.0304745
84	102	-0.0537016
86	486	-0.0474431
86	197	-0.0300835
86	798	-0.00997831
91	893	0.074979
91	130	-0.0148983
93	554	0.0208057
95	361	-0.0415261
95	58	-0.039242
100	453	0.0673744
104	509	0.0206083
109	689	0.0323761
109	940	-0.0343779
109	811	-0.0382966
109	405	0.0352869
109	976	0.0281199
109	916	0.0209494
109	177	-0.0134576
109	262	0.026164
109	4	-0.0385698
109	673	0.043616
109	29	0.0195149
109	67	-0.0178962
109	407	-0.0364467
109	935	-0.0556852
109	990	-0.023524
109	72	-0.019255
109	562	0.042341
109	403	0.0273564
109	929	0.018893
109	75	-0.0382722
109	534	-0.0304355
109	763	0.0251486
109	814	-0.0291032
109	979	0.0340118
109	570	-0.0158025
109	708	-0.0147378
109	421	-0.0417204
109	5	-0.0209203
111	627	-0.0184777
111	142	0.0221396
111	843	0.010462
111	780	-0.035205
111	734	-0.0273872
111	676	-0.0293089
111	952	0.0558324
112	596	0.0202459
125	112	-0.0487686
125	411	0.0340968
128	801	-0.0156908
128	397	-0.0270713
128	256	-0.0537985
132	441	-0.0331255
132	859	-0.0437752
132	80	0.0540302
132	840	0.0543379
132	26	-0.0648765
132	765	0.0476703
132	3	-0.0661737
140	906	0.0238107
140	219	0.0323493
142	290	0.0890813
142	125	0.0259941
146	867	0.0338552
146	805	0.035664
146	701	0.0177279
149	805	0.022291
149	538	0.015424
150	983	0.026364
150	486	-0.0233903
150	319	0.02361
150	603	-0.0431039
150	994	-0.015745
151	31	-0.0367746
151	925	-0.0388077
151	421	-0.0207098
153	390	-0.0380769
155	197	-0.0159091
160	582	-0.0247125
167	823	0.0255963
168	793	0.0282589
173	709	0.0414858
173	109	-0.0430103
173	689	0.015006
173	904	-0.0266368
173	940	0.0130043
173	527	0.0437092
173	405	0.0272249
173	384	-0.0368798
173	19	0.0342907
173	985	-0.0319441
173	874	-0.0167452
173	529	0.0121275
173	845	-0.00925147
173	673	-0.0400084
173	311	-0.00907729
173	218	-0.054188
173	67	-0.0239113
173	146	0.0193144
173	242	-0.0462987
173	757	0.0282704
173	749	0.0167998
173	36	0.0317703
173	465	-0.0212581
173	608	-0.0390104
173	647	-0.0334298
173	746	0.065176
173	953	0.0143892
173	128	-0.0222647
173	356	0.0215754
173	695	-0.0155673
173	919	0.0453925
173	37	0.0231008
173	793	-0.0153016
173	119	0.0305715
173	152	0.0449617
173	552	-0.0155436
173	250	0.032245
173	522	0.0572355
173	170	-0.010745
173	544	-0.0140207
173	429	0.0377635
173	668	0.0188362
177	742	0.0285573
177	769	-0.026815
177	635	-0.00876899
177	535	-0.0557623
177	814	-0.030818
177	994	-0.0415451
177	17	0.0187111
177	303	-0.0243026
180	159	0.0187138
190	167	0.025231
190	638	0.0305879
192	556	0.031641
192	453	0.0273202
194	799	0.0714401
194	142	-0.0452545
194	843	-0.0224365
194	293	0.0808641
194	676	0.0284962
195	695	-0.024546
196	571	-0.0604993
196	129	0.0445776
197	513	-0.0224448
197	266	-0.0224978
207	34	0.0791619
207	615	-0.00241752
207	487	-0.0149026
210	194	-0.0438446
210	468	-0.0456242
210	342	-0.023926
210	293	-0.0521935
210	21	0.037058
210	554	0.0365956
210	264	-0.0431671
210	865	-0.0588388
214	714	-0.0118473
214	146	0.0219503
214	691	-0.0456432
214	763	-0.0480443
214	483	0.042341
214	513	0.0162398
218	252	-0.053231
218	981	0.0483559
218	18	0.0176496
218	550	0.0142936
218	133	0.035118
221	156	0.043982
229	547	0.0192249
231	19	0.0267462
231	177	0.0525939
231	234	-0.0223145
231	29	-0.0426269
231	757	-0.0102889
231	287	-0.0346698
231	151	0.0160419
231	608	-0.015711
231	150	0.0271864
231	691	0.0152232
231	46	0.0251167
231	567	0.0473022
231	515	-0.0249841
231	470	0.0251608
231	219	-0.0332022
231	866	0.0138252
234	485	0.0166577
234	501	0.0583011
234	95	-0.00961231
234	563	-0.0199605
234	776	-0.0335285
234	32	0.0506567
235	789	-0.0346374
235	267	-0.0224986
235	499	0.0409643
237	980	0.0410522
237	246	-0.0603531
237	324	0.0814218
237	859	0.00927399
237	731	-0.0574667
237	543	0.0420221
237	26	0.0321891
237	702	0.0451132
237	795	0.0333118
237	196	0.0404994
237	8	-0.03722
237	487	0.0239609
237	943	-0.064077
239	354	0.0216397
239	993	0.0239796
239	423	0.0353095
239	356	-0.017351
239	195	0.0358179
239	154	0.0329223
239	402	-0.0145795
242	635	-0.0221471
242	708	0.0187448
242	747	0.0168132
242	899	-0.0206673
246	80	0.0370193
246	92	-0.0405195
246	455	0.0345735
246	26	-0.0580426
246	641	-0.0665628
246	104	-0.0184536
246	773	-0.0768998
246	664	0.032557
247	288	-0.0439052
250	134	0.014449
252	229	0.0595626
252	537	0.0302693
252	397	-0.00915698
262	711	-0.0128294
262	29	-0.0353911
262	956	0.0502522
262	242	-0.0277931
262	690	0.0205879
262	741	0.0272079
262	720	0.0166864
267	110	-0.0461198
277	287	0.0223126
277	465	-0.0283797
277	713	-0.0500411
277	526	0.0407105
277	299	-0.0392747
277	479	0.0259964
287	928	0.033904
287	953	-0.0143407
289	170	-0.0828778
290	13	0.0172814
290	453	-0.0539242
291	324	0.0383987
291	298	-0.0373831
291	192	-0.0423875
291	87	-0.0575894
291	835	0.0530941
291	946	-0.0344243
291	220	0.0118215
291	62	0.054917
296	665	0.0294124
298	719	0.046032
298	249	0.0643914
298	267	0.0427294
298	509	-0.0372501
302	81	-0.0186797
302	780	-0.039864
302	558	-0.0212364
302	530	0.0495343
306	225	-0.0383571
310	638	-0.0113761
311	608	0.0255388
311	325	-0.0138372
311	990	-0.0351149
311	999	-0.0438811
311	515	-0.0380192
311	318	-0.0182053
311	547	-0.0533057
315	319	-0.0288363
315	881	0.00454173
324	416	-0.0512731
324	609	-0.0420465
324	795	-0.0629168
324	480	-0.0334243
324	100	0.0298329
324	531	0.0241122
325	827	-0.0393603
327	976	0.0281881
327	231	0.0145564
327	262	-0.0247609
327	845	-0.0385723
327	549	0.0424723
327	890	0.0173688
327	769	0.0237007
327	867	-0.0381245
327	999	0.0195055
327	75	-0.0353034
327	870	-0.038228
327	805	0.0363409
327	483	-0.0195106
327	693	0.0300811
327	30	-0.0220073
327	60	0.0393769
327	524	0.0399623
327	557	-0.0307015
327	15	0.0640299
337	194	-0.0280294
337	441	-0.0331191
337	875	-0.0351342
337	34	0.0497819
337	424	-0.0498302
337	626	0.0330858
337	63	-0.0428276
337	249	0.0399013
337	499	-0.0192163
337	920	-0.040061
337	104	-0.0692032
337	964	0.0415476
342	366	-0.0200184
348	923	0.0400247
348	801	-0.024524
348	542	0.0156145
350	296	-0.0116171
350	467	-0.0271031
354	27	0.0765231
354	608	0.0429087
354	72	0.0353551
354	409	0.0408088
354	693	-0.0263982
354	289	-0.0212797
354	510	-0.0291791
356	552	0.0293368
357	590	0.0206781
357	365	0.0291215
357	961	-0.0591442
357	705	0.0198609
357	892	0.0599904
357	237	-0.0638652
357	520	0.0435442
357	636	0.0372164
357	111	-0.0296659
357	302	0.0390994
357	712	0.026665
357	840	0.0217288
357	489	-0.0849721
357	627	0.0269349
357	142	-0.0129077
357	631	-0.0317242
357	731	0.0550616
357	455	-0.0277628
357	744	0.0326475
357	91	0.0457036
357	795	-0.0255934
357	902	-0.0590772
357	888	0.044704
357	93	-0.0382483
357	821	-0.0377671
357	927	-0.0578378
357	238	0.0547345
357	809	-0.0371357
357	220	-0.0237792
357	65	-0.0552251
357	248	-0.0292061
357	129	-0.0572138
357	98	0.034227
357	326	0.0215926
357	427	0.0350713
357	878	0.0640719
365	892	0.0523098
365	66	0.0625704
365	337	0.0320248
365	962	0.0542603
365	302	-0.0287158
365	468	-0.0398485
365	441	0.0231961
365	777	-0.0575559
365	712	-0.0321824
365	685	-0.0593925
365	875	0.033455
365	290	-0.0411576
365	416	-0.0637388
365	207	0.0412957
365	702	-0.060877
365	795	-0.0281731
365	247	0.0290768
365	249	-0.0416748
365	556	0.0159228
365	87	-0.0279675
365	734	0.0418206
365	8	-0.04879
365	743	0.030772
365	721	-0.0711145
365	98	0.0309441
365	588	0.051908
365	161	-0.0436429
384	239	0.0142586
384	889	0.0162086
384	1	0.0143491
384	36	0.0105051
384	168	-0.0482704
384	394	0.0153356
384	476	0.0384947
384	801	0.0379092
384	906	-0.0404581
384	397	0.0137915
384	49	0.0317027
384	283	0.0148023
394	42	-0.0155309
394	508	0.0178643
399	535	0.0272157
399	960	-0.0153887
399	537	0.0217791
399	167	0.0293673
403	537	0.0254466
403	871	-0.0315661
405	420	0.0256874
405	916	-0.0318597
405	742	0.0285917
405	496	-0.0239392
405	234	0.0222338
405	812	0.0252
405	769	0.0090824
405	399	-0.0307207
405	594	-0.0226773
405	754	0.0318143
405	863	-0.0391306
405	152	-0.0170336
405	832	-0.0357023
405	672	0.0550941
405	931	0.03316
407	635	0.0128827
407	867	-0.0232807
407	168	-0.0292626
407	197	-0.0150235
407	505	0.0317691
407	386	0.0399414
412	705	0.0924354
412	337	-0.0379033
412	194	-0.0321307
412	441	0.0241007
412	799	0.0518241
412	80	0.0375041
412	489	0.0303111
412	92	0.0643149
412	810	-0.0325167
412	837	-0.0242341
412	499	-0.0495808
412	921	-0.0135932
412	891	-0.0226087
412	13	-0.0237557
412	358	-0.0261901
412	804	-0.0329143
412	530	-0.0844443
415	75	-0.0274697
415	318	-0.0355589
416	843	0.0478652
416	921	0.0722777
418	46	-0.0276489
418	715	-0.0167244
418	550	0.0156904
420	529	0.0198581
420	354	-0.0291646
420	673	0.0472021
420	978	0.0273382
420	423	-0.027791
420	465	-0.0231115
420	990	0.0253055
420	28	-0.0219353
420	922	0.00808576
420	533	0.0173682
420	680	-0.0133124
420	37	0.0086668
420	97	-0.0242146
420	256	-0.0298641
420	488	0.0384428
423	691	0.00669413
423	868	-0.0138753
423	524	-0.0350394
424	783	0.0506635
426	879	-0.0308172
426	173	0.0306869
426	709	-0.0203006
426	940	0.0164983
426	811	0.0353313
426	433	0.035338
426	405	-0.0186833
426	617	0.023556
426	327	-0.0248995
426	384	-0.0168343
426	19	-0.0470129
426	177	0.02877
426	354	0.0294147
426	4	0.0576925
426	446	0.0450539
426	890	-0.0265527
426	234	-0.0816552
426	407	0.0161958
426	146	-0.0255503
426	579	0.0162924
426	151	0.0324521
426	45	0.0467569
426	399	0.0359968
426	485	-0.011212
426	325	0.0147094
426	500	-0.0452555
426	862	0.0145025
426	486	-0.0223938
426	647	-0.052428
426	746	0.0330787
426	754	0.0563797
426	563	-0.026801
426	155	0.038599
426	658	-0.0227912
426	229	0.0225652
426	476	0.0149265
426	42	-0.0237121
426	428	0.0491048
426	960	-0.038746
426	462	-0.0229686
426	871	0.0212084
426	296	0.0485426
426	603	0.0452507
426	823	0.0152831
426	184	0.0206701
426	785	-0.0550115
426	994	0.0144407
426	114	0.0360985
426	732	0.0227401
426	913	0.0283686
426	514	-0.0215585
426	145	-0.0298183
426	147	-0.0117366
426	629	-0.0187504
428	881	0.0198621
431	747	-0.0443603
433	420	0.0136491
433	997	-0.00930133
433	890	0.0336035
433	486	-0.0327911
433	562	-0.0280434
433	965	0.0353045
433	936	-0.00959753
433	774	0.0269441
433	801	-0.0225403
433	906	0.0246136
433	533	-0.0371771
433	611	-0.0402981
433	153	0.0413894
433	619	0.029018
433	30	-0.0343758
433	49	-0.058129
433	119	-0.0231564
441	63	-0.0184673
441	172	0.0351426
442	647	0.0306575
442	49	0.0150754
442	701	-0.0290042
446	214	0.0150902
446	746	-0.0171806
446	155	-0.0371129
446	957	-0.0271274
448	190	-0.0413691
448	832	0.0282255
448	992	0.0235296
462	510	0.038679
465	867	-0.0276617
465	149	0.0176826
467	751	-0.0269365
468	744	0.0423463
468	91	0.0301621
468	21	0.0320151
468	920	0.0824068
468	509	0.0713325
468	761	0.041559
470	122	0.0168379
471	343	-0.0378057
473	165	0.0325935
476	180	0.0220757
476	491	-0.0472477
476	694	-0.0269907
480	837	-0.013338
480	254	0.0124934
485	409	-0.026824
485	189	-0.0277024
486	995	0.0168413
487	437	-0.0186313
489	631	0.0648137
489	388	-0.0463963
489	285	0.037344
495	805	0.038271
495	785	-0.0449556
495	553	0.0144496
496	935	0.0382164
496	252	0.0424428
496	521	0.0405599
496	31	-0.0213674
496	871	0.0405804
496	195	-0.0400631
496	934	0.0190481
500	538	-0.0152328
501	658	0.0279592
501	649	0.0323496
501	371	0.0300854
506	900	0.0272306
506	29	-0.0109165
506	214	0.046179
506	749	0.0439507
506	348	0.0288014
506	500	-0.0199236
506	830	-0.00924404
506	149	-0.0144999
506	515	-0.0317252
506	763	0.0387238
506	603	0.0425304
506	153	-0.0417633
506	97	0.0224969
506	60	0.0189248
507	738	-0.04295
512	192	0.0230919
512	821	-0.0478627
515	718	0.0171276
519	449	0.0434406
520	324	-0.0493731
520	302	-0.077459
520	441	0.0281313
520	712	-0.0257593
520	512	0.040814
520	789	-0.0422112
520	615	0.0514679
520	676	0.0734427
521	229	0.0252196
521	547	0.0224063
521	17	-0.0201727
527	433	0.0243879
527	177	0.0120807
527	874	-0.0300506
527	605	0.0447259
527	446	0.0406184
527	218	-0.0150153
527	67	0.0274923
527	956	-0.0457969
527	348	0.0161055
527	485	0.0237694
527	567	-0.0203
527	31	0.0332971
527	319	-0.0209951
527	926	0.00765301
527	538	0.0145021
527	510	0.0189462
527	137	0.0170238
527	283	-0.0235668
527	429	0.0152406
529	757	0.026829
529	348	-0.00987194
529	462	-0.00631458
529	221	-0.0471531
529	599	0.0448742
529	344	-0.038067
529	732	0.0310478
529	717	-0.0125303
529	156	-0.0228286
529	541	0.0503921
534	979	-0.0088149
534	491	-0.0202811
535	975	0.0318142
535	842	0.0285897
537	622	0.0318289
542	263	-0.0259867
543	455	-0.0660601
543	721	-0.0717217
549	146	0.0211359
549	242	0.0693784
549	277	-0.0221454
549	95	-0.0323067
549	929	0.0123847
549	329	-0.0245071
549	823	0.0558462
549	134	0.0536492
556	254	0.0203152
562	315	0.0234507
563	599	0.0342687
567	350	0.0432507
567	0	-0.0376153
570	595	-0.0363277
572	210	0.0394054
572	840	-0.0605811
572	125	-0.0533039
572	298	-0.0401423
572	765	0.0480623
572	837	0.0622805
572	752	-0.0432074
572	927	0.037736
573	925	-0.0467348
578	60	0.053183
579	423	-0.0301436
579	671	0.0259154
579	899	-0.0197554
579	869	0.0167298
579	736	-0.018081
590	365	0.0308585
590	961	-0.0254864
590	705	0.0540393
590	892	-0.0219376
590	66	0.0350653
590	337	0.0309968
590	572	-0.0508547
590	962	0.0277126
590	980	-0.0448139
590	132	0.0124061
590	636	-0.0603973
590	324	0.0302633
590	712	0.016256
590	627	-0.0258289
590	875	0.0256084
590	416	0.0397383
590	424	-0.0826761
590	847	0.0497218
590	91	-0.02492
590	783	-0.0698539
590	512	-0.0426931
590	626	-0.0513082
590	789	-0.053355
590	388	-0.0308158
590	893	-0.0323867
590	641	-0.044581
590	675	-0.0357735
590	921	0.0337541
590	835	0.0396262
590	531	-0.0445663
590	16	0.0648296
590	238	-0.0446504
590	943	0.0224791
590	3	0.035396
590	548	0.0779295
591	913	-0.0309039
594	6	-0.0390559
594	315	0.0389926
594	704	-0.0373768
601	239	-0.0158404
601	742	-0.0309293
601	4	-0.0149878
601	997	-0.0339643
601	67	-0.0204007
601	769	-0.0226802
601	692	-0.029894
601	442	-0.0511983
601	923	-0.034084
601	168	-0.0198237
601	128	0.016943
601	604	0.0257074
601	519	-0.0179215
601	221	-0.0119307
601	578	-0.0257712
601	741	-0.0349698
601	263	0.056113
601	362	-0.0400502
601	977	-0.0270729
601	349	-0.0138075
604	289	0.0211922
605	978	0.0551588
605	956	0.0394489
605	562	-0.0137015
605	403	0.0209417
605	483	-0.00704559
605	202	-0.0252113
605	15	-0.0138054
608	6	0.0184084
609	902	-0.0354548
609	388	-0.0527613
609	752	-0.0781617
611	119	0.0250596
617	384	-0.0199526
617	976	0.0296714
617	605	0.0264468
617	446	0.0148722
617	997	-0.0394538
617	900	-0.0262989
617	711	0.023718
617	714	-0.0297339
617	325	0.0242328
617	252	-0.0222889
617	31	-0.016236
617	483	-0.0259538
617	329	0.0244397
617	221	-0.0327
617	97	0.0175021
617	672	-0.0322468
617	439	0.0302138
619	439	0.0201466
625	617	0.057657
625	976	-0.0457086
625	262	-0.0206578
625	822	-0.00891689
625	673	0.0564647
625	311	0.0277419
625	67	0.0210172
625	415	0.0238843
625	149	-0.03855
625	738	-0.0540719
625	37	-0.0305594
625	720	-0.036674
625	747	0.0389252
625	216	-0.0383609
625	474	0.0363313
625	984	-0.00609668
625	557	0.0231937
625	825	-0.0205489
626	93	-0.0584693
626	126	-0.0396968
627	81	-0.0169542
627	723	-0.0430701
631	290	-0.035692
631	727	-0.0567088
631	54	-0.0309174
632	357	0.0522089
632	590	-0.033877
632	365	0.0323682
632	961	-0.0539215
632	412	-0.0305854
632	892	-0.0486399
632	66	0.00899786
632	237	-0.0348533
632	572	0.0245986
632	980	0.0152365
632	684	-0.0255718
632	291	0.0336948
632	246	-0.0367649
632	194	0.0217861
632	441	0.0469725
632	859	-0.0222304
632	777	-0.0240308
632	125	0.0240962
632	92	-0.0435267
632	731	0.0125849
632	543	-0.0755575
632	719	0.0235097
632	235	-0.0830199
632	388	-0.0258922
632	893	0.039966
632	293	0.0192041
632	752	0.0477689
632	21	-0.0583675
632	891	-0.0928089
632	946	-0.0354946
632	773	0.0328723
632	254	-0.0356921
632	950	-0.0351793
632	809	0.055399
632	558	0.0663109
632	126	-0.0667244
632	245	0.0406036
632	895	0.0866164
632	188	0.0200761
632	587	0.0555327
635	448	0.0123078
635	140	-0.0257491
636	210	0.0399673
636	26	0.0315388
636	235	-0.0269783
636	920	-0.0120825
636	804	0.0279637
636	478	0.0468143
647	868	-0.00534457
647	123	0.0335675
671	573	0.0394469
673	45	-0.0387262
673	535	0.0424459
673	936	-0.0310367
673	671	0.0285799
673	186	-0.0540662
673	303	-0.0226837
673	121	-0.0272404
675	639	0.0614887
678	550	-0.0554084
678	159	0.0298414
680	7	0.0214846
684	132	-0.0639715
684	781	0.0390909
684	924	-0.053059
684	63	0.0592616
684	313	-0.0469396
684	716	-0.0362526
684	358	0.0291686
684	722	0.0570503
684	366	0.0492999
685	631	0.0401994
685	843	0.0585965
685	744	-0.0335307
685	342	0.0252532
685	120	0.0566359
689	2	-0.0205564
689	617	-0.027926
689	239	0.0202431
689	742	0.0567199
689	4	0.0344287
689	549	0.034533
689	277	0.0154132
689	151	-0.0344347
689	608	0.0231257
689	448	0.0426039
689	746	-0.0193276
689	403	-0.0355904
689	754	0.02184
689	394	-0.0204853
689	953	0.0181953
689	965	0.0309384
689	801	-0.0319803
689	350	0.0175089
689	409	-0.0323716
689	871	-0.0149088
689	431	0.0211552
689	7	-0.0354003
689	526	0.0254031
689	907	-0.0211554
690	46	0.0411482
691	975	-0.0175841
691	552	0.0181312
692	28	-0.0235499
692	863	-0.0119196
692	48	-0.0171685
697	463	-0.0356874
702	93	0.0150893
705	66	-0.0667641
705	962	-0.0296347
705	712	0.0410788
705	416	-0.0501068
705	125	0.0674684
705	424	0.0335817
705	609	-0.0310412
705	247	0.0424607
705	267	0.0280986
705	615	0.0493774
705	950	-0.0269145
705	662	0.0603995
705	54	-0.0637738
705	753	0.0384664
709	109	-0.0240545
709	811	-0.0319234
709	433	-0.0374038
709	405	-0.00728432
709	384	0.0278441
709	239	-0.029448
709	262	-0.00802518
709	985	0.0445728
709	742	-0.0399685
709	446	-0.0448157
709	287	-0.0369996
709	635	0.0231861
709	754	-0.0256781
709	805	0.0247808
709	507	-0.0238468
709	763	-0.0127759
709	375	0.019976
709	462	-0.0318246
709	306	-0.0427979
709	838	-0.035265
709	55	0.0352407
709	926	0.0303339
709	678	0.027337
709	715	-0.010967
709	219	-0.0278978
709	152	-0.018482
709	471	-0.0329482
709	137	0.0119903
709	522	0.0213175
709	216	-0.00675021
711	86	0.0503671
711	935	0.0414745
711	69	-0.0612288
711	690	0.0404325
711	648	-0.0255541
711	578	-0.0138105
711	600	-0.025417
712	424	0.0373304
712	455	0.0386115
712	789	-0.0288051
713	473	0.0141881
713	184	0.0300413
713	202	0.0301156
714	151	-0.0379969
714	465	0.026586
714	567	-0.0169211
714	256	-0.019042
714	410	-0.0257717
719	891	-0.00687423
727	847	0.018137
727	556	-0.0450946
731	847	-0.0407129
731	100	0.0540344
731	238	-0.0736375
734	288	-0.0410713
742	150	-0.0258398
742	325	0.016695
742	923	0.0267708
742	95	-0.0316858
742	981	-0.0149636
742	362	0.0236133
742	649	0.0373992
743	130	0.0215617
744	719	0.0370825
749	418	0.0255776
749	774	-0.0340132
749	375	0.0181987
749	505	-0.00590252
757	533	0.0139146
757	745	-0.0326206
765	783	0.0549054
765	588	0.0245339
769	180	-0.0165648
769	701	-0.0340117
769	12	-0.0419999
774	513	0.0361505
774	856	-0.035053
776	604	-0.00733293
776	851	-0.0197811
777	543	-0.0351364
777	765	-0.0678612
777	888	0.0351657
777	157	-0.0495237
777	952	0.0230451
777	807	-0.0196204
780	641	0.0279357
780	743	0.0386898
780	773	0.0115438
780	662	0.0235413
781	727	-0.042715
781	207	-0.0300978
781	480	-0.0498972
783	63	0.0471497
783	639	-0.0349462
789	531	-0.0463131
795	157	0.0218668
799	489	-0.0306769
799	627	-0.0403185
799	142	-0.0571123
799	91	0.0504532
811	433	-0.0399896
811	384	-0.0190763
811	976	0.0523548
811	874	-0.0104626
811	822	-0.0311708
811	605	-0.0440413
811	446	0.0299659
811	36	-0.0605539
811	500	-0.0110627
811	692	-0.027832
811	521	0.0272484
811	495	0.0439534
811	356	0.0359809
811	428	-0.0426784
811	604	0.0157399
811	697	-0.0240224
811	310	0.0229609
812	757	-0.035269
812	830	0.0199631
812	394	0.0379457
812	431	-0.0335732
812	919	-0.0143887
813	965	-0.0388367
813	870	0.0139063
813	919	-0.0315952
814	25	0.0342449
821	13	0.0551895
821	950	-0.0562446
822	496	-0.0146922
822	27	-0.0485227
822	749	0.0218666
822	287	0.0411074
822	990	0.0336434
822	713	-0.0124562
822	292	0.0201557
827	534	-0.0717534
827	695	0.00981869
830	229	-0.0193651
835	64	0.0349386
837	249	-0.0724768
838	697	-0.014348
840	781	0.0471813
840	765	0.029657
840	16	-0.0330404
843	247	-0.0388188
843	248	-0.0440381
845	822	-0.0126836
845	86	-0.0360352
845	983	-0.0250047
845	418	-0.0436507
845	415	0.0305885
845	647	0.0219101
845	521	0.0189992
845	167	-0.0321116
845	202	-0.0445851
847	719	-0.0324123
847	810	0.0291522
847	986	-0.0302277
859	8	-0.0279747
859	112	0.0174871
859	580	0.0459076
862	929	-0.0133519
862	154	0.0353311
862	25	-0.0364362
866	275	-0.0289199
867	990	0.0240639
867	760	0.0300672
870	848	-0.0208959
874	749	0.0248866
874	928	0.0293277
874	867	-0.0307173
874	315	-0.0329879
874	296	0.0328176
874	491	0.0264378
874	275	0.0338588
874	259	0.01652
874	914	0.0344815
874	915	-0.020181
875	626	0.0409862
875	810	0.0775351
875	87	0.0385237
875	240	0.0412421
879	173	-0.0152668
879	709	-0.0308355
879	689	0.0184542
879	904	0.0721754
879	811	-0.0248768
879	601	0.0566119
879	625	0.0314402
879	384	-0.0171884
879	231	-0.018164
879	420	0.01223
879	916	-0.0555722
879	985	0.0494125
879	4	0.0344172
879	446	-0.0150985
879	993	0.0199766
879	67	0.0370885
879	956	0.0303937
879	757	0.0275751
879	579	-0.0190167
879	423	-0.0231997
879	608	-0.020926
879	500	0.0358726
879	448	-0.0245722
879	983	0.0425738
879	692	-0.0216688
879	28	-0.0430635
879	862	-0.0170483
879	46	0.031563
879	168	0.0146036
879	495	-0.0615503
879	562	-0.0116083
879	870	0.0304622
879	140	0.0309995
879	428	0.0177722
879	960	0.019322
879	906	-0.0322768
879	507	0.0207691
879	570	-0.0492956
879	519	-0.0182595
879	922	0.0365075
879	473	0.0260319
879	611	0.0371058
879	470	-0.0165869
879	160	-0.0427712
879	310	-0.0266755
879	622	0.019382
879	741	-0.020742
879	856	0.0133505
879	869	-0.0228064
879	553	-0.031331
879	401	-0.030011
888	810	0.0106758
888	328	-0.0526964
889	399	-0.0299012
889	325	0.0220513
889	827	-0.0131278
889	140	0.0176536
889	505	0.0331826
889	544	-0.0220304
889	504	0.0745657
890	29	0.0307058
890	813	0.0228442
890	180	0.0292328
890	573	-0.0337965
890	101	0.0184748
890	344	-0.0306242
890	733	0.0343238
892	66	0.0578549
892	572	-0.0382734
892	111	-0.0327229
892	302	-0.0359491
892	859	0.0190403
892	142	0.0451406
892	290	0.0855453
892	92	0.0261097
892	702	-0.071519
892	499	-0.0242667
892	943	-0.052121
892	624	0.0178719
893	87	0.0457651
900	86	-0.0329293
900	465	0.0190989
900	983	0.0155133
900	563	0.043454
900	318	0.0286272
900	30	-0.0437986
900	268	-0.034623
902	641	-0.0559389
902	33	-0.0278494
904	940	-0.0230969
904	625	0.0209274
904	405	-0.00927393
904	231	-0.0158046
904	239	0.0326657
904	262	-0.0316892
904	4	0.0115359
904	549	0.016536
904	822	-0.0263274
904	812	-0.0382296
904	86	0.0359354
904	146	0.0293021
904	442	0.0419173
904	72	0.00609241
904	155	-0.0366934
904	870	0.0454904
904	55	-0.0260685
904	186	-0.0231648
904	154	-0.030301
904	901	0.0361934
904	189	-0.0306646
904	717	-0.0436593
904	392	-0.0100987
916	177	0.0262039
916	218	-0.0349211
916	214	-0.0783425
916	579	0.017524
916	827	0.0184241
916	658	0.0260156
916	953	-0.0126681
916	306	-0.0358874
916	848	0.0165236
916	176	0.0300291
916	164	0.0376151
916	346	-0.00764836
922	591	-0.0151918
923	680	-0.0561911
924	744	0.0600306
924	970	-0.0349882
924	571	-0.0312276
926	737	-0.0147205
927	596	-0.0414021
928	348	-0.0508049
928	690	0.0248907
928	600	0.0222215
928	523	0.0419807
929	715	-0.0267232
935	168	0.0119404
935	658	-0.0126066
935	671	0.0110768
935	306	0.0268272
935	779	0.0274369
936	814	0.0450164
936	329	-0.0401272
940	811	0.0277588
940	625	-0.0440391
940	384	-0.025171
940	985	0.0802279
940	993	0.0589471
940	242	0.0173764
940	691	-0.0216199
940	500	-0.0516132
940	594	-0.0476211
940	418	0.071071
940	69	-0.0227903
940	690	-0.0196105
940	486	-0.0246093
940	190	0.0451566
940	42	0.0260306
940	838	-0.0164123
940	160	-0.05439
940	18	-0.0116001
940	114	0.0163841
940	901	-0.0151734
940	107	0.0133447
953	225	0.0215416
956	86	-0.019221
956	981	-0.0455927
956	14	0.0480036
960	570	-0.0225986
961	412	-0.0542108
961	705	-0.0719362
961	66	0.0148102
961	84	0.0560841
961	572	-0.0342284
961	980	-0.025695
961	291	-0.0358492
961	520	0.032219
961	111	0.0261378
961	302	-0.0325813
961	468	-0.0353385
961	840	-0.0233309
961	627	-0.0692931
961	685	0.0536653
961	924	0.0415104
961	81	0.0748638
961	727	-0.0548375
961	424	0.0196903
961	26	-0.0238993
961	512	0.0463186
961	342	-0.0761759
961	734	-0.0237178
961	33	-0.0210544
961	64	0.0516466
961	411	-0.0427104
961	466	-0.0701147
962	132	0.0292243
962	636	0.0364264
962	80	-0.0319748
962	781	0.095159
962	924	-0.0301891
962	92	-0.0520663
962	157	0.0387716
962	400	0.030913
962	65	0.0636261
965	798	-0.037616
970	752	0.0314047
970	946	0.0381742
975	460	-0.0499367
976	19	0.0343594
976	177	0.038022
976	354	0.00931928
976	812	0.0122171
976	769	-0.0217996
976	1	-0.0371063
976	501	0.0362852
976	415	-0.0313345
976	690	-0.0456698
976	936	-0.0333382
976	648	-0.0186595
976	467	0.0182278
976	785	-0.0364368
976	123	-0.0246751
978	812	-0.021101
978	774	-0.0353282
978	14	0.0444825
978	397	-0.0133732
978	491	-0.0261912
978	361	0.0204294
978	488	0.0289202
979	708	-0.0241906
980	636	-0.0140162
980	799	-0.0326706
980	781	-0.0344054
980	727	0.0320825
980	543	0.0299335
980	902	0.0567778
980	888	0.0400221
981	186	0.0564904
983	594	0.039577
985	845	0.0721102
985	496	0.0296276
985	218	0.0303004
985	713	0.00442695
985	965	-0.0324509
985	409	-0.0390636
985	225	0.0221223
985	760	0.0376304
985	820	-0.0375334
990	0	-0.0270105
993	928	-0.0185486
993	979	0.0202374
993	519	-0.0293244
993	619	-0.00313104
993	869	0.0197968
993	122	0.0147699
997	27	-0.0521442
997	757	0.0820913
997	415	-0.0536852
997	599	-0.0262937
997	736	0.0166278
997	282	0.0238904
997	938	0.0148717
999	658	-0.0167295
999	693	-0.0233843
999	55	-0.0169164
