400
200
400
1000
500
3
0.333333	0.666667	
0	2	0.00143715	0.00934237	0.0539407
1	1	0.00163043	-0.0579144	0.102532
2	2	0.00258004	-0.0186121	0.00119224
3	2	0.00363225	-0.024991	0.0545541
4	2	0.00662447	0.0114368	0.0245152
5	0	0.00770878	-0.0632826	0.0247025
6	1	0.00822935	-0.0335034	0.0626597
7	1	0.00879988	-0.129202	0.010141
8	0	0.00913506	0.0119221	0.0167025
9	2	0.00945906	-0.0471457	0.0562854
10	0	0.00948929	-0.00961777	0.0637376
11	2	0.00997636	0.0182667	0.102019
12	2	0.0100067	0.0159842	0.0128365
13	0	0.0117091	-0.00816892	0.0622254
14	2	0.0143291	-0.0379855	0.0321055
15	0	0.0153029	0.0797411	0.0109625
16	2	0.0158279	-0.0303336	0.0108026
17	2	0.0169235	0.0667886	0.00890584
18	1	0.0177706	-0.0660966	0.00499205
19	2	0.0184022	-0.033828	0.0123473
20	2	0.0202477	-0.0322339	0.0480391
21	2	0.0203904	0.00958195	0.0447397
22	2	0.0204426	0.0759937	0.0525555
23	2	0.0210622	0.0486008	0.031593
24	2	0.0215661	-0.0433277	0.0548434
25	2	0.0222402	0.118204	0.0464216
26	0	0.0224529	-0.0634143	0.00700328
27	1	0.0235279	-0.0231185	0.0230596
28	2	0.0235616	-0.0235458	0.00575098
29	2	0.0245301	0.0351317	0.0913507
30	0	0.0260174	-0.0540063	0.0453136
31	1	0.0275286	-0.0458316	0.0723924
32	2	0.0292506	-0.00646251	0.0328167
33	1	0.029619	-0.0378686	0.15116
34	2	0.0307081	-0.00972176	0.0509557
35	1	0.0313972	-0.0385007	0.0197986
36	0	0.0317632	0.016599	0.0329705
37	1	0.0319077	-0.0735249	0.0136936
38	0	0.0330331	-0.043911	0.0597017
39	0	0.0340631	-0.0410303	0.0952877
40	0	0.0346275	-0.0800591	0.0738822
41	2	0.0347468	0.0814039	0.0219089
42	0	0.0350803	-0.0425082	0.0301197
43	1	0.0362226	0.0265367	0.0506584
44	0	0.0376615	-0.0392917	0.0834092
45	2	0.0378164	-0.0730099	0.0133493
46	0	0.0385788	-0.0037526	0.0227743
47	0	0.0385845	-0.0345454	0.029149
48	0	0.0393258	0.0243582	0.0595344
49	0	0.040904	0.0784187	0.0450462
50	2	0.0413281	0.0140143	0.00895927
51	2	0.0419621	-0.0194306	0.0328421
52	2	0.0429986	-0.0322367	0.017788
53	1	0.043194	0.0322133	0.00161768
54	0	0.0437097	-0.00601838	0.0198548
55	0	0.0443592	0.0265026	0.0187054
56	0	0.0452996	-0.018769	0.0678559
57	0	0.0458316	-0.0434064	0.0314282
58	0	0.0472902	-0.0242353	0.0593442
59	0	0.0498639	-0.0422293	0.016284
60	1	0.0499275	0.0921027	0.0396364
61	0	0.0506365	0.0445863	0.0697658
62	1	0.0515633	-0.0824244	0.0343816
63	2	0.0516745	-0.0723598	0.0223389
64	0	0.0546337	-0.0497318	0.0176063
65	2	0.0562645	0.0118421	0.0334209
66	2	0.058232	-0.0632033	0.00118021
67	0	0.0626069	0.0497082	0.0385747
68	1	0.0651807	-0.0556602	0.0541672
69	0	0.0658633	0.0159339	0.106076
70	0	0.0670784	-0.121877	0.118063
71	0	0.068536	0.0160209	0.062167
72	2	0.0686503	-0.0146997	0.0556898
73	1	0.0696813	0.0504677	0.0689009
74	2	0.0700793	-0.0109645	0.00692307
75	0	0.0702223	0.013729	0.0594331
76	0	0.0703147	0.0819195	0.0224269
77	2	0.0706065	0.0359768	0.0562308
78	2	0.0732126	0.068487	0.0250231
79	1	0.0734406	0.0385567	0.0846708
80	2	0.0746095	0.0159294	1.69042e-05
81	0	0.075115	-0.0952334	0.095596
82	2	0.0758766	-0.0123875	0.0124663
83	0	0.0760426	-0.0331396	0.0673226
84	1	0.0762141	0.0304607	0.135454
85	2	0.0786996	0.131561	0.0155724
86	2	0.079042	0.0187172	0.056323
87	1	0.0804933	0.0554683	0.0143255
88	0	0.0836507	-0.0222566	0.104843
89	0	0.083951	0.0281722	0.0491322
90	0	0.0854823	-0.0495172	0.0183166
91	0	0.0896824	-0.0125398	0.0381886
92	2	0.0900175	0.0863043	0.0215311
93	2	0.0901103	0.055525	0.0176095
94	1	0.0907377	-0.0188679	0.0509884
95	2	0.0916279	0.0806221	0.0639394
96	0	0.0918779	0.0363321	0.0460245
97	0	0.0918969	-0.0257523	0.0217361
98	2	0.0928853	0.0299246	0.0506018
99	0	0.0948786	-0.0566478	0.0224927
100	0	0.0953697	-0.0263691	0.0191881
101	1	0.0954467	-0.0670849	0.0891326
102	0	0.0956417	0.0138434	0.117185
103	0	0.0972401	0.0125799	0.0185234
104	2	0.0974585	-0.036791	0.069708
105	0	0.0982556	-0.110228	0.0166195
106	0	0.0992231	-0.04241	0.0345013
107	0	0.0996296	-0.0852828	0.0176888
108	0	0.101228	-0.0519172	0.0885049
109	2	0.101398	-0.0609997	0.0487525
110	0	0.101513	0.0574937	0.0452665
111	0	0.101726	0.0265323	0.0224073
112	2	0.102655	0.0247919	0.0165484
113	2	0.102718	0.0533513	0.00975736
114	2	0.104476	0.0255688	0.0751294
115	0	0.106485	-0.0406826	0.026009
116	0	0.106867	-0.0189832	0.0805686
117	2	0.10731	-0.0168157	0.012425
118	2	0.107652	-0.0437128	0.00477005
119	0	0.108136	-0.0235677	0.0159851
120	2	0.108708	0.00581741	0.0070785
121	0	0.108931	0.0256289	0.0544981
122	1	0.109956	0.00855682	0.102477
123	0	0.111087	-0.063695	0.0227888
124	0	0.112064	-0.051132	0.0437666
125	2	0.112101	0.0497064	0.0682393
126	0	0.115063	0.0367297	0.00470098
127	1	0.115088	-0.0142121	0.0908593
128	1	0.115985	-0.0524285	0.00698534
129	1	0.117392	0.0909557	0.0789854
130	2	0.11757	-0.0349486	0.0404605
131	0	0.118057	0.0503028	0.0250495
132	2	0.119787	-0.0367124	0.0428747
133	1	0.119842	0.0165993	0.0146054
134	2	0.121226	0.0260851	0.0948069
135	0	0.121754	-0.0705612	0.0860065
136	2	0.125186	-0.0546913	0.0159241
137	1	0.126082	0.135447	0.0691244
138	0	0.126769	0.00794943	0.0361817
139	2	0.12699	0.0640672	0.0498881
140	1	0.127362	0.0926405	0.0609658
141	2	0.129281	-0.0200149	0.0360673
142	0	0.129324	-0.0376595	0.0323269
143	1	0.129689	-0.0239168	0.115204
144	0	0.130277	-0.0479995	0.0312668
145	2	0.13344	0.0393833	0.0988252
146	2	0.133812	0.0119512	0.0181768
147	1	0.135549	-0.00851673	0.059344
148	0	0.137049	0.0119659	0.0165788
149	2	0.137905	-0.0131392	0.0413112
150	0	0.138845	0.0341789	0.0953194
151	1	0.139233	0.072686	0.226953
152	1	0.139337	-0.0141119	0.0541389
153	2	0.139848	0.0485041	0.0829255
154	0	0.142201	0.033815	0.0154493
155	0	0.142293	-0.0225847	0.016029
156	2	0.142897	0.0774338	0.00446552
157	2	0.142993	0.030834	0.000943136
158	1	0.143518	-0.0525494	0.0243615
159	1	0.143709	0.0671457	0.0493976
160	0	0.143998	0.0219313	0.0503271
161	2	0.14429	0.0545359	0.0523414
162	1	0.145943	-0.027943	0.0454449
163	2	0.146899	0.0878169	0.0177734
164	2	0.147014	-0.0101197	0.000682483
165	2	0.147473	0.0332878	0.0246953
166	2	0.148409	0.0853193	0.114673
167	2	0.148426	-0.0543552	0.0479772
168	0	0.14977	-0.0377999	0.000738427
169	2	0.150775	0.0308101	0.00297709
170	2	0.150918	0.0176577	0.0135414
171	0	0.151474	0.0201989	0.0698424
172	2	0.152353	0.0700336	0.0672109
173	1	0.152549	0.0234623	0.196813
174	2	0.152908	-0.0110967	0.00886272
175	1	0.15364	-0.128706	0.0625032
176	2	0.154585	-0.0588992	0.0135472
177	0	0.15495	-0.0526412	0.023695
178	0	0.156946	-0.0823139	0.022767
179	0	0.158341	-0.0141775	0.0685494
180	0	0.159027	0.055211	0.0443002
181	0	0.159475	0.0924839	0.0537849
182	1	0.159559	0.037936	0.0683944
183	2	0.161099	-0.0210286	0.0221329
184	1	0.162674	0.0613013	0.0622873
185	2	0.164794	-0.0788876	0.0475751
186	0	0.164853	0.0481205	0.0937038
187	1	0.165698	0.0373043	0.0109342
188	2	0.166141	0.0778554	0.0481398
189	0	0.166618	0.0550726	0.0050189
190	0	0.168516	0.0377368	0.122169
191	0	0.168977	-0.0873529	0.118993
192	0	0.16941	0.0197825	0.0322275
193	0	0.169604	0.0367201	0.0709384
194	1	0.170768	-0.10818	0.0263021
195	0	0.171129	0.0425775	0.116257
196	0	0.171549	0.0367065	0.0228379
197	2	0.173776	0.0598844	0.064073
198	2	0.176034	-0.0757382	0.0120629
199	0	0.176789	-0.0442786	0.00679464
200	2	0.177614	0.0551515	0.0390243
201	2	0.177691	0.0216915	0.0808946
202	2	0.178641	0.0393873	0.0746285
203	1	0.178978	0.0446686	0.0496691
204	2	0.179399	0.0925754	0.0346416
205	2	0.179942	0.152944	0.0444649
206	2	0.180088	0.0524904	0.0754301
207	1	0.180377	0.112546	0.116674
208	2	0.180508	0.0613597	0.0815953
209	0	0.181142	0.0588737	0.0147648
210	2	0.181975	0.0355929	0.119262
211	1	0.184566	0.0254045	0.030272
212	1	0.184653	-0.0858877	0.104035
213	1	0.185123	-0.0632353	0.0857544
214	2	0.186324	-0.0470405	0.0360521
215	0	0.186874	-0.078718	0.0326758
216	2	0.191151	0.0497217	0.0544686
217	2	0.193762	-0.0823645	0.014949
218	1	0.194137	0.0103896	0.108809
219	2	0.194331	-0.127636	0.0292486
220	2	0.194369	-0.0721996	0.0437165
221	1	0.19487	0.0361297	0.00313598
222	0	0.195064	0.0136113	0.0368203
223	0	0.195851	-0.036863	0.0247021
224	2	0.195922	-0.0238799	0.0205409
225	2	0.196011	0.00810794	0.037739
226	2	0.198183	0.0482835	0.0204491
227	2	0.198191	0.0850311	0.0172261
228	0	0.199064	0.00514677	0.02411
229	0	0.200848	-0.0176528	0.036418
230	2	0.200912	-0.0498415	0.0189799
231	1	0.202847	-0.117489	0.0476108
232	2	0.203209	-0.0182745	0.0233004
233	0	0.209082	-0.0413727	0.0145691
234	2	0.209083	-0.0274624	0.00140417
235	0	0.209252	0.0294096	0.0837759
236	0	0.210895	0.0165089	0.129233
237	0	0.211833	0.0439238	0.0240242
238	2	0.213752	0.200057	0.0117645
239	0	0.214553	-0.0115628	0.0370319
240	2	0.21709	-0.0659151	0.0159378
241	2	0.219676	-0.0496011	0.0469835
242	1	0.220008	0.0532814	0.0133063
243	2	0.220185	0.0813895	0.0109661
244	1	0.221725	0.0644239	0.028083
245	2	0.221894	0.0644972	0.00916384
246	1	0.222606	0.0576436	0.0335896
247	2	0.223622	-0.0335695	0.00243171
248	1	0.224967	0.0561062	0.0367861
249	2	0.225204	0.0404808	0.011737
250	0	0.226048	-0.0607633	0.0150202
251	2	0.227024	0.0289986	0.0191653
252	0	0.227153	0.0206364	0.0049283
253	2	0.232385	0.041626	0.00708525
254	0	0.235407	0.0145785	0.0370479
255	0	0.235488	0.0204705	0.0597006
256	2	0.239005	-0.0646387	0.133388
257	1	0.239309	-0.0911621	0.0448928
258	0	0.24114	-0.0149287	0.0195309
259	2	0.24245	0.0313315	0.0273605
260	2	0.244091	0.0343732	0.0182731
261	2	0.244304	-0.130823	0.14952
262	2	0.244593	-0.0375748	0.0135662
263	2	0.246616	0.0119166	0.0310997
264	0	0.246946	-0.0162891	0.0250415
265	0	0.247652	0.0216042	0.0677682
266	2	0.251487	-0.0611536	0.0646506
267	1	0.253989	0.185675	0.0590178
268	0	0.254795	0.0209298	0.020978
269	2	0.256318	0.0123444	0.0465759
270	2	0.259941	-0.025478	0.0392562
271	1	0.260635	-0.0464747	0.0280354
272	0	0.261114	0.00875392	0.0236561
273	0	0.263543	0.0312682	0.015934
274	0	0.263796	0.0130048	0.0864938
275	2	0.263934	-0.0289319	0.0563096
276	0	0.264508	-0.0253749	0.0358861
277	1	0.264855	-0.091394	0.0756327
278	0	0.264863	0.0487787	0.0820797
279	0	0.265111	-0.0348917	0.108798
280	2	0.265791	-0.0202288	0.00987341
281	2	0.265873	0.0362181	0.0724402
282	0	0.266548	0.00211208	0.00195549
283	2	0.266564	0.0325523	0.00895991
284	1	0.266757	-0.017683	0.12694
285	0	0.272006	-0.0345613	0.0277226
286	1	0.272437	0.0376767	0.131914
287	2	0.273384	-0.0476086	0.0272398
288	1	0.273961	0.148333	0.00285731
289	2	0.274265	-0.0371558	0.0487647
290	2	0.27653	-0.0256492	0.019763
291	2	0.277216	0.0378418	0.0600835
292	0	0.277797	-0.017858	0.0174746
293	1	0.278869	0.122488	0.0243968
294	2	0.279908	0.0575698	0.0126907
295	0	0.280025	-0.04589	0.0518154
296	1	0.280357	0.065966	0.107073
297	0	0.280533	-0.0279749	0.0268281
298	2	0.280953	-0.0621195	0.0384147
299	1	0.281154	0.0180849	0.00281064
300	0	0.28127	-0.0136976	0.0498166
301	0	0.281624	0.0902785	0.0147289
302	1	0.282279	0.0288722	0.154251
303	2	0.283868	-0.0375516	0.0050038
304	0	0.285891	0.0790657	0.0167187
305	2	0.287245	0.0272498	0.0824056
306	2	0.287373	-0.0269197	0.018546
307	0	0.2882	-0.00923447	0.0216947
308	0	0.288411	0.0402011	0.0603616
309	2	0.28892	-0.0405485	0.0135971
310	2	0.289615	0.0919552	0.0162184
311	2	0.289655	0.0371706	0.0641898
312	2	0.289827	-0.0126992	0.0353986
313	0	0.291534	0.147801	0.0443439
314	2	0.292318	-0.00940635	0.0993533
315	2	0.292345	-0.0299506	0.0178774
316	0	0.294421	0.0281964	0.0311602
317	2	0.295106	0.0288668	0.128795
318	2	0.295239	-0.0184152	0.0402549
319	2	0.295246	-0.011185	0.00417488
320	2	0.297829	0.014074	0.0586197
321	0	0.297917	-0.0124902	0.0175041
322	2	0.298593	-0.00486735	0.0288069
323	1	0.298684	-0.0368903	0.0236264
324	2	0.299055	0.052231	0.00720427
325	2	0.299441	-0.059294	0.0175368
326	2	0.300882	-0.0498355	0.0955253
327	0	0.301227	-0.0457063	0.0297609
328	0	0.301714	-0.0521387	0.0156797
329	2	0.303852	0.0270817	0.0580761
330	0	0.305795	-0.0217964	0.0325008
331	0	0.305967	-0.0191226	0.0710323
332	1	0.306048	-0.0419664	0.0318474
333	1	0.306588	0.0571209	0.0488092
334	2	0.306807	-0.0195549	0.0551948
335	2	0.306916	-0.0366758	0.115755
336	2	0.307319	0.0210731	0.0372288
337	1	0.312058	-0.117565	0.00789164
338	0	0.312908	-0.0224542	0.0175313
339	0	0.313496	-0.0697769	0.0896823
340	2	0.313674	0.0123146	0.0380455
341	2	0.315745	-0.0159081	0.0664385
342	1	0.315983	0.0864982	0.0915141
343	0	0.316307	0.017362	0.0364777
344	2	0.31706	0.0245665	0.0377872
345	1	0.31707	-0.0650361	0.00804964
346	2	0.317167	-0.0271385	0.0045927
347	0	0.318307	-0.00775221	0.000233191
348	1	0.320002	0.0419599	0.0123725
349	0	0.320186	0.0463491	0.0664695
350	0	0.321016	-0.0288106	0.0018639
351	0	0.322457	-0.0477701	0.0302707
352	2	0.323848	0.00715349	0.0259614
353	0	0.326255	-0.116874	0.0292618
354	0	0.326341	-0.0231962	0.000245662
355	0	0.32819	-0.0846867	0.0419722
356	2	0.328237	0.0261226	0.113362
357	2	0.328367	-0.0437291	0.00677662
358	2	0.328885	-0.0615275	0.100607
359	0	0.329955	-0.0469638	0.0350007
360	0	0.330706	0.0617612	0.0173991
361	0	0.33103	-0.0471366	0.0498491
362	0	0.333243	-0.0593271	0.0454153
363	0	0.334474	0.0172235	0.0025442
364	2	0.33466	-0.0770389	0.00733946
365	2	0.335798	-0.0651451	0.0443818
366	0	0.336859	0.01381	0.0315517
367	0	0.338775	-0.0152072	0.0774237
368	0	0.338827	-0.0399636	0.0759699
369	2	0.338861	0.0412277	0.0553456
370	1	0.339122	0.0539604	0.0451945
371	0	0.33957	-0.0653172	0.000532812
372	0	0.339635	-0.0267775	0.0384696
373	1	0.340358	-0.125982	0.124145
374	1	0.341905	0.134542	0.109295
375	2	0.343495	0.017374	0.00586197
376	1	0.344166	0.0357427	0.0498227
377	2	0.34748	0.0472613	0.00298547
378	2	0.348244	-0.0355204	0.0548595
379	0	0.349723	0.0206567	0.0159086
380	0	0.349942	0.0669574	0.0129369
381	2	0.350074	-0.0392758	0.0174375
382	2	0.350289	0.0225674	0.0187723
383	2	0.352946	-0.0314995	0.0457538
384	0	0.355346	-0.10743	0.0297338
385	2	0.355806	0.00416454	0.0273416
386	0	0.356804	0.0367581	0.0710736
387	2	0.357061	0.040722	0.0131206
388	0	0.357966	0.0058082	0.0772819
389	2	0.360174	0.027279	0.00201648
390	2	0.362821	-0.0562902	0.0179921
391	2	0.363285	0.0260339	0.0267357
392	0	0.364296	0.018258	0.0196749
393	1	0.366936	-0.0401954	0.0110708
394	0	0.367319	0.083193	0.00163114
395	0	0.369975	-0.0334698	0.0488255
396	0	0.373314	-0.0973992	0.071792
397	0	0.373612	-0.00250891	0.0309754
398	0	0.375011	-0.0941254	0.0981196
399	2	0.375136	-0.0392591	0.0488582
400	1	0.37707	0.0311522	0.0126009
401	0	0.380118	-0.0380135	0.106805
402	0	0.380703	-0.0514056	0.00878395
403	0	0.381433	0.0471851	0.0499794
404	1	0.38287	-0.107817	0.0646603
405	0	0.383104	0.0290472	0.00537462
406	0	0.384282	0.0269245	0.00974295
407	2	0.3854	-0.0770209	0.0429832
408	2	0.38602	0.0251763	0.0884177
409	2	0.386374	-0.0463268	0.00714257
410	2	0.386623	0.0549738	0.0350893
411	2	0.387008	0.0495278	0.0606986
412	1	0.387173	-0.0338503	0.0864759
413	2	0.387278	-0.0476099	0.0331801
414	2	0.387634	0.0796908	0.0406402
415	0	0.387653	-0.0563075	0.0125653
416	2	0.387778	-0.00179018	0.00305294
417	2	0.387933	0.0885616	0.0288031
418	0	0.388337	0.0329498	0.0454835
419	2	0.389677	0.0187623	0.0186644
420	1	0.389942	0.039993	0.0493818
421	2	0.395974	0.0748781	0.0526293
422	2	0.396191	0.0263831	0.0105639
423	2	0.401215	0.0725072	0.0322694
424	2	0.401887	0.00667387	0.0456885
425	1	0.402188	0.0504507	0.166635
426	0	0.40421	0.0408936	0.0740836
427	0	0.404927	-0.035947	0.0514894
428	0	0.405352	-0.0193251	0.0799388
429	1	0.407234	0.0142748	0.0408625
430	2	0.407951	0.0184218	0.0818118
431	0	0.409037	-0.00633461	0.0244628
432	1	0.409123	0.00378813	0.0410334
433	0	0.409134	0.0375697	0.0444222
434	0	0.40915	-0.0454991	0.00627268
435	1	0.409429	0.124125	0.0449379
436	2	0.410119	0.0178879	0.0202309
437	1	0.41164	-0.0176337	0.0506537
438	0	0.412341	0.0122195	0.0459193
439	0	0.412459	0.0472028	0.00179577
440	1	0.413144	-0.0402599	0.0619505
441	0	0.413449	-0.00871011	0.0359776
442	2	0.413498	0.0164749	0.0781577
443	0	0.414661	0.0388565	0.0609853
444	2	0.417786	0.0073753	0.0579891
445	2	0.417794	-0.0093859	0.0247649
446	2	0.418107	0.0274631	0.00447431
447	0	0.419881	-0.0444601	0.0283746
448	2	0.42069	-0.0262839	0.0395952
449	0	0.422603	-0.0609011	0.0333254
450	2	0.42378	-0.05752	0.0785755
451	0	0.42389	-0.0477272	0.035073
452	1	0.424332	0.0384485	0.0617829
453	2	0.425576	-0.0161989	0.0863676
454	0	0.425735	-0.047387	0.0505694
455	0	0.426119	-0.0441725	0.00260909
456	1	0.426461	0.0750049	0.0598001
457	0	0.427122	0.024578	0.0873212
458	2	0.427174	0.00507544	0.025611
459	2	0.430047	0.0331443	0.0407146
460	1	0.430428	-0.0838591	0.0197176
461	2	0.43142	-0.0660558	0.0447576
462	0	0.432083	-0.0324704	0.0180204
463	1	0.432379	-0.0644307	0.0444161
464	0	0.433929	0.0617144	0.0202865
465	2	0.434478	-0.0200063	0.0488003
466	0	0.436109	-0.0569836	0.0443005
467	2	0.439022	0.0315506	0.0511322
468	0	0.439612	0.0843355	0.0312
469	2	0.441003	0.0161323	0.0932021
470	2	0.441091	-0.0382699	0.0425238
471	0	0.441107	0.0348344	0.0137396
472	2	0.442378	-0.0488653	0.000365722
473	0	0.442574	-0.0307288	0.0459427
474	2	0.44287	-0.0400575	0.0632972
475	2	0.444417	-0.0236627	0.0182918
476	0	0.446232	0.0473208	0.0134477
477	0	0.447634	0.029717	0.0355917
478	2	0.44948	0.00947079	0.0705834
479	2	0.449507	-0.0548301	0.0125431
480	0	0.450354	0.0147574	0.0482736
481	0	0.450722	-0.0548766	0.0223054
482	0	0.454316	-0.0355293	0.00640742
483	1	0.45777	0.0448382	0.0105723
484	0	0.458608	-0.0355299	0.0364576
485	2	0.458751	0.0362397	0.0279093
486	2	0.459438	-0.067064	0.0248774
487	2	0.463044	-0.117535	0.0780606
488	2	0.463487	0.0189433	0.00579527
489	2	0.464549	-0.0251123	0.0367996
490	1	0.465524	-0.0849634	0.0754354
491	0	0.465943	-0.0269045	0.00117905
492	0	0.466296	0.0192003	0.0698733
493	2	0.469285	-0.0144754	0.0592608
494	0	0.470647	-0.0209828	0.0541825
495	2	0.471001	0.0138923	0.033116
496	2	0.471147	0.00838349	0.00540053
497	0	0.471464	0.0373963	0.0266685
498	0	0.47411	-0.0557615	0.0412838
499	0	0.474476	0.0793936	0.0166454
500	2	0.476066	-0.0263736	0.025257
501	0	0.476089	-0.0545067	0.0694859
502	2	0.47786	0.0261964	0.084918
503	0	0.481888	-0.0220392	0.0194587
504	1	0.482261	-0.106766	0.0237851
505	2	0.482801	-0.0210143	0.0236005
506	0	0.483697	-0.0199132	0.025798
507	2	0.485007	-0.0355915	0.0312379
508	0	0.485955	-0.0263235	0.133182
509	2	0.490238	0.0339872	0.00824302
510	1	0.490415	-0.00558713	0.0447948
511	0	0.490534	-0.072828	0.0320904
512	0	0.490737	-0.0197312	0.0151921
513	2	0.493299	-0.0148221	0.101417
514	1	0.493674	0.141369	0.0734357
515	2	0.4937	0.0896969	0.0428775
516	2	0.494442	0.0586432	0.0443939
517	1	0.494737	-0.0888265	0.0293972
518	0	0.49516	0.0112229	0.0325258
519	0	0.495572	0.051809	0.0312719
520	1	0.497509	0.0554526	0.0187727
521	1	0.497656	0.0156314	0.07532
522	2	0.499234	0.0808117	0.012215
523	1	0.499325	-0.154678	0.026684
524	0	0.500817	-0.0675558	0.0484667
525	2	0.501831	-0.0120242	0.0103797
526	0	0.503741	0.109086	0.103605
527	2	0.503941	-0.0641054	0.0315545
528	0	0.504913	0.0260915	0.01693
529	1	0.505304	0.0984112	0.124898
530	0	0.505363	-0.0603167	0.0559775
531	2	0.505624	0.0380544	0.0757364
532	1	0.505883	0.00961861	0.0719895
533	0	0.506521	0.0686032	0.0160091
534	2	0.507247	-0.0319173	0.0223179
535	0	0.507714	0.0526855	0.00977249
536	2	0.507763	-0.0535926	0.0153351
537	1	0.508231	0.0285181	0.0903409
538	2	0.509048	0.0446494	0.0350207
539	0	0.509189	0.05211	0.0104653
540	2	0.511893	0.00794712	0.0472439
541	2	0.512284	0.140358	0.0476156
542	0	0.515186	0.0218616	0.0261776
543	1	0.515729	0.0181987	0.0243688
544	0	0.515937	0.0467096	0.00110747
545	2	0.518586	-0.0178354	0.0861659
546	0	0.518842	-0.119669	0.0684628
547	1	0.520452	0.0243363	0.00999499
548	2	0.521695	0.0226769	0.0693365
549	0	0.523062	-0.0694363	0.0432862
550	2	0.524095	0.0771754	0.00548842
551	0	0.524284	0.0155563	0.014112
552	2	0.52565	0.0429611	0.0297365
553	1	0.526896	-0.0105002	0.145585
554	0	0.527427	0.01333	0.0189937
555	0	0.528561	0.0121465	0.0114209
556	1	0.5286	0.0756633	0.0303874
557	2	0.528737	0.0837339	0.0364715
558	0	0.528941	0.0108643	0.0358014
559	0	0.529263	0.0443397	0.0908084
560	0	0.529425	0.0244217	0.0312066
561	0	0.529796	0.00478495	0.0162741
562	0	0.532515	0.0734587	0.0334027
563	0	0.533166	0.0209724	0.0785868
564	0	0.533786	-0.0214963	0.0704009
565	2	0.534249	-0.018194	0.0201654
566	0	0.535357	0.056692	0.0589652
567	1	0.535572	-0.0564066	0.0215535
568	2	0.535596	-0.0612143	0.0522911
569	0	0.536375	-0.022844	0.0588817
570	1	0.538444	0.0895063	0.0645517
571	2	0.538485	-0.0409054	0.0843242
572	2	0.539419	-0.0165447	0.0789419
573	1	0.541149	-0.0359803	0.0115756
574	0	0.541158	-0.0375633	0.0348069
575	2	0.542695	-0.0561748	0.0718354
576	1	0.543011	-0.0925402	0.014204
577	2	0.54351	-0.0143412	0.0119343
578	2	0.543931	0.0504307	0.000656378
579	2	0.543979	0.0884824	0.0216521
580	1	0.544016	-0.157517	0.00586814
581	0	0.544482	-0.00157593	0.0300029
582	0	0.546237	-0.0111844	0.0141104
583	0	0.546268	-0.0218564	0.0538189
584	0	0.547346	0.0598697	0.0407191
585	2	0.548496	-0.0218832	0.000540215
586	2	0.548778	0.0563656	0.08074
587	0	0.549883	0.0307803	0.0497699
588	2	0.551029	-0.0233722	0.0245777
589	1	0.553572	-0.0680639	0.0136046
590	1	0.553894	0.0176989	0.0297596
591	1	0.555389	-0.0614362	0.0196699
592	0	0.557207	0.0941969	0.0252386
593	2	0.560577	-0.0382582	0.0763658
594	0	0.566534	-0.013976	0.0129341
595	2	0.566764	0.0251159	0.0333562
596	2	0.569626	-0.0494284	0.0534855
597	0	0.570587	0.0477501	0.0374046
598	0	0.572662	0.0345698	0.012857
599	0	0.572857	0.0744703	0.148835
600	2	0.573028	0.0437384	0.121209
601	2	0.575227	-0.0095507	0.0126532
602	0	0.575487	-0.0137151	0.0284788
603	2	0.575647	-0.029201	0.0137685
604	2	0.576089	-0.0383867	0.0875091
605	1	0.576281	-0.0390733	0.0234789
606	2	0.576315	-0.0206713	0.00582397
607	0	0.576508	0.0124152	0.0133
608	0	0.577154	0.0495224	0.0260893
609	1	0.577738	0.0352736	0.0687423
610	1	0.578722	0.0861502	0.0141273
611	1	0.579039	0.0408443	0.148659
612	0	0.580139	0.00065014	0.0190206
613	1	0.580192	-0.0307469	0.0416734
614	0	0.580473	0.0143015	0.0155116
615	1	0.584989	-0.124584	0.105091
616	0	0.585763	0.0073311	0.0608627
617	2	0.586606	0.0336306	0.0769934
618	0	0.58752	0.0373228	0.0548861
619	0	0.588692	0.0458678	0.0570257
620	2	0.589654	-0.0068894	0.0282846
621	1	0.590189	-0.046734	0.115369
622	2	0.595079	0.124299	0.085624
623	0	0.596207	0.0891692	0.0420572
624	2	0.597264	0.0235908	0.046033
625	2	0.598473	0.0166634	0.0926077
626	0	0.599407	0.0391402	0.0559883
627	2	0.599449	0.0678928	0.0628964
628	2	0.600008	-0.0493034	0.0384837
629	2	0.60128	0.0435514	0.00313445
630	0	0.601844	0.0682952	0.0153771
631	1	0.602504	-0.142703	0.0166547
632	0	0.602787	0.0115863	0.0182723
633	2	0.602805	0.00279255	0.0623242
634	1	0.602849	-0.0460306	0.0495824
635	0	0.603106	-0.0820346	0.103996
636	0	0.603296	0.135977	0.0188762
637	2	0.603648	-0.0183253	0.0106239
638	0	0.604611	-0.0593872	0.0629974
639	2	0.604869	0.00699968	0.00850285
640	2	0.604996	0.0343092	0.0145425
641	0	0.605877	0.0463856	0.0480296
642	1	0.606082	0.110956	0.0738989
643	0	0.607718	-0.046346	0.0350574
644	2	0.60936	-0.00436497	0.0333917
645	0	0.610934	-0.0355629	0.0510506
646	1	0.611495	0.0685194	0.0723619
647	0	0.613761	-0.0328066	0.0227466
648	0	0.61521	0.0257501	0.0770945
649	2	0.61652	0.0209602	0.0536018
650	0	0.616552	-0.0143611	0.0718248
651	2	0.617426	-0.02703	0.0468196
652	2	0.621907	-0.0868985	0.061333
653	0	0.622152	0.00141985	0.0912594
654	1	0.622845	0.0279259	0.00351394
655	2	0.624142	-0.0982474	0.0100433
656	1	0.624207	-0.0673667	0.00922973
657	1	0.624848	0.0223162	0.0293562
658	0	0.625727	-0.0288958	0.0088686
659	0	0.628426	0.0320205	0.0741095
660	0	0.628543	0.0937816	0.0917201
661	0	0.629328	0.0914925	0.00284898
662	2	0.630738	-0.01986	0.0168806
663	0	0.631394	-0.0379994	0.0404705
664	2	0.631531	0.0615515	0.0606016
665	0	0.635611	-0.0532213	0.0210406
666	1	0.63887	-0.0485805	0.1651
667	2	0.638913	-0.050473	0.0165297
668	0	0.639487	-0.0290603	0.0573047
669	0	0.640736	-0.0396486	0.0202693
670	0	0.645402	0.00666352	0.00418017
671	1	0.646839	-0.0124691	0.0466734
672	1	0.646932	-0.0128507	0.0227815
673	1	0.648193	-0.0401887	0.0571875
674	2	0.650354	-0.0369783	0.0693118
675	0	0.651672	0.0279113	0.0580079
676	2	0.65261	0.0177856	0.0196829
677	2	0.653201	-0.0238521	0.0463913
678	1	0.653242	0.0324012	0.0374668
679	2	0.653389	0.0206005	0.00527991
680	0	0.653392	0.0335011	0.011953
681	0	0.653848	-0.058289	0.0442929
682	2	0.654236	-0.0545011	0.0117837
683	0	0.655906	0.0645838	0.071419
684	2	0.657952	-0.00279858	0.00261123
685	1	0.659615	0.033317	0.115801
686	0	0.660214	0.0230137	0.00917414
687	0	0.66033	-0.0566102	0.00252336
688	0	0.660627	0.0189561	0.00875847
689	0	0.661621	0.0582099	0.0274721
690	2	0.661688	0.0217786	0.0464892
691	0	0.664468	-0.0233548	0.0487225
692	2	0.665025	-0.0484532	0.0794502
693	2	0.665612	-0.0360799	0.00296382
694	0	0.666568	0.0258762	0.0356837
695	1	0.668779	0.0356032	0.000192823
696	0	0.669355	-0.0178202	0.0159496
697	1	0.670353	-0.0645814	0.0265354
698	2	0.671353	-0.0584081	0.027351
699	2	0.671567	-0.0176592	0.136385
700	0	0.677689	0.00814438	0.0696859
701	0	0.678443	-0.0177492	0.0367937
702	1	0.679333	0.0117214	0.136969
703	1	0.6794	0.095958	0.114625
704	0	0.679486	-0.042578	0.0234555
705	0	0.680454	0.0262094	0.0571492
706	0	0.685917	0.0559751	0.0323604
707	1	0.686391	-0.01312	0.0479339
708	2	0.687012	-0.0168612	0.111062
709	1	0.687965	0.0833906	0.0308854
710	2	0.688327	-0.0245582	0.00969423
711	1	0.688835	-0.0698335	0.0634865
712	1	0.6893	0.0512104	0.0567135
713	2	0.689397	-0.017003	0.00521724
714	2	0.690984	-0.00407962	0.0582135
715	1	0.694427	-0.0163774	0.0449724
716	2	0.694573	-0.0459686	0.00477214
717	2	0.694961	-0.0714049	0.016244
718	0	0.695346	0.0664825	0.0452263
719	0	0.696187	0.0887503	0.0243083
720	2	0.697044	-0.0823058	0.104134
721	0	0.700038	-0.0292985	0.0298599
722	2	0.700883	0.00756321	0.017937
723	1	0.701785	-0.0321148	0.0832403
724	1	0.702084	-0.0701945	0.0769273
725	2	0.704229	-0.0141979	0.0459153
726	0	0.705586	0.0273011	0.0259127
727	0	0.70642	0.135294	0.00460599
728	2	0.706993	-0.0626547	0.0925171
729	1	0.710596	0.0836189	0.00282738
730	2	0.713367	0.0256351	0.0282045
731	0	0.715285	-0.0570788	0.054091
732	1	0.715391	0.00574575	0.0107037
733	0	0.71879	-0.017238	0.0243516
734	2	0.720355	0.049757	0.0095534
735	0	0.721393	0.0538705	0.0364763
736	2	0.721743	0.0322855	0.0335923
737	0	0.722222	0.0279503	0.0273813
738	2	0.722362	-0.0566449	0.033855
739	0	0.7232	-0.120528	0.0182571
740	2	0.723345	0.0285598	0.091657
741	1	0.723388	-0.0403173	0.0830611
742	0	0.723983	0.096897	0.00895254
743	1	0.724755	-0.0339755	0.103569
744	2	0.725674	0.0599068	0.00302677
745	2	0.72573	-0.00466562	0.0401727
746	0	0.726407	-0.122728	0.0699549
747	2	0.727125	0.0207739	0.0795368
748	0	0.727612	-0.0394127	0.0218544
749	1	0.72854	-0.0303664	0.203944
750	0	0.731046	0.0465241	0.108457
751	1	0.731854	-0.00798668	0.0246737
752	0	0.732338	-0.0650111	0.0460706
753	2	0.735029	-0.0699183	0.00993983
754	0	0.736037	-0.120788	0.0233575
755	0	0.736279	0.024018	0.0203099
756	1	0.736409	0.00975566	0.0359731
757	2	0.736714	0.0640086	0.0454628
758	2	0.736923	-0.0172824	0.0550771
759	1	0.737565	-0.0373696	0.0162164
760	2	0.738993	0.0211312	0.0326436
761	0	0.739198	0.0419775	0.00744537
762	1	0.741403	0.00707204	0.0799243
763	2	0.741575	-0.0470226	0.000874055
764	2	0.742045	0.0694904	0.0833021
765	1	0.745782	-0.0391981	0.0215059
766	2	0.747687	-0.021506	0.0785342
767	2	0.747959	-0.0286129	0.0836786
768	1	0.748299	-0.129708	0.0159511
769	1	0.749202	0.0415275	0.00637998
770	2	0.750171	0.0248217	0.0177482
771	2	0.751192	-0.0451724	0.0214575
772	0	0.751443	0.103847	0.0223371
773	0	0.752554	-0.0421809	0.0444023
774	1	0.755918	-0.0399102	0.0613279
775	1	0.756159	-0.0335059	0.00177952
776	1	0.756308	-0.121922	0.0442982
777	2	0.7568	0.0543228	0.0557251
778	1	0.757538	-0.0230546	0.0172643
779	1	0.757716	-0.0871292	0.0630542
780	0	0.757982	-0.048735	0.0293265
781	2	0.759102	0.0321945	0.0472177
782	0	0.7594	0.0491348	0.0570594
783	2	0.762037	-0.0137895	0.0218258
784	2	0.762812	0.0275946	0.0231133
785	1	0.762917	0.0107269	0.0754596
786	2	0.762939	-0.0879324	0.0575548
787	0	0.764071	-0.0532665	0.0353817
788	0	0.767524	0.0598394	0.0410522
789	2	0.767558	-0.087927	0.0315484
790	2	0.76794	-0.0531061	0.0942571
791	2	0.768173	0.042933	0.0890916
792	2	0.768566	0.0706989	0.0312393
793	0	0.770117	0.0254282	0.00229208
794	1	0.770259	0.0424259	0.0353422
795	0	0.770438	-0.0281376	0.0721384
796	2	0.771314	-0.0174773	0.0284256
797	2	0.771588	0.00857313	0.013417
798	0	0.772316	0.0599004	0.0385832
799	0	0.77349	-0.0180767	0.015064
800	2	0.773516	-0.021683	0.0971976
801	1	0.773866	0.207231	0.0233625
802	1	0.774454	0.070874	0.028129
803	2	0.774883	-0.0269571	0.106678
804	0	0.775721	0.0654733	0.0563944
805	0	0.776351	-0.0599192	0.0282165
806	0	0.779204	0.0027784	0.118715
807	1	0.779818	0.0668689	0.0661268
808	2	0.782228	0.0123995	0.00729605
809	2	0.784848	0.0214736	0.00296062
810	0	0.785831	0.0156436	0.0303798
811	1	0.78763	-0.0409461	0.00216757
812	2	0.789147	-0.11336	0.0100601
813	0	0.791941	0.101815	0.0268365
814	0	0.791952	-0.0204495	0.0989307
815	2	0.793695	0.0297261	0.0354878
816	0	0.795118	0.0326842	0.0461632
817	0	0.795254	-0.0264988	0.0188902
818	0	0.795436	0.0332311	0.103498
819	2	0.796921	0.0318463	0.00100828
820	0	0.797292	0.0642771	0.0186605
821	2	0.798578	-0.0494873	0.0469251
822	2	0.801593	0.0514278	0.0377313
823	2	0.80348	0.0968026	0.0254274
824	2	0.804274	-0.0625247	0.0253063
825	2	0.807292	0.0167033	0.0547137
826	1	0.808025	-0.0531131	0.071248
827	1	0.808557	-0.0138565	0.00269559
828	2	0.810681	-0.0374073	0.0401778
829	2	0.810978	0.0482309	0.0201788
830	1	0.811263	0.131589	0.057572
831	2	0.811639	0.00506912	0.00151095
832	2	0.81189	-0.0161102	0.00915787
833	0	0.81305	0.0387155	0.0139639
834	0	0.81335	-0.0411391	0.0289706
835	0	0.814037	-0.0995243	0.0371127
836	0	0.814331	-0.0782972	0.0686987
837	0	0.815206	0.0640758	0.0467174
838	2	0.815506	-0.0625754	0.0649976
839	1	0.816237	0.0230353	0.0595239
840	0	0.816549	-0.0584132	0.00659026
841	0	0.817833	-0.0185003	0.0423858
842	1	0.818287	-0.0340294	0.000781322
843	2	0.819933	-0.0730983	0.0144563
844	2	0.823457	0.0218284	0.0224353
845	0	0.825212	0.0279974	0.057641
846	2	0.825662	-0.0305245	0.0620428
847	1	0.826995	0.0499741	0.0363979
848	1	0.82819	-0.0530257	0.0556658
849	0	0.828941	-0.0830635	0.0431055
850	2	0.830935	0.0692633	0.0298079
851	0	0.832076	0.0114319	0.0517147
852	0	0.832737	-0.0260725	0.0168223
853	0	0.83389	-0.0482423	0.0489777
854	0	0.834737	0.012639	0.0374188
855	2	0.835394	-0.0678031	0.122125
856	0	0.83578	0.0739225	0.0099305
857	2	0.836828	0.0562046	0.0279538
858	0	0.837547	-0.0334288	0.0335501
859	2	0.837658	-0.0774647	0.0115095
860	0	0.839819	-0.0285464	0.0394207
861	0	0.840149	-0.0243374	0.058009
862	0	0.840756	0.0125926	0.00327664
863	2	0.843224	-0.00587748	0.0656169
864	2	0.843494	-0.0815807	0.0447174
865	1	0.843934	0.118403	0.162484
866	0	0.843953	0.108689	0.0387614
867	2	0.844352	-0.0266921	0.0181247
868	0	0.844594	-0.0146024	0.0212048
869	2	0.846046	-0.0215784	0.103071
870	2	0.846274	-0.0825297	0.0970396
871	0	0.846574	0.0425848	0.0350461
872	2	0.846981	-0.0366204	0.00433222
873	1	0.847251	0.0669864	0.136836
874	2	0.847595	0.0256861	0.0472249
875	1	0.847666	-0.0594833	0.0221292
876	2	0.848494	-0.00983076	0.00796674
877	2	0.848913	-0.0529508	0.117709
878	0	0.849425	-0.0119751	0.0223804
879	0	0.851799	0.0455462	0.0200375
880	2	0.851884	0.016244	0.080397
881	2	0.85271	0.0356445	0.0426918
882	1	0.852969	0.118746	0.0831421
883	0	0.853697	0.0378941	0.0128404
884	0	0.858938	0.0409369	0.0198128
885	0	0.859147	-0.01339	0.0428749
886	1	0.860098	-0.086326	0.0423027
887	0	0.860103	0.0714283	0.00806077
888	0	0.860446	-0.00616671	0.0139064
889	0	0.86308	0.0099655	0.0419133
890	0	0.863621	0.0327174	0.022559
891	2	0.863858	-0.0117986	0.00369802
892	1	0.866912	-0.116052	0.0173092
893	0	0.867623	-0.0141717	0.0517598
894	0	0.871367	-0.0317819	0.0694041
895	0	0.871399	0.0118064	0.0294385
896	2	0.872104	-0.0498923	0.010079
897	0	0.872689	0.105152	0.054007
898	2	0.872722	0.0488595	0.00380232
899	2	0.873125	0.0163378	0.0789302
900	2	0.873308	-0.0631871	0.0385648
901	2	0.87457	0.00933386	0.0192229
902	2	0.876081	0.0828031	0.0487012
903	0	0.876648	-0.0266696	0.0648678
904	0	0.876941	-0.0232989	0.0614038
905	0	0.877981	-0.0439197	0.0109091
906	0	0.878161	0.0194087	0.0338333
907	0	0.878692	0.0614177	0.0285594
908	0	0.879471	0.0648847	0.0233448
909	0	0.87972	0.0149783	0.0355565
910	2	0.884415	-0.0444246	0.0416337
911	2	0.885011	0.040137	0.0703972
912	2	0.885569	0.0828629	0.00807641
913	2	0.885573	-0.0942616	0.0107684
914	0	0.885766	-0.0143262	0.0277912
915	0	0.887921	-0.0306874	0.038774
916	0	0.892454	0.0439227	0.0401853
917	0	0.892654	-0.119392	0.0679234
918	1	0.894594	-0.0896698	0.00273089
919	2	0.896658	-0.0218911	0.0869182
920	1	0.89719	-0.0566962	0.039508
921	0	0.898658	-0.093625	0.0476263
922	0	0.898796	-0.0578305	0.0431901
923	1	0.900415	-0.023708	0.06821
924	0	0.90055	0.0334163	0.096122
925	2	0.901564	0.0270026	0.0559421
926	0	0.901923	0.0425821	0.00755663
927	0	0.90202	-0.0660304	0.0458445
928	2	0.903484	-0.0378483	0.0551914
929	0	0.906021	-0.019681	0.0680389
930	1	0.907428	0.0489977	0.056355
931	2	0.91017	-0.0367655	0.0219187
932	2	0.91155	-0.0884329	0.0305371
933	1	0.912646	-0.191289	0.0410849
934	2	0.912912	0.0462925	0.0526861
935	1	0.913675	0.0152062	0.00998232
936	2	0.914085	-0.0891289	0.0677494
937	0	0.915213	-0.0758304	0.149245
938	2	0.918065	0.0613945	0.039209
939	2	0.920806	-0.0330353	0.0395645
940	2	0.923009	-0.0305579	0.0205106
941	1	0.923367	-0.0689646	0.052734
942	0	0.927947	0.0206186	0.079537
943	1	0.928027	-0.0681036	0.0372944
944	1	0.929003	-0.0638834	0.109528
945	0	0.931627	0.083709	0.00298259
946	2	0.933594	-0.014409	0.0410052
947	0	0.933617	0.0530987	0.0644877
948	2	0.933718	-0.00704567	0.0290374
949	2	0.933958	0.0998374	0.0184335
950	0	0.93544	0.038387	0.0245581
951	2	0.937731	-0.0452346	0.0016643
952	2	0.939018	0.0278986	0.0534317
953	1	0.939168	-0.0206707	0.0480592
954	2	0.941322	0.111677	0.0783196
955	2	0.942024	0.0533894	0.0105473
956	0	0.942507	-0.0420967	0.0647362
957	1	0.943242	-0.0576446	0.0186578
958	2	0.943425	-0.0165282	0.0242061
959	0	0.943521	0.021886	0.0577072
960	0	0.944079	0.0413329	0.000936408
961	2	0.946944	0.0285681	0.0275354
962	1	0.947667	0.0434728	0.00186404
963	0	0.948466	-0.0371915	0.000960772
964	2	0.949031	-0.0195638	0.0139781
965	0	0.95295	-0.0531266	0.112903
966	0	0.952987	-0.0527136	0.0480571
967	0	0.953342	0.0123614	0.0416618
968	0	0.95361	-0.0389352	0.0523926
969	2	0.955453	-0.0317272	0.0398818
970	1	0.955686	0.0352256	0.115046
971	0	0.95978	-0.0865136	0.0560474
972	2	0.960788	-0.0463686	0.0392451
973	0	0.961476	0.0282659	0.0356317
974	2	0.961797	0.0212525	0.08291
975	0	0.963108	-0.0235267	0.0328282
976	2	0.965786	0.00314723	0.00385111
977	1	0.965825	0.0618818	0.0477658
978	1	0.967593	-0.104702	0.118224
979	1	0.968579	-0.0407465	0.045
980	0	0.971621	0.0103275	0.0290548
981	2	0.973687	-0.0654657	0.0497089
982	2	0.974383	0.0534641	0.000128556
983	0	0.976087	-0.0317429	0.00751002
984	0	0.976625	-0.013301	0.00091853
985	0	0.977397	0.0374007	0.0175608
986	2	0.979431	0.0225449	0.0187719
987	1	0.979781	0.0508617	0.0704745
988	2	0.981575	0.0212505	0.0809252
989	1	0.983195	-0.0315889	0.100482
990	2	0.985083	0.0594176	0.00583784
991	1	0.987406	-0.0135214	0.0382869
992	2	0.988169	0.0775828	0.0176628
993	0	0.988988	0.00897779	0.0905371
994	0	0.989503	0.0592122	0.03114
995	0	0.992673	0.00440091	0.0990618
996	0	0.992791	-0.02198	0.0257147
997	0	0.996761	-0.0674036	0.0472796
998	1	0.997542	-0.0808168	0.0925357
999	0	0.998587	-0.0848029	0.095498
6	523	0.0537308
7	420	-0.0319611
10	726	0.0121636
15	566	-0.0227818
15	360	0.0261461
18	756	0.0220048
31	801	0.0326158
31	62	-0.0252729
35	873	-0.0493474
35	184	0.0289219
35	715	0.00759134
35	977	-0.044969
39	518	0.0465093
39	81	0.0383792
39	959	-0.0268127
39	798	0.0111553
39	307	0.0391365
39	116	0.0430719
39	705	0.0373116
39	103	0.0207197
39	350	0.0286251
39	647	0.0308241
39	473	-0.0166488
39	508	-0.0310136
39	691	0.0213077
39	885	-0.0527394
39	438	-0.02001
39	619	-0.0148616
43	370	-0.0346761
43	930	-0.0266207
43	400	0.046506
43	31	0.0637589
43	348	0.0444221
43	673	0.0311537
43	257	-0.0936966
43	79	0.0576569
43	811	-0.0228102
43	158	-0.0626035
43	775	0.0276711
49	614	-0.0193889
49	359	0.0168252
49	380	-0.0264227
49	878	0.0382482
49	897	-0.0558234
49	597	0.00965465
55	237	-0.0515269
55	558	-0.0292602
55	57	0.0278112
56	64	-0.0230759
56	893	0.0261347
58	897	0.0139456
58	862	0.0408416
58	237	0.00894633
58	993	-0.0263956
60	794	-0.046124
60	697	0.030532
64	820	-0.0151899
73	978	0.0209287
76	392	-0.0284961
76	566	0.023286
76	443	0.0412328
76	71	0.0157753
76	852	0.0421523
79	794	0.0435648
81	308	-0.021055
81	733	0.0212216
81	307	-0.0296652
81	116	-0.0278346
81	914	-0.0342122
84	440	0.0611592
84	432	-0.0376914
84	127	-0.0422966
89	36	-0.032587
89	719	-0.0267375
89	795	-0.00967684
89	54	-0.0332833
90	659	0.0294294
90	890	0.0473373
91	55	-0.0240217
91	501	-0.0297307
91	813	-0.0467829
91	554	-0.0302521
91	273	0.0338149
91	519	0.0817033
91	680	0.0459276
91	363	0.0496448
97	555	0.0243093
97	632	-0.0565351
97	559	-0.0585703
97	688	-0.0347467
100	379	-0.0549632
101	1	0.0625115
103	313	0.0183462
106	327	-0.0128773
106	670	0.0278284
110	150	-0.0125003
110	443	0.0246273
111	498	-0.0179353
115	56	-0.0156706
115	181	0.0203075
116	237	0.0237447
116	890	0.0443785
119	818	0.0277426
119	468	-0.0280521
124	233	0.0394967
126	285	-0.0344766
126	971	0.0266135
126	993	0.0103426
128	847	-0.0289417
128	957	0.0506997
128	634	-0.027105
128	293	-0.0233761
128	654	-0.0467289
131	562	0.021917
131	836	0.0377748
131	544	0.0265278
131	116	0.0419677
131	501	-0.0258846
131	443	-0.0367237
131	304	-0.0471433
131	546	0.0517919
131	602	-0.0172199
131	861	-0.0155607
131	888	-0.0270235
131	564	-0.0069364
135	455	0.0156809
135	70	0.0278692
137	842	-0.118189
137	776	-0.0450563
137	7	-0.074332
140	370	0.051302
140	231	0.0530558
140	137	-0.029033
140	31	-0.0861312
140	437	-0.0324694
140	143	-0.0850727
140	695	0.059193
140	892	0.072466
140	712	-0.0457584
140	60	0.054036
140	957	-0.0189077
140	490	-0.0537205
140	158	0.049192
140	615	-0.0310431
140	521	0.0653902
143	865	0.0200928
143	673	0.0390972
143	794	-0.0663712
143	158	-0.0272085
143	711	-0.0236433
144	528	0.0106031
144	849	0.03022
144	401	0.0373494
144	967	0.0377434
144	993	0.0318453
144	746	0.0239759
144	559	0.00762751
147	18	-0.0327902
148	229	0.0224874
148	26	0.0239828
148	833	-0.0311444
148	650	-0.0171243
150	276	-0.0290475
154	398	0.0107443
154	15	-0.0249953
154	607	0.0129724
154	511	0.0389271
178	950	-0.0162791
178	116	-0.0183974
178	985	-0.0336004
178	804	0.0134162
178	645	-0.0332259
178	276	0.0277963
178	124	0.0449547
178	581	-0.0128221
178	694	-0.035032
186	641	0.0311162
186	254	-0.0202024
186	535	0.023688
186	90	0.0335434
186	854	-0.0216513
186	379	0.0663897
186	121	0.0235722
186	956	0.0223023
187	695	-0.022901
187	53	0.0338024
187	286	0.0202972
189	598	-0.0485437
190	906	-0.0444531
190	494	0.0347757
190	154	-0.0135619
190	443	-0.0207406
190	239	0.037619
190	8	-0.0213485
191	630	-0.0137214
192	705	-0.0466849
192	64	-0.0186833
192	980	-0.0356729
192	236	0.017322
194	133	-0.0145282
195	119	-0.0235375
195	563	-0.0422768
195	38	-0.0306081
203	429	0.0351922
203	987	0.0388744
203	271	-0.0191571
203	827	-0.0638552
203	712	0.100856
203	101	0.0208459
203	302	0.0347317
203	483	0.0312119
213	231	-0.018584
213	848	-0.0449687
213	778	0.0455781
213	323	-0.0604505
213	35	0.0518889
213	73	-0.0276314
213	935	0.0441984
213	774	-0.045843
218	634	0.0361974
221	277	-0.0357615
222	518	0.0291519
222	434	0.0256199
222	397	-0.0468648
222	471	-0.0216949
222	91	0.0252209
222	959	-0.0316005
222	359	0.0202055
222	392	-0.0176758
222	195	0.0206396
222	897	-0.0114561
222	111	0.0222062
222	647	-0.0295534
222	36	0.0164898
222	26	0.0389403
222	587	-0.030213
222	301	0.0194761
231	656	-0.0274069
231	826	0.0256121
231	529	-0.0702448
231	678	0.0254746
231	875	0.0423877
235	126	-0.0232955
235	845	0.0156432
235	813	-0.0328753
235	926	0.022577
235	138	-0.0204177
239	316	-0.0137925
250	441	-0.0373211
250	39	0.0154701
250	643	-0.00579915
250	721	-0.0394013
250	190	-0.022229
250	494	0.035929
250	959	0.0314361
250	144	0.0227392
250	76	-0.0440721
250	908	0.0226383
250	858	-0.0355492
250	804	0.0236051
250	566	0.0240469
250	897	0.0129508
250	56	0.00726541
250	10	-0.0176666
250	239	0.0151504
250	742	0.0233186
250	40	-0.040277
250	379	-0.017303
250	583	-0.0229417
250	418	-0.00705251
250	799	-0.0118837
250	623	0.0279085
250	223	0.0457293
250	737	0.0249841
254	691	-0.0252693
254	394	-0.0164506
255	660	0.0243374
257	944	0.0690668
258	438	0.0449482
264	388	-0.0423332
267	979	-0.110521
267	231	0.0114468
267	848	-0.0365033
267	137	0.028218
267	987	0.0500079
267	143	0.0273515
267	348	0.0221667
267	892	0.0447286
267	943	-0.0393591
267	776	0.0701481
267	6	0.0445077
267	129	-0.0246559
267	642	-0.0446806
267	242	0.0493349
267	246	0.0350976
267	678	0.0242856
267	589	-0.0313352
268	190	-0.0137113
268	950	-0.0306107
268	704	0.0145346
268	907	0.0278338
268	908	-0.0505023
268	106	0.0247803
268	985	0.0112726
268	401	-0.0320448
268	967	-0.0305569
268	841	0.030266
268	462	-0.0395512
268	88	-0.0233796
268	278	-0.0238386
271	759	-0.0218444
271	37	-0.0634605
271	657	-0.0440461
272	119	0.033155
272	647	-0.0216897
272	258	0.0207096
272	295	0.017843
274	731	-0.0328084
274	181	-0.0258882
274	581	0.0275999
276	511	0.0203981
276	42	0.0402938
279	663	0.0177083
279	661	0.0106125
282	966	0.0163877
282	793	-0.0175019
282	915	0.0410581
284	611	-0.0256758
284	654	-0.0329703
284	242	0.0419689
284	296	0.0205934
285	119	-0.0251946
285	229	-0.0253385
285	996	-0.0483422
286	221	-0.0188798
286	293	-0.0341812
297	927	-0.0209315
299	147	-0.0225931
299	27	-0.0351137
299	723	0.0197779
302	642	0.0155074
304	818	0.0188807
304	754	-0.0143764
307	897	0.035112
307	199	-0.0200312
307	782	0.0187596
308	235	-0.0521059
308	967	-0.0155613
308	179	0.0259834
308	597	-0.0224481
313	566	-0.0533895
313	476	0.0510094
313	61	0.0229294
327	632	-0.0214482
332	953	-0.0484517
333	998	-0.0293131
333	37	0.0560934
337	267	-0.02037
337	621	-0.0233994
337	370	0.0490282
337	376	-0.0347683
337	532	-0.0328949
337	779	0.0262757
337	979	-0.0260555
337	400	-0.0212685
337	31	-0.0349401
337	271	-0.0184702
337	827	0.0580736
337	646	-0.0154376
337	892	-0.0406157
337	807	-0.0348947
337	712	0.0345355
337	580	0.0166889
337	865	0.0796907
337	702	-0.0286812
337	257	0.0321619
337	101	0.0159042
337	944	-0.0382234
337	510	0.0293789
337	412	0.039896
337	775	0.026573
337	634	-0.0524767
337	277	-0.0444407
337	642	0.0551279
337	173	0.124217
337	935	-0.0548979
337	741	-0.0564971
337	830	0.0556704
337	537	-0.0175423
337	345	0.0243866
337	94	0.0414638
339	501	-0.0397034
339	849	-0.0513815
339	909	-0.0199478
339	549	-0.0338891
339	793	-0.0192033
339	48	-0.0445977
342	194	-0.0299095
343	858	-0.0165037
343	380	-0.0160757
343	313	0.0306142
343	189	-0.0396421
343	608	-0.0481463
348	646	0.0424427
348	84	-0.0812718
348	697	0.0473177
350	179	0.018594
350	980	0.0485388
350	88	0.02334
359	975	0.032302
359	636	-0.0383825
361	351	-0.0196712
361	70	-0.0579117
367	623	-0.0443816
370	284	-0.0524907
370	672	0.0332491
370	807	-0.052447
370	865	0.0474778
370	332	0.0536698
370	173	0.0389082
372	106	-0.0403346
372	549	0.0496671
372	780	0.0416408
372	659	0.0386296
372	107	0.0320649
372	636	0.0328072
372	883	0.0145466
373	463	-0.0354819
373	709	0.0829112
373	621	-0.0309623
373	456	0.0505534
373	962	0.0547327
373	43	-0.0123392
373	370	-0.0435942
373	779	-0.0595135
373	666	-0.0295869
373	848	-0.0539011
373	137	0.0342892
373	374	-0.0184654
373	543	0.020979
373	271	0.0520016
373	743	-0.0725405
373	53	-0.0169132
373	425	0.0222421
373	842	-0.0577083
373	918	-0.0329523
373	685	0.0521127
373	765	-0.0421576
373	943	-0.0435978
373	84	-0.0590009
373	886	0.0297678
373	520	0.0365425
373	920	0.0610329
373	510	0.0372327
373	60	0.0451132
373	523	0.0530356
373	129	-0.0346918
373	933	-0.0422767
373	991	0.0376229
373	707	-0.0378765
374	187	0.0521497
374	323	0.0142432
374	147	-0.0214872
374	785	-0.06813
376	987	0.0180037
376	187	0.0411707
376	556	0.0227494
376	768	-0.0330541
376	702	-0.049598
376	826	0.0403558
376	615	0.0591855
376	749	0.0291283
380	15	0.0226745
380	971	-0.00982469
392	282	-0.0217342
392	607	-0.0144556
392	746	-0.027809
392	13	-0.0424985
392	321	0.0209084
397	959	-0.0294531
397	150	0.0221431
397	443	0.0265835
397	995	-0.0239782
397	100	0.0247595
397	583	0.0119272
397	788	0.0399522
398	497	-0.0232335
398	349	0.0240784
398	96	-0.0156952
400	656	0.0414486
400	882	-0.0245392
400	811	0.0717917
400	420	-0.0345179
401	742	-0.0283128
403	328	-0.0485714
412	514	-0.0546625
425	768	0.0279874
425	7	-0.0562358
425	711	0.0220133
425	591	0.0397941
428	582	-0.0244584
428	635	-0.0330637
428	449	0.0301459
428	512	-0.0159541
428	491	-0.0532784
428	250	0.0241695
428	683	0.0281151
428	997	0.0200621
428	569	0.0297873
428	131	0.0391271
428	773	0.00642207
428	748	0.0223424
428	851	0.0218479
428	675	-0.01795
428	704	0.0305447
428	562	-0.0137227
428	805	-0.0215544
428	492	0.0228903
428	110	0.035781
428	836	-0.0599745
428	665	0.0289383
428	481	-0.00921346
428	798	0.00451823
428	55	-0.0168878
428	871	0.026271
428	501	0.0166894
428	849	0.0347954
428	285	0.0246182
428	878	-0.019089
428	15	-0.0341549
428	566	-0.0208832
428	56	0.018905
428	264	-0.0161499
428	477	0.0799926
428	761	-0.0267778
428	574	-0.0339782
428	658	-0.0221021
428	497	0.0425026
428	476	0.0680179
428	854	0.0622899
428	40	-0.0211152
428	772	-0.0449129
428	995	-0.0143563
428	384	-0.0372973
428	26	-0.0467041
428	780	0.0706383
428	349	0.032967
428	879	-0.0320227
428	583	-0.0289177
428	996	-0.0258501
428	856	-0.0656799
428	915	-0.0352575
428	893	0.0206759
428	975	-0.0412615
428	973	0.0227199
428	718	-0.0215206
428	75	-0.0395309
428	506	-0.0464652
428	806	0.0260738
429	987	0.0419148
429	374	-0.0295903
429	35	0.00877191
429	286	-0.0335217
429	611	0.0212833
429	404	0.0248078
434	359	0.0269407
434	272	0.0312022
434	696	-0.0297892
434	616	-0.0193079
434	8	-0.0180147
434	587	0.024588
434	368	0.0564412
434	663	-0.0145759
434	680	-0.0197426
434	402	0.0219099
437	778	0.0224481
437	941	0.0448377
440	73	-0.026348
440	248	-0.031106
441	916	-0.0433658
441	397	0.0122911
441	190	-0.0221589
441	91	-0.00493023
441	959	0.0298761
441	110	-0.0322517
441	154	-0.015966
441	653	0.0169513
441	192	-0.0370396
441	878	-0.0444758
441	845	0.0264469
441	645	0.0283384
441	701	0.0194298
441	862	-0.0248609
441	616	0.00917486
441	388	0.0253625
441	124	-0.0297852
441	968	0.0222076
441	71	-0.0146945
441	799	0.0200654
441	833	-0.0652161
441	30	-0.0206821
441	331	0.038433
441	787	0.0307032
441	360	-0.0165028
449	683	0.0330654
449	638	0.025691
449	895	-0.0188506
449	997	0.0474327
449	748	0.0358024
449	643	-0.025392
449	397	0.0294025
449	851	0.0210233
449	190	0.0327887
449	110	0.0131537
449	254	0.0222895
449	963	0.0145245
449	307	-0.0336935
449	116	0.0211828
449	539	-0.026863
449	401	-0.0134997
449	894	-0.0447256
449	97	0.0244582
449	350	-0.0121147
449	804	0.0399554
449	701	0.0524384
449	887	-0.0364503
449	90	-0.0590866
449	239	-0.0316719
449	862	0.0259882
449	497	-0.0243185
449	297	0.0352033
449	726	-0.0531013
449	258	-0.0111935
449	632	-0.0337364
449	330	-0.0323309
449	160	-0.0261267
449	856	-0.0286575
449	105	-0.0638962
449	817	0.0280732
449	584	-0.022848
449	67	0.0345411
455	255	-0.0324606
456	779	-0.0245609
456	672	-0.0434179
456	556	0.0158673
456	590	0.0430265
456	918	0.0404243
456	605	0.0436499
456	776	0.0416504
456	944	-0.0611146
456	510	0.0266496
456	811	-0.032952
456	504	0.034629
456	615	-0.0246775
456	517	-0.0225107
456	127	-0.051237
460	68	0.0370645
463	709	-0.0819034
463	456	-0.0302948
463	43	-0.041964
463	376	-0.0567982
463	213	0.0208819
463	666	-0.0455664
463	284	-0.0506381
463	429	-0.0346966
463	724	0.0184691
463	400	0.0342241
463	137	0.0571134
463	987	-0.0641235
463	923	0.0226403
463	695	0.0244114
463	778	-0.0379936
463	53	-0.0650882
463	590	0.0287711
463	886	-0.0479118
463	847	-0.0341684
463	520	0.0243715
463	101	0.0211672
463	989	-0.0450776
463	18	0.0492794
463	978	0.00830479
463	711	-0.0169429
463	933	-0.0376871
463	37	0.0523537
463	248	0.0344247
463	159	0.0661737
466	255	-0.0535692
466	533	-0.0197912
468	795	-0.0263438
468	689	0.0385325
471	959	-0.04482
471	308	0.0241742
471	963	-0.0420447
471	398	0.0130957
471	160	-0.0265989
471	403	0.0213803
471	965	-0.0209696
473	171	0.0265636
476	396	-0.0230358
477	193	0.0163952
481	533	-0.0116986
481	394	-0.0388164
481	754	0.0281144
481	228	-0.029898
482	473	-0.00665743
482	316	-0.0456436
482	177	0.021032
491	222	-0.0245752
491	997	-0.03216
491	268	0.0338528
491	434	-0.023388
491	643	-0.0179735
491	81	-0.0159021
491	906	-0.0410232
491	308	0.0155932
491	186	0.0428668
491	372	0.0492437
491	836	0.0246934
491	614	0.0221306
491	535	0.0432431
491	871	0.0445874
491	985	0.0349342
491	984	-0.0197448
491	894	-0.028228
491	10	-0.0283968
491	279	-0.0286798
491	36	0.0202335
491	508	0.0564496
491	726	-0.0378017
491	558	-0.0219537
491	361	0.0175451
491	780	0.0294676
491	817	-0.0221098
491	196	0.0327182
492	285	0.0220737
492	155	-0.0344584
492	558	-0.0201789
492	841	0.0326315
492	386	0.0443086
492	889	0.0566054
492	700	-0.0566083
494	343	0.0200999
494	858	-0.0283019
494	285	-0.0448595
494	884	0.0471781
494	191	0.0402349
494	301	-0.0492172
494	353	-0.0218922
497	368	-0.0470446
499	686	-0.0116521
499	999	0.0328541
499	947	0.0410173
501	804	0.0354222
501	228	0.0147055
510	504	-0.0295086
511	542	-0.0250028
512	250	-0.0272797
512	916	-0.0427519
512	222	0.0502598
512	997	0.0475561
512	942	-0.035448
512	131	0.0277079
512	748	-0.0196477
512	643	-0.0327904
512	721	-0.0242823
512	190	-0.0229488
512	471	-0.0262566
512	524	0.0325054
512	614	0.0239218
512	126	-0.0186124
512	921	0.0407842
512	985	-0.0296318
512	150	-0.0454956
512	804	0.0239078
512	327	-0.016852
512	36	0.0358724
512	473	0.0212639
512	726	-0.0368689
512	546	-0.0116674
512	995	-0.0194795
512	706	0.0203612
512	746	0.0470407
512	750	-0.0387077
512	929	0.0256016
512	5	0.0239108
514	970	-0.0197736
517	122	-0.0321045
518	397	-0.0432898
518	178	-0.0208309
518	81	0.0242329
518	103	0.0392284
518	560	0.0264294
518	155	0.046707
518	396	-0.0113319
518	750	0.0269012
523	941	0.0450474
524	254	0.0156659
524	921	-0.0428978
524	887	-0.0297837
524	854	0.0144586
524	926	-0.0179198
524	292	-0.026319
524	861	0.0282495
524	484	-0.0304452
526	384	0.0187936
526	426	0.0386439
528	539	0.0145152
528	103	0.0424322
528	566	-0.0429993
528	135	0.0257028
532	348	0.0281996
532	695	0.0347026
532	702	-0.0554684
532	440	0.052936
532	6	-0.0302813
532	452	-0.0202715
532	218	-0.0339965
532	785	-0.0733574
532	490	-0.106584
535	192	-0.031554
535	526	0.0335115
535	701	-0.0533202
535	40	0.0377685
535	546	-0.0436026
539	894	0.0301063
539	59	-0.0211503
539	739	-0.0190259
543	187	0.0851313
543	53	-0.0328077
543	732	-0.0578545
543	529	0.0461854
543	246	0.0639719
543	182	-0.0167382
544	528	-0.0317701
544	119	0.033638
544	546	-0.00735246
544	418	0.0237287
544	42	0.0446908
547	337	0.0333468
547	373	-0.0237051
547	463	-0.0411553
547	709	0.0257036
547	267	-0.0296751
547	621	0.0170983
547	962	0.0666393
547	370	-0.0390294
547	376	-0.028209
547	779	0.033271
547	979	-0.0364957
547	284	0.0599976
547	203	0.0379245
547	429	-0.0439054
547	400	0.105182
547	128	0.0416331
547	31	-0.0148268
547	923	0.0419606
547	53	0.0302789
547	672	-0.0568058
547	842	-0.0538161
547	556	0.0758832
547	580	-0.0429568
547	732	0.0422156
547	847	-0.0279679
547	452	0.0499358
547	611	0.0555433
547	920	-0.0675219
547	610	0.0663539
547	933	-0.014599
547	970	-0.0493744
547	953	0.0509045
547	162	0.0240718
547	723	0.0421896
547	212	0.0771294
549	121	-0.0365301
554	924	-0.0354402
555	462	0.0381682
556	432	-0.0212911
556	749	-0.0514028
556	671	-0.0439663
560	295	-0.0153203
562	106	0.0465644
562	871	-0.0503853
562	701	0.0442255
562	574	-0.0268384
562	696	0.0163422
562	752	0.0393082
569	942	0.0511457
569	840	0.038863
569	668	-0.0135079
569	103	-0.00921735
569	477	-0.0520194
569	135	-0.0199715
569	658	0.0206958
569	508	-0.0254817
569	351	0.0250821
569	54	-0.0598011
569	48	-0.0149606
569	433	-0.0273122
569	599	-0.0265518
576	570	-0.0375285
580	656	0.027628
580	573	0.00897535
582	635	0.0286981
582	449	0.0490234
582	512	-0.0516847
582	491	-0.0214382
582	250	-0.0540957
582	39	0.00405019
582	997	-0.00975401
582	569	0.061601
582	942	-0.0429786
582	268	-0.0206943
582	668	0.0228651
582	397	-0.0354316
582	308	0.0299678
582	110	-0.0157242
582	816	-0.0365178
582	254	0.0147997
582	665	0.0302487
582	963	-0.0240264
582	544	0.0359491
582	154	-0.0328343
582	115	-0.0413151
582	653	0.02961
582	307	0.0115276
582	398	-0.0172022
582	878	0.0189667
582	97	-0.0279469
582	971	-0.0189798
582	884	0.0242485
582	731	-0.0134022
582	10	-0.0389484
582	327	0.0283572
582	903	-0.023817
582	602	-0.00853598
582	54	-0.0188254
582	820	0.0171736
582	330	-0.0391278
582	199	0.0417783
582	917	0.0226689
582	30	-0.0279961
582	13	0.0178013
582	626	0.0277916
582	782	-0.0253894
582	447	0.0388733
582	464	-0.0442179
582	47	0.0178292
582	454	0.0317686
582	347	0.0273751
590	685	0.0728019
590	207	-0.0375175
594	181	-0.025802
594	973	-0.0242407
602	626	0.0115214
605	79	0.020554
605	989	0.038246
605	162	0.0323853
607	761	0.0260469
607	555	-0.023767
607	498	0.0660337
614	499	0.0364729
614	917	-0.0377388
616	331	0.0421701
621	532	-0.0457496
621	213	-0.0546006
621	930	-0.021887
621	137	0.084089
621	31	0.0295034
621	374	0.0478549
621	437	0.0256307
621	425	0.0862234
621	807	-0.025978
621	702	0.031821
621	657	-0.0441247
621	830	-0.0296034
621	729	-0.0243224
635	449	-0.0392978
635	512	-0.0191292
635	491	-0.0241827
635	683	0.0282006
635	441	-0.0271098
635	638	0.0240922
635	569	-0.0206752
635	268	0.0195623
635	131	0.0178824
635	518	0.0513339
635	668	-0.0246402
635	434	-0.039088
635	81	-0.029283
635	91	-0.0410357
635	675	0.0188855
635	704	-0.0387568
635	254	0.00541855
635	544	0.025836
635	126	-0.0245161
635	115	0.0243879
635	908	-0.0434613
635	55	0.0313608
635	501	0.0277538
635	705	-0.0390152
635	58	0.0283534
635	967	0.0170569
635	111	0.0140143
635	264	0.034352
635	477	-0.0355099
635	903	-0.00599067
635	696	-0.0180934
635	124	-0.0454657
635	384	0.0235035
635	594	0.02114
635	945	0.0280298
635	498	0.0441753
635	189	0.0202173
635	999	0.0292157
635	659	-0.0353595
635	947	0.0370393
635	503	-0.0200702
635	739	0.0188868
635	905	0.0192402
638	916	-0.0136164
638	222	-0.0292184
638	748	0.0276897
638	178	0.0184115
638	49	0.0482931
638	614	-0.0195166
638	481	0.0530765
638	76	-0.0367325
638	798	-0.0387367
638	985	0.023936
638	380	-0.0241911
638	526	-0.0436209
638	282	0.0161372
638	443	0.0284961
638	813	0.0152924
638	701	0.0360876
638	279	-0.0413991
638	574	-0.0229533
638	945	0.0217459
638	330	-0.0208166
638	160	-0.0201838
638	44	0.0257764
641	110	0.028622
641	254	-0.0197434
641	907	-0.0330929
641	150	-0.0264768
641	560	-0.0275057
641	482	-0.0418469
643	805	-0.0342632
643	665	0.0154004
643	264	-0.0318062
643	903	0.0347357
643	549	0.0445064
643	361	-0.0301272
643	191	-0.0202093
643	300	-0.0331341
643	612	-0.0320854
645	761	-0.0567685
645	574	-0.0116684
646	332	0.015065
646	826	-0.0253621
647	555	-0.0319286
653	984	-0.0170296
653	274	0.0233575
653	36	-0.0165277
653	660	-0.0351802
653	83	-0.035285
656	943	-0.0343193
656	609	-0.0520278
658	687	-0.0143455
665	614	0.0369687
665	871	0.0121925
665	155	-0.03047
665	388	0.0355383
666	284	0.0417536
666	930	0.0333253
666	437	-0.0539808
666	323	0.0240653
666	218	-0.035985
666	412	0.0495533
666	873	0.0404745
666	460	0.0544067
666	159	-0.0357555
668	641	-0.0200064
668	984	-0.0214148
668	499	-0.0166817
668	696	-0.0367114
668	351	0.0233146
668	258	-0.0109563
668	455	0.0191513
668	96	0.0225968
668	69	-0.0231343
672	79	0.046321
673	957	0.0266755
673	703	-0.0410276
675	849	0.0491
675	645	-0.0397387
675	367	0.0182059
675	388	0.0375715
675	519	0.0393985
675	563	0.0458143
675	168	-0.0360339
675	215	-0.0178604
683	916	-0.052732
683	39	0.0488671
683	518	0.0347338
683	721	-0.0369639
683	851	-0.03012
683	81	0.0130104
683	950	-0.0257255
683	641	0.0351971
683	805	-0.00966036
683	492	0.0438744
683	798	-0.0106233
683	126	-0.0275856
683	904	-0.0142936
683	103	0.0375853
683	89	0.0309913
683	742	0.0243078
683	689	0.0228702
683	945	0.022197
683	686	0.0464393
683	418	0.0401764
683	457	-0.0139947
683	503	0.0451039
683	427	0.0507747
683	328	-0.0329728
685	591	0.0417032
686	752	-0.0256541
691	689	0.0291098
691	8	0.0165433
695	873	-0.0357812
704	110	0.014256
704	115	-0.0283121
704	106	0.0664574
704	539	-0.0197865
704	195	0.0238035
704	887	-0.0139135
704	179	0.0150514
705	818	-0.0367792
706	70	0.0109144
706	138	-0.0163131
709	140	0.0350636
709	962	-0.0193705
709	769	0.014208
709	231	-0.043668
709	284	0.0408091
709	778	-0.034988
709	646	0.0551698
709	672	0.0533256
709	807	-0.0272117
709	299	-0.0568395
709	732	-0.0492795
709	882	-0.0600407
709	452	-0.052146
709	333	0.0653063
709	610	-0.0379575
709	18	0.0587215
709	73	-0.0472139
709	302	0.0173556
709	570	-0.0235118
709	521	-0.0406247
709	182	-0.024758
709	756	0.0430396
709	175	0.0299558
721	959	0.042093
721	308	-0.0397685
721	359	0.0252329
721	339	0.0161376
721	798	0.0264909
721	921	-0.0347054
721	904	0.0241233
721	554	0.0609811
724	712	-0.0603328
724	520	-0.0336686
724	257	-0.0336537
724	989	-0.0158935
724	811	0.033286
724	184	-0.0901927
724	27	0.0694449
724	1	-0.0351163
731	551	0.0240572
732	218	0.0351951
732	977	0.0598931
733	150	-0.0186407
733	705	0.0188668
733	761	0.0161402
733	90	0.0261414
733	594	0.0229999
733	300	0.0290955
743	646	0.0371504
743	53	0.0553904
743	590	0.0177242
743	323	-0.0209574
743	768	0.0699348
743	393	-0.0279079
748	721	-0.0129305
748	562	0.032588
748	235	-0.0388908
748	359	-0.0521505
748	907	-0.00961591
748	645	-0.0420436
748	279	-0.04099
748	295	0.0438366
748	533	0.0512327
748	433	0.0320354
748	889	0.0595704
759	483	-0.0414284
761	304	-0.0295953
762	271	-0.0211244
762	827	0.0407483
762	437	-0.0518529
762	695	0.0367837
762	775	0.077902
762	715	-0.0347556
762	553	-0.0392339
765	785	0.0425157
765	703	0.0175724
765	741	0.0617778
765	991	0.0284319
768	776	-0.0530244
768	520	0.0239848
769	376	0.0242952
769	779	0.0200222
769	930	0.0251348
769	987	0.0220895
769	923	-0.018507
769	827	-0.0577012
769	695	0.0675371
769	323	0.0358363
769	299	0.0514229
769	7	-0.0389778
769	184	-0.0412529
769	517	-0.0316542
773	518	0.0160857
773	397	-0.00912207
773	178	-0.03803
773	471	0.0336542
773	494	0.0151112
773	110	0.0195626
773	380	-0.0157018
773	401	0.0180398
773	148	0.0203819
773	706	-0.0568931
773	295	-0.0239931
773	755	0.0272628
773	366	-0.0380183
776	432	0.0221956
778	892	-0.0311248
779	348	0.0357964
779	646	0.0323844
779	342	-0.0386223
779	122	0.0408121
779	211	0.0535157
780	105	-0.0208083
785	576	0.0481212
788	363	-0.00683217
793	108	0.0371677
795	447	0.0186922
795	123	-0.0195199
798	349	-0.0267413
798	168	-0.0188287
798	718	-0.0254706
805	481	-0.0399417
805	106	0.0203781
805	343	0.0179939
805	135	0.0388792
805	581	-0.0103523
805	860	-0.0243498
807	299	0.042274
807	504	0.0507394
813	379	-0.0340234
816	539	-0.0268421
816	909	-0.0454544
816	508	-0.0340008
816	945	-0.0174244
816	273	0.0366446
816	994	0.0325102
816	810	-0.0142369
818	995	0.0239325
818	71	-0.0399078
827	187	0.0196797
827	147	0.0328339
827	610	0.0266156
836	235	-0.0106517
836	339	0.0263646
836	229	-0.0250409
836	48	0.0506619
836	316	0.0430756
840	392	0.0110382
840	55	0.0416005
840	58	0.0451482
840	477	0.0633357
840	10	0.0558687
840	558	-0.0271057
840	229	-0.0456467
840	100	0.0362012
840	841	0.0265495
840	669	-0.0570931
842	794	-0.0515066
842	998	0.0480604
845	731	0.0342179
845	155	0.0330029
845	367	-0.0256746
845	297	0.0512694
847	882	-0.0778639
848	762	0.0490173
848	712	0.0382826
848	685	0.0299839
848	286	0.0311155
848	605	0.0242964
848	673	-0.04774
849	689	-0.00997615
849	885	-0.0348902
851	49	0.0234582
851	528	-0.0371893
851	192	0.0306222
851	894	0.0285459
851	560	0.0274153
851	914	0.0451442
851	866	-0.0361687
851	853	-0.0384371
851	354	0.0162117
852	427	-0.0245321
854	415	0.0281814
858	401	0.014146
858	121	0.0291162
858	670	0.023589
862	966	0.0211723
865	277	-0.0921418
866	924	0.0258233
871	8	-0.029088
871	386	0.0494678
878	887	0.0313718
878	752	0.0305542
882	523	0.0496088
884	40	-0.0512808
884	914	-0.0274561
886	452	-0.0730076
886	87	-0.0510513
887	457	-0.0354419
892	611	-0.0311617
892	514	0.0795573
894	327	0.0269492
894	592	0.0216976
895	39	-0.0300179
895	773	-0.0275771
895	840	0.0393856
895	668	-0.0239101
895	733	-0.0256427
895	76	0.0393235
895	921	-0.0419604
895	849	0.0288754
895	526	0.0281158
895	313	-0.0359914
895	350	0.0193962
895	111	-0.0237191
895	482	0.0332709
895	367	0.0330254
895	966	-0.0193175
895	772	-0.0374192
895	26	-0.0300231
895	879	0.0347637
895	233	-0.0250402
895	439	-0.0235501
903	107	-0.0431476
904	466	-0.0365436
904	897	0.0446617
904	111	-0.0192968
904	820	0.0231314
904	38	-0.0410005
906	950	-0.0214268
906	359	-0.00989794
906	908	0.0245904
906	921	-0.0342973
906	466	0.0343415
906	926	0.0436616
906	554	-0.0359442
906	587	0.0251026
907	528	0.0187316
907	804	-0.0481234
907	264	-0.0318198
907	980	0.0258
907	983	0.0354603
908	871	-0.0251032
908	59	-0.018706
908	102	-0.0266542
909	971	0.0140546
909	719	0.0205162
909	273	-0.011843
909	431	0.0437833
916	81	0.0250888
916	906	-0.0303226
916	372	0.0380512
916	665	0.0296036
916	614	0.0280121
916	535	0.0327523
916	282	0.0398778
916	731	-0.0147131
916	560	-0.0279283
916	658	-0.0210826
916	719	-0.0331816
916	772	-0.0384341
916	368	0.0273899
916	968	-0.0500437
916	927	0.0414127
916	395	-0.0452508
916	648	0.005878
918	685	-0.0256119
918	943	-0.0320869
918	6	0.012121
920	610	0.0425246
921	272	0.0467338
923	672	0.0516727
923	842	0.0239458
923	490	-0.0358187
923	759	0.0368371
923	703	-0.0450489
926	663	0.0197326
930	128	0.0235495
930	31	0.0366921
930	778	-0.0348241
930	323	0.0231246
930	702	-0.0408232
930	129	-0.0339508
942	840	-0.0549046
942	858	0.0204922
942	195	-0.0170417
942	526	0.0216291
942	466	-0.0286717
942	884	0.0286466
942	647	-0.0208547
942	742	-0.0303581
942	476	0.0199452
942	468	0.0211266
942	598	0.0269607
942	292	0.0328389
942	338	-0.029856
943	440	-0.0236519
950	115	-0.0221578
950	499	-0.0173328
950	466	-0.0168515
950	304	0.0140783
950	966	-0.0356229
950	237	0.0381687
950	542	-0.0187009
959	126	0.0742698
959	274	0.0221048
959	199	0.0103346
962	370	-0.0079213
962	779	0.0655849
962	284	-0.00727167
962	128	-0.0590537
962	778	0.079913
962	865	0.033602
962	333	0.0555587
962	576	0.0460005
962	697	-0.0423633
962	152	0.0450739
962	631	-0.021647
962	288	0.0414249
963	115	-0.0237259
963	607	-0.0425801
963	616	-0.0333961
963	384	0.0366721
963	138	0.0316438
971	772	0.0202361
971	968	0.0543169
978	435	0.0296608
979	213	-0.0678565
979	231	0.0471149
979	374	-0.0337145
979	437	0.0343156
979	590	0.0439671
979	920	0.0210802
979	432	-0.0243827
979	68	-0.0350459
984	967	-0.0289006
984	351	0.0161521
984	787	-0.0283431
984	265	-0.0146763
985	967	-0.0114558
985	57	-0.0220261
987	580	-0.0464898
987	944	0.0451338
989	221	0.0435773
993	879	0.0227457
997	721	0.0243928
997	471	0.0116944
997	144	0.0426044
997	481	0.0208494
997	921	0.0223465
997	705	0.043747
997	15	-0.0232089
997	813	-0.0165833
997	719	0.0358864
997	297	-0.0238982
997	100	-0.0160448
997	519	0.0529173
998	970	-0.0936432
999	83	0.0252289
