400
200
400
1000
500
3
0.333333	0.666667	
0	1	0.000883274	-0.0501855	0.0381774
1	0	0.00224049	0.0951284	0.0112341
2	0	0.005134	-0.0541568	0.0678193
3	2	0.00601673	-0.078204	0.000337319
4	2	0.00692803	0.0129896	0.0768604
5	1	0.00826456	-0.114557	0.0600764
6	0	0.00890736	-0.0596333	0.00607938
7	2	0.00975442	0.00862739	0.0681491
8	1	0.012216	-0.0131359	0.0758892
9	0	0.0129815	0.0687058	0.00222182
10	2	0.0152584	-0.0541292	0.0285573
11	2	0.0156687	0.0604585	0.00049557
12	0	0.0165134	-0.031141	0.00271506
13	2	0.0177465	0.0387171	0.047393
14	0	0.0185833	-0.0578043	0.0961455
15	0	0.0191568	0.0435819	0.00826757
16	0	0.0234676	-0.11063	0.071421
17	1	0.0235616	0.0605879	0.0117241
18	1	0.0242227	0.0519925	0.0122261
19	1	0.0243856	-0.0256663	0.0386768
20	2	0.0255462	-0.13869	0.0178647
21	0	0.027645	0.0567014	0.0717708
22	0	0.0286681	-0.060754	0.0044086
23	1	0.0296676	0.0556434	0.0295863
24	0	0.0299563	-0.007804	0.0462347
25	1	0.0325593	0.0550522	0.019224
26	1	0.0337128	-0.144092	0.0514696
27	0	0.0340615	0.0268448	0.00978231
28	0	0.0353959	-0.0368209	0.0434942
29	2	0.0359573	-0.121399	0.055699
30	1	0.0359811	0.0861017	0.0411966
31	0	0.0363959	0.0282278	0.0151196
32	1	0.0384115	0.0789821	0.0642968
33	1	0.0385644	-0.127509	0.000494616
34	1	0.0398207	0.0699747	0.0783887
35	2	0.0401221	-0.0791715	0.0250626
36	1	0.0413022	-0.0220423	0.0329106
37	2	0.0419516	0.0671017	0.0180556
38	0	0.042543	-0.0382215	0.00200727
39	2	0.0429173	-0.011117	0.015507
40	0	0.0430047	-0.107501	0.0265007
41	0	0.0438356	-0.0289297	0.113588
42	0	0.0452146	-0.121905	0.0296688
43	0	0.0453513	0.0190473	0.00686783
44	0	0.0461211	0.0495845	0.0319239
45	2	0.0462636	-0.0354167	0.0255814
46	0	0.047914	-0.0168659	0.0065731
47	2	0.0484642	-0.0476576	0.0408589
48	0	0.0486664	-0.0336415	0.0215743
49	2	0.0488666	0.0383743	0.108646
50	0	0.0488995	-0.0211693	0.11396
51	2	0.0513259	0.0450168	0.0223112
52	1	0.0513621	0.141597	0.113559
53	0	0.0515896	0.028726	0.0166167
54	1	0.0526623	-0.0249128	0.037278
55	1	0.0530522	-0.0411877	0.00838685
56	2	0.0541559	0.0665477	0.0553881
57	0	0.055557	-0.0174178	0.0374969
58	2	0.0556762	0.0322103	0.099923
59	0	0.0562541	0.00295737	0.0246239
60	0	0.0563617	-0.0042274	0.0997897
61	0	0.0567083	-0.0279451	0.0096946
62	2	0.0571701	-0.0402286	0.0491874
63	1	0.0615249	-0.00880004	0.0850705
64	2	0.0617545	-0.108287	0.0202669
65	2	0.0637088	-0.0193522	0.0103381
66	2	0.0637938	0.0301158	0.0553457
67	1	0.0642075	0.0240522	0.0292424
68	1	0.0655973	-0.0662635	0.0590309
69	2	0.0669208	0.00936377	0.0457402
70	0	0.0673547	-0.0118032	0.0364548
71	1	0.0711382	0.0558115	0.0354947
72	2	0.0731376	0.0365368	0.123093
73	2	0.0749931	0.01733	0.0603665
74	2	0.0772921	-0.0927651	0.0218836
75	1	0.0777296	-0.0358872	0.0404392
76	0	0.0783342	0.0592318	0.0311189
77	2	0.0786048	0.0255819	0.0139642
78	2	0.0792738	-0.0171985	0.0348778
79	2	0.0799533	-0.0486178	0.0662222
80	0	0.0822989	0.11023	0.0109905
81	2	0.0827724	0.106086	0.0275391
82	1	0.084089	0.0848342	0.0821318
83	0	0.0843553	0.0587561	0.027735
84	0	0.0856678	0.0473258	0.0474723
85	2	0.0862159	0.0600266	0.00406896
86	0	0.0872297	0.0563213	0.001791
87	2	0.0883988	-0.0286391	0.0108458
88	1	0.0889898	-0.0348714	0.0565826
89	2	0.0896277	-0.0490436	0.0211074
90	2	0.090973	-0.0952575	0.0371062
91	0	0.0912057	-0.0513737	0.0361303
92	2	0.0921363	0.130856	0.014922
93	1	0.0936998	0.139895	0.0566416
94	0	0.0943401	-0.028676	0.0547357
95	1	0.0945576	-0.0569367	0.068158
96	0	0.0956599	-0.0343608	0.0570065
97	2	0.0972682	0.0129777	0.0442548
98	0	0.0974507	-0.00872193	0.0664211
99	0	0.0984556	-0.0371545	0.0687297
100	2	0.0991374	0.0644043	0.0549558
101	0	0.101494	-0.0403684	0.135438
102	0	0.103654	0.0737653	0.0122633
103	0	0.104572	-0.0393243	0.0305421
104	1	0.107207	0.0869771	0.0859738
105	0	0.107514	0.06752	0.0268844
106	0	0.108424	0.0334091	0.0268814
107	2	0.110376	0.00286496	0.0333618
108	0	0.11118	-0.0165355	0.0409628
109	0	0.111464	0.0336815	0.00244534
110	1	0.111713	-0.04388	0.0418352
111	2	0.111907	-0.0303157	0.0278265
112	2	0.112335	0.0579407	0.0194664
113	0	0.112501	0.03974	0.0349466
114	2	0.114152	0.0432304	0.0917856
115	0	0.11454	0.0234732	0.0961759
116	0	0.115634	0.0230425	0.0600109
117	0	0.11832	0.0176657	0.0662854
118	0	0.12331	-0.0956091	0.00486419
119	1	0.124751	0.0763928	0.0713845
120	2	0.125916	-0.0252359	0.000169792
121	2	0.127124	-0.0610283	0.0397492
122	0	0.127314	-0.018403	0.0214373
123	0	0.127407	-0.1187	0.00670557
124	1	0.128331	-0.0399853	0.157403
125	2	0.1297	-0.00857333	0.0538222
126	0	0.132637	-0.011478	0.0945326
127	2	0.132889	-0.0366747	0.0709213
128	0	0.135249	0.029571	0.0741267
129	2	0.137446	-0.0353247	0.0939219
130	1	0.137731	0.110473	0.149752
131	2	0.143269	-0.0122941	0.0305954
132	1	0.143392	-0.122778	0.0177884
133	0	0.14371	-0.0375233	0.0434808
134	1	0.144034	-0.0686783	0.0201567
135	1	0.144091	-0.0856046	0.0884543
136	0	0.147403	0.0622704	0.0719575
137	0	0.147583	0.0396077	0.0135919
138	0	0.147914	-0.00242562	0.0312332
139	2	0.14903	-0.0109464	0.0607002
140	2	0.150829	-0.0274504	0.0241404
141	0	0.15115	-0.0127052	0.0305621
142	0	0.151253	-0.00863553	0.0429454
143	1	0.151906	0.0213847	0.00212788
144	1	0.152172	0.0649793	0.0765141
145	2	0.153282	0.0744192	0.118373
146	2	0.154203	0.036338	0.0616615
147	0	0.15526	-0.0179218	0.113252
148	0	0.155787	-0.0128069	0.0477297
149	2	0.159828	0.0492428	0.0346841
150	2	0.162619	0.0584519	0.062717
151	0	0.1629	0.0339645	0.00692284
152	0	0.163189	-0.0789965	0.0529005
153	1	0.164655	0.0145467	0.0164837
154	0	0.165687	-0.0479249	0.0426378
155	1	0.166315	-0.0273031	0.134201
156	1	0.166618	0.042068	0.0700731
157	2	0.166636	-0.0285018	0.0351585
158	0	0.166654	0.0884264	0.0501576
159	0	0.167163	-0.0448201	0.0276795
160	0	0.168109	-0.0411609	0.0544553
161	0	0.16905	-0.053782	0.0197722
162	0	0.170105	-0.00400228	0.0139988
163	2	0.171338	0.0224392	0.0194051
164	2	0.172518	0.0473781	0.0337942
165	1	0.172604	0.0250057	0.0560337
166	0	0.172965	-0.0222813	0.1051
167	2	0.173232	0.0783664	0.00668501
168	2	0.178022	0.0615867	0.0122864
169	0	0.17931	0.0628227	0.0634328
170	0	0.179522	0.0322974	0.0428923
171	2	0.180209	-0.0299704	0.131041
172	0	0.182138	0.0165219	0.0381534
173	2	0.182356	0.0200337	0.0241088
174	0	0.183902	-0.0206594	0.0226199
175	0	0.188505	0.0424194	0.0496648
176	2	0.189424	0.0467171	0.0388232
177	2	0.190993	0.0790654	0.0445844
178	2	0.191703	-0.0174344	0.00282727
179	2	0.191931	-0.0278633	0.120229
180	0	0.192383	-0.0184514	0.0663654
181	1	0.192488	-0.0547958	0.022476
182	1	0.194437	-0.0447953	0.103484
183	0	0.197839	-0.0630333	0.0229622
184	1	0.19845	0.00700324	0.128426
185	1	0.19862	0.0325587	0.0915062
186	0	0.198817	-0.0339881	0.0864169
187	1	0.199275	-0.221328	0.00386602
188	0	0.200274	-0.0411383	0.0581676
189	0	0.200394	-0.00909734	0.00783931
190	2	0.202426	-0.0602929	0.0529325
191	0	0.204994	0.0219339	0.00522777
192	2	0.205511	-0.0147993	0.0312135
193	0	0.207764	0.0393929	0.0359589
194	1	0.211242	0.0659845	0.0322258
195	0	0.21162	-0.0294106	0.0444955
196	1	0.214453	-0.045442	0.0290141
197	2	0.215654	-0.09083	0.0108743
198	2	0.216778	-0.00827467	0.0588985
199	0	0.219863	-0.0875349	0.0198677
200	1	0.226128	0.0530773	0.0745122
201	2	0.227344	-0.120701	0.0609767
202	1	0.227951	0.0673055	0.0373806
203	2	0.227953	-0.016119	0.0273811
204	1	0.228702	-0.0217331	0.0901361
205	2	0.228819	-0.00795088	0.012784
206	2	0.229018	-0.0514749	0.0428159
207	0	0.229266	0.0264296	0.0256685
208	2	0.230793	0.0775791	0.06967
209	0	0.230804	-0.0699611	0.0529327
210	0	0.231544	0.0621531	0.0303711
211	0	0.232932	-0.0281271	0.0190632
212	2	0.234228	0.0616452	0.0747305
213	2	0.234976	0.0367224	0.0331983
214	0	0.237301	-0.0343521	0.0659581
215	0	0.239499	0.0153325	0.0563041
216	0	0.241658	-0.135714	0.0458862
217	0	0.243911	-0.0251915	0.0624597
218	1	0.246579	0.0424606	0.143247
219	0	0.247992	-0.0181884	0.0516749
220	0	0.24902	-0.0283534	0.019907
221	0	0.251162	-0.0554421	0.0280201
222	0	0.251517	-0.0480772	0.0220365
223	0	0.253914	0.0256707	0.0176277
224	2	0.254329	-0.0150768	0.0721133
225	0	0.255242	0.06147	0.0178541
226	1	0.255878	0.104528	0.0411391
227	0	0.256929	-0.0201698	0.0499272
228	0	0.257013	0.0052877	0.0212054
229	2	0.257274	-0.00958627	0.00182216
230	0	0.258416	-0.0429308	0.0139822
231	0	0.259191	0.131452	0.111872
232	2	0.259305	0.00935586	0.0166249
233	0	0.260464	0.0563965	0.0755013
234	2	0.260583	0.0568485	0.0668384
235	2	0.261392	0.0223313	0.0135203
236	2	0.261485	0.109529	0.0497254
237	2	0.26268	0.107955	0.0591307
238	1	0.262695	-0.0544859	0.0365946
239	1	0.263667	-0.0293851	0.0244343
240	0	0.264109	-0.0374687	0.0292518
241	0	0.265135	0.0975639	0.00240963
242	0	0.265353	-0.0258275	0.0115349
243	0	0.26737	0.0522202	0.0337141
244	2	0.268656	0.0266603	0.00923555
245	2	0.269428	0.00847798	0.0393531
246	1	0.271632	0.0649488	0.0266724
247	2	0.27196	-0.0246753	0.0859471
248	0	0.274847	0.0301926	0.0372908
249	2	0.276173	-0.109102	0.056767
250	0	0.276355	-0.109859	0.0207149
251	2	0.276702	-0.0169129	0.0423611
252	2	0.276809	0.0141094	0.018048
253	2	0.277435	-0.0223387	0.0120339
254	2	0.277545	-0.00424557	0.0357241
255	1	0.279138	-0.0772614	0.118009
256	0	0.2793	-0.025879	0.00794028
257	2	0.280254	-0.121683	0.0281268
258	0	0.281263	-0.00352657	0.0196981
259	0	0.281733	0.0382204	0.0395873
260	2	0.282449	0.0252189	0.0400121
261	2	0.283245	-0.0266516	0.0646644
262	0	0.285279	0.0254775	0.0379551
263	1	0.286273	0.0149827	0.00102569
264	1	0.287042	0.0562368	0.0240152
265	1	0.287809	-0.0496599	0.00308502
266	2	0.288753	-0.130352	0.00991842
267	0	0.28958	-0.00482484	0.0262135
268	0	0.289928	0.0297398	0.010881
269	1	0.290069	0.052043	0.0097865
270	0	0.290356	-0.010475	0.00203733
271	0	0.290831	-0.023779	0.0355221
272	2	0.291884	-0.0637322	0.038043
273	0	0.292329	0.0192685	0.027619
274	0	0.292534	-0.0229358	0.0632318
275	0	0.293354	0.100349	0.0484367
276	0	0.293686	0.0265947	0.00303746
277	2	0.294029	-0.0391778	0.0114522
278	1	0.294554	0.0683887	0.0800092
279	0	0.294739	-0.00324826	0.0247713
280	0	0.294888	0.0365503	0.0271061
281	2	0.295898	0.0804051	0.052188
282	0	0.297001	0.0372997	0.0796335
283	0	0.297229	-0.0267296	0.0563117
284	1	0.29724	-0.0216888	0.0287776
285	0	0.297751	0.131569	0.0749611
286	0	0.299722	-0.0659686	0.0121242
287	0	0.300092	0.00566922	0.047727
288	2	0.300849	0.048193	0.0218549
289	0	0.302406	-0.0252487	0.0345059
290	2	0.30461	-0.0451229	0.0248452
291	2	0.30469	-0.038542	0.0222045
292	0	0.305165	0.0777196	0.00944071
293	0	0.305727	0.0746092	0.0058066
294	2	0.305926	-0.0164623	0.0143786
295	2	0.306838	0.0174838	0.0157142
296	2	0.306986	-0.0213761	0.0251067
297	1	0.307337	-0.0677463	0.015892
298	0	0.312048	0.00867005	0.00614334
299	0	0.313291	-0.0287619	0.0156555
300	0	0.314913	-0.0306044	0.0701187
301	0	0.316291	-0.0307287	0.0612243
302	2	0.318083	0.0257718	0.0228607
303	0	0.318262	0.0177308	0.0677825
304	2	0.319157	0.0645688	0.039002
305	0	0.319691	0.00408093	0.0584617
306	1	0.319777	0.014228	0.0881645
307	1	0.32364	0.0255052	0.0300597
308	1	0.327233	0.0558338	0.0848638
309	1	0.327598	-0.0465278	0.0684137
310	0	0.328088	-0.0155278	0.101526
311	2	0.32954	0.0687803	0.0396308
312	1	0.329746	0.0644552	0.00215769
313	2	0.329754	-0.0350329	0.129344
314	2	0.329935	-0.0212921	0.0497737
315	2	0.330246	0.0415732	0.0538697
316	2	0.33072	-0.0263023	0.0403352
317	2	0.332091	0.0553407	0.00258106
318	0	0.332708	0.00865788	0.0335747
319	1	0.333354	0.0154448	0.00755243
320	1	0.334178	-0.10411	0.051333
321	0	0.334206	-0.0719028	0.0553221
322	2	0.336101	0.0118847	0.0258485
323	1	0.336516	-0.0692067	0.0761145
324	0	0.336558	0.0226359	0.0268688
325	2	0.337102	-0.0300016	0.104738
326	2	0.337106	0.0235771	0.0283331
327	2	0.337687	0.0102909	0.0828511
328	1	0.337818	-0.0195426	0.026818
329	0	0.337933	0.0227618	0.0291506
330	2	0.33901	0.0575891	0.0354233
331	2	0.340308	-0.0195738	0.0783992
332	2	0.340341	-0.0631314	0.0406997
333	2	0.340884	-0.0494866	0.0197609
334	1	0.342522	-0.129914	0.0377368
335	0	0.34323	-0.0321836	0.0476859
336	1	0.347002	-0.0244255	0.0577193
337	0	0.347323	-0.061423	0.0226766
338	2	0.347559	-0.00967834	0.0389065
339	0	0.349513	0.0700701	0.0690283
340	2	0.349982	0.0235877	0.0358482
341	1	0.350272	-0.00802452	0.0582583
342	2	0.353233	-0.0383621	0.0246746
343	2	0.353354	-0.0223895	0.0104964
344	2	0.354031	-0.0107276	0.0046421
345	0	0.354087	-0.02335	0.0332572
346	2	0.355513	0.0426403	0.00735345
347	2	0.355764	-0.0524349	0.0339897
348	1	0.358113	-0.061539	0.00753311
349	2	0.359004	-0.0156167	0.038368
350	0	0.36039	-0.0687846	0.039045
351	2	0.36042	0.0107409	0.0118159
352	2	0.362971	-0.0396591	0.0154535
353	0	0.363367	0.00516156	0.0489501
354	2	0.36387	0.0873999	0.00151204
355	2	0.363987	0.0214886	0.0376948
356	0	0.366035	-0.0703893	0.032222
357	2	0.367312	0.0272387	0.0101232
358	0	0.369324	0.00836363	0.0652633
359	0	0.371769	0.0436521	0.0335994
360	1	0.375122	-0.0369214	0.00122382
361	0	0.375907	-0.0143113	0.0178997
362	2	0.376083	0.0129817	0.0197435
363	2	0.376381	-0.0515157	0.0627692
364	2	0.376493	0.00936596	0.0141669
365	2	0.376934	0.0395841	0.0938229
366	0	0.377065	-0.0255251	0.0384079
367	2	0.378548	-0.0798575	0.0350864
368	0	0.380214	0.0327808	0.0372233
369	2	0.38143	0.0441658	0.0881604
370	1	0.382446	-0.0768095	0.0598649
371	2	0.384951	0.033425	0.0827017
372	2	0.387198	-0.0281135	0.0701947
373	2	0.38863	-0.0346023	0.0621768
374	0	0.388859	0.0878899	0.00821404
375	2	0.389009	-0.0737046	0.0409404
376	1	0.389028	-0.106074	0.0115063
377	0	0.389586	-0.0465051	0.0389052
378	1	0.389725	0.0237852	0.0433843
379	1	0.392771	-0.0549586	0.143823
380	0	0.394873	0.0376292	0.0369003
381	0	0.396419	0.0401397	0.0363092
382	0	0.397978	0.0894499	0.0361834
383	2	0.398057	-0.0766225	0.0459949
384	0	0.398751	-0.0295582	0.114462
385	0	0.400532	-0.024586	0.00548886
386	2	0.401947	0.0522373	0.0221707
387	1	0.406806	-0.0215318	0.0330697
388	2	0.407984	0.0716123	0.00580522
389	0	0.408867	0.0299239	0.000233927
390	0	0.409517	-0.0868518	0.0450931
391	2	0.410825	-0.028836	0.0656075
392	2	0.412395	0.0327675	0.0303051
393	0	0.413156	-0.0460721	0.0857205
394	1	0.414292	-0.055259	0.0491279
395	2	0.414767	-0.0730106	0.0877455
396	0	0.415193	-0.02857	0.0812942
397	2	0.416643	0.0313059	0.00254344
398	2	0.417385	-0.0270279	0.0156211
399	1	0.417961	0.0228366	0.0270589
400	1	0.419201	0.0459271	0.00733645
401	2	0.420574	0.0255288	0.0271358
402	2	0.421474	0.0795625	0.0103779
403	0	0.422145	0.0441218	0.041223
404	2	0.424001	0.0290583	0.0202829
405	2	0.424717	0.0236623	0.0612153
406	0	0.426543	-0.081702	0.053059
407	2	0.4273	0.0123	0.0497475
408	0	0.427746	-0.0162207	0.026494
409	2	0.428318	-0.0800772	0.0186677
410	2	0.430563	0.0144875	0.0019666
411	1	0.431661	0.0725962	0.0888578
412	1	0.43244	0.0766494	0.00862083
413	0	0.433103	-0.0152027	0.0332662
414	2	0.436061	-0.0550061	0.0727677
415	1	0.436301	0.0980314	0.115843
416	1	0.436411	-0.0455084	0.0389818
417	1	0.437161	0.118056	0.0248248
418	2	0.438175	-0.0383461	0.0410954
419	0	0.438599	0.0771289	0.0209743
420	2	0.439579	-0.0214888	0.0432886
421	2	0.440209	-0.0257529	0.0293022
422	0	0.440603	0.0497243	0.0727554
423	1	0.44131	0.0425023	0.0319987
424	0	0.442208	-0.0180048	0.0551956
425	0	0.445638	-0.0683184	0.0210694
426	2	0.447564	-0.0324636	4.30562e-05
427	0	0.451085	0.010629	0.0513501
428	0	0.451385	0.0506595	0.0144647
429	0	0.452285	-0.109614	0.0302653
430	0	0.452298	-0.0252141	0.0214403
431	0	0.452631	-0.0157819	0.0402564
432	1	0.454577	-0.0277696	0.00145321
433	0	0.454625	0.049482	0.0171818
434	2	0.460564	-0.0338597	0.103828
435	2	0.460908	0.00362648	0.00823672
436	2	0.463016	-0.035063	0.000578261
437	2	0.464237	0.0322127	0.0239229
438	0	0.464457	-0.0839921	0.0281161
439	2	0.465332	0.0405316	0.06289
440	0	0.465734	0.0400095	0.0479293
441	1	0.466068	-0.029974	0.0381158
442	2	0.467209	0.0392498	0.00835676
443	0	0.471935	-0.0037913	0.00258633
444	2	0.472516	0.0191858	0.0137153
445	2	0.474337	0.105694	0.0530571
446	2	0.474718	-0.0146317	0.0624884
447	2	0.474753	0.00963239	0.0308265
448	2	0.474807	0.0300674	0.040235
449	2	0.476506	0.148251	0.0184473
450	2	0.478466	-0.0343182	0.0406222
451	2	0.478926	-0.0344125	0.0636246
452	2	0.478989	-0.0301276	0.109233
453	0	0.479134	-0.00800933	0.0839779
454	1	0.480835	0.0452765	0.0321324
455	1	0.481446	0.0669476	0.0181035
456	0	0.482289	-0.0376126	0.0413655
457	2	0.485446	-0.00406968	0.0448377
458	1	0.48554	0.0587109	0.0108716
459	1	0.487291	-0.0982534	0.0194501
460	2	0.487711	0.0992151	0.0130862
461	0	0.488116	0.0350201	0.0129819
462	2	0.488327	0.0676113	0.0616959
463	0	0.489291	0.0353323	0.0548779
464	2	0.489643	-0.0483991	0.0661751
465	0	0.49074	0.038772	0.0250275
466	1	0.491288	-0.0273784	0.0355867
467	0	0.491543	-0.0281079	0.00115377
468	2	0.492656	0.0703459	0.0202663
469	2	0.493953	0.0350674	0.0659043
470	1	0.494176	-0.0556448	0.00635273
471	1	0.49478	0.112759	0.0184164
472	2	0.495275	0.00754677	0.0708078
473	1	0.496245	-0.0944262	0.0364289
474	2	0.496265	-0.0397661	0.0785902
475	0	0.497439	-0.0222798	0.0128218
476	2	0.498488	0.0333748	0.0434536
477	0	0.500295	-0.0400173	0.0490089
478	1	0.501948	0.0344717	0.0747495
479	1	0.502382	-0.0632069	0.0369352
480	2	0.504963	0.0645128	0.106635
481	0	0.506506	0.0477912	0.00240164
482	2	0.508006	0.050343	0.0583554
483	2	0.509361	-0.0699921	0.0123385
484	0	0.509428	0.0824824	0.0919876
485	0	0.510536	0.00440805	0.000631612
486	1	0.511273	0.0343861	0.0722637
487	1	0.511278	-0.00386248	0.0553099
488	0	0.51211	0.0656691	0.0643583
489	0	0.512252	0.024925	0.00347244
490	1	0.512797	0.11745	0.0123617
491	0	0.513835	0.0296877	0.0544688
492	1	0.514734	0.0341188	0.0321946
493	0	0.514915	-0.0382476	0.0590308
494	2	0.514987	0.0143399	0.125945
495	1	0.515181	0.0236723	0.0429763
496	0	0.515297	-0.0102787	0.063864
497	0	0.515415	-0.0176266	0.00145221
498	1	0.515675	0.118416	0.0478842
499	2	0.516695	-0.00607637	0.077092
500	0	0.517515	0.0626289	0.00446065
501	2	0.517835	0.112081	0.0294131
502	0	0.518087	0.09006	0.00387816
503	0	0.519022	0.0196423	0.093786
504	2	0.520239	-0.0396221	0.073583
505	2	0.520703	0.0167991	0.00108767
506	2	0.520753	-0.0230686	0.0154871
507	0	0.522097	0.0993174	0.0218403
508	0	0.523204	0.0660597	0.0364292
509	2	0.523419	-0.0983119	0.0340196
510	0	0.524019	-0.0318157	0.0596641
511	1	0.525975	0.0600466	0.0155008
512	0	0.526928	-0.031558	0.031179
513	0	0.528743	0.0230946	0.0432627
514	2	0.528774	0.0255138	0.0398178
515	1	0.531439	0.173021	0.00356551
516	0	0.531997	0.0584244	0.0349168
517	1	0.533366	-0.0196184	0.205864
518	0	0.533688	-0.0260379	0.0801074
519	0	0.534607	0.0374466	0.00492359
520	2	0.534921	0.0458884	0.000994042
521	0	0.535321	0.0116373	0.0520362
522	1	0.536507	0.100016	0.0905296
523	0	0.537958	-0.0168444	0.0271164
524	0	0.539103	-0.00628739	0.088575
525	2	0.539536	-0.0430229	0.0625131
526	1	0.540746	-0.0121776	0.0633518
527	0	0.54306	0.0199252	0.0854568
528	0	0.543758	0.0628622	0.0505984
529	1	0.544981	-0.0141563	0.137108
530	2	0.546273	0.0357142	0.00142687
531	2	0.546719	0.0125399	0.0881882
532	2	0.548154	0.0331985	0.0110613
533	1	0.551453	0.0455057	0.0975244
534	1	0.551858	0.138866	0.0423247
535	0	0.552828	0.0217843	0.046846
536	2	0.553167	-0.0152879	0.0859649
537	1	0.553306	0.0349778	0.0855843
538	2	0.553386	0.0259009	0.0465621
539	0	0.553527	0.0280201	0.0262395
540	0	0.555018	-0.0561414	0.0261466
541	0	0.556462	0.0145264	0.0987453
542	1	0.557227	-0.0281819	0.0619548
543	1	0.558119	0.151117	0.0663049
544	0	0.558191	0.0130959	0.030908
545	2	0.558296	0.019049	0.00293663
546	0	0.560726	0.0199628	0.080506
547	0	0.560843	0.0117335	0.0218763
548	0	0.562343	-0.0205607	0.0384245
549	2	0.563166	0.00713204	0.00527312
550	1	0.563705	0.054025	0.0579441
551	0	0.564051	0.0380309	0.0277628
552	2	0.565883	-0.0474816	0.0389765
553	0	0.566917	0.0251392	0.00786379
554	0	0.567305	0.00355557	0.00769268
555	0	0.567738	0.0573566	0.00851264
556	2	0.568529	0.0926343	0.0356468
557	2	0.56881	-0.102719	0.0189207
558	2	0.569039	-0.0776723	0.0647086
559	1	0.569716	0.0492426	0.0565647
560	0	0.569721	0.0518892	0.0128036
561	0	0.571167	-0.00896529	0.013011
562	2	0.571384	0.0378003	0.015319
563	0	0.571487	0.133573	0.0105898
564	2	0.571932	0.0463793	0.00370711
565	1	0.571985	-0.0233526	0.0278715
566	2	0.573188	-0.0394185	0.0410313
567	0	0.574383	0.00761567	0.0858401
568	0	0.574526	-0.0183253	0.0259321
569	0	0.574651	-0.00796868	0.0198391
570	2	0.57639	0.0613198	0.0439021
571	0	0.576513	0.0409925	0.0368563
572	2	0.577034	0.0336726	0.0648814
573	0	0.57776	0.0674107	0.0314418
574	2	0.578493	0.010936	0.00905824
575	1	0.579039	-0.0428365	0.000609913
576	2	0.579482	0.124909	0.0633187
577	2	0.579718	-0.151419	0.0061153
578	0	0.580633	0.0108936	0.00773213
579	2	0.580824	0.0140224	0.0191369
580	0	0.582501	-0.0186932	0.0194786
581	2	0.583702	-0.0482576	0.0337251
582	0	0.587489	-0.0503696	0.0447561
583	1	0.588414	-0.0962982	0.00403194
584	1	0.588446	0.0403002	0.204241
585	2	0.588458	0.0401456	0.0506506
586	2	0.588703	-0.0189215	0.0476774
587	2	0.589364	0.0616865	0.0539404
588	0	0.590982	0.0405035	0.00818261
589	0	0.592521	0.0384189	0.033844
590	2	0.592655	-0.0169268	0.018646
591	0	0.592923	-0.0206909	0.109359
592	2	0.592965	0.0585627	0.0421543
593	2	0.595422	0.0407597	0.00805043
594	1	0.59791	0.0233284	0.016161
595	0	0.597927	0.0139739	0.0533629
596	0	0.599074	0.0419396	0.0599574
597	2	0.599112	-0.0412629	0.0738985
598	1	0.600521	-0.020588	0.16046
599	0	0.60191	0.00737632	0.0254605
600	1	0.602411	0.130093	0.00420932
601	0	0.60359	0.128978	0.0129563
602	1	0.603671	-0.079195	0.127265
603	0	0.604574	-0.0464586	0.0700914
604	2	0.604773	0.0142417	0.0125745
605	2	0.606775	0.0164399	0.0173821
606	2	0.60858	0.0227858	0.0434334
607	0	0.609108	-0.0242539	0.0386783
608	1	0.610205	-0.0245537	0.04136
609	2	0.612319	-0.0586244	0.000902487
610	0	0.612928	-0.0287446	0.0817285
611	0	0.613168	0.0243127	0.00274727
612	1	0.613402	0.0918181	0.0269737
613	0	0.613916	0.0172868	0.0682293
614	0	0.61544	0.0371555	0.0386299
615	0	0.615789	0.094702	0.0384376
616	2	0.615936	-0.00545578	0.0994019
617	2	0.616002	0.0218727	0.172031
618	2	0.617503	-0.0246384	0.0371174
619	2	0.617532	-0.0330926	0.000796799
620	0	0.619148	0.0597022	0.00871689
621	0	0.61968	-0.0636693	0.0261633
622	2	0.621648	0.0562298	0.0448842
623	2	0.622632	-0.0213536	0.0418886
624	2	0.622934	0.0638261	0.00995852
625	0	0.624518	0.0158454	0.0503967
626	2	0.625705	-0.00815881	0.0133162
627	1	0.625759	-0.00592265	0.0639542
628	2	0.625903	0.0134241	0.0627428
629	2	0.626638	0.0251746	0.102735
630	2	0.627676	0.025754	0.0330602
631	0	0.628	0.0749001	0.0403611
632	2	0.62869	0.0342692	0.0465732
633	1	0.629088	0.0310274	0.0147987
634	0	0.632539	0.055558	0.0232004
635	2	0.632872	0.0476581	0.0476131
636	1	0.633049	0.0101521	0.00573639
637	1	0.63334	-0.0448301	0.0392669
638	0	0.634341	0.0282881	0.0403931
639	2	0.635106	0.0617213	0.0236396
640	0	0.63573	-0.031558	0.0231466
641	0	0.635814	0.0511303	0.0623016
642	2	0.636293	-0.0365359	0.0297057
643	2	0.63776	0.017427	0.0764846
644	0	0.63796	-0.036419	0.0536087
645	2	0.638972	-0.0141378	0.0492408
646	2	0.639288	-0.0769858	0.0413187
647	2	0.639655	-0.0644346	0.0496057
648	0	0.644089	0.0521686	0.0878774
649	0	0.644496	-0.0313773	0.0401601
650	0	0.644615	-0.0218683	0.112868
651	2	0.645114	-0.0271429	0.0237117
652	2	0.645615	0.0239405	0.00480063
653	2	0.648865	0.0474957	0.0432015
654	1	0.650032	-0.0145131	0.104898
655	1	0.650479	0.0438479	0.0535777
656	0	0.652229	-0.0624677	0.0880204
657	0	0.652917	0.0460365	0.0396606
658	0	0.653246	-0.0105825	0.0300635
659	2	0.6533	-0.0530265	0.00818399
660	2	0.655631	0.0427361	0.00846093
661	1	0.656023	-0.00168014	0.0211435
662	1	0.656865	-0.104872	0.0176565
663	0	0.657369	-0.0169486	0.0653047
664	1	0.657411	-0.071636	0.0360379
665	2	0.65742	-0.0558889	0.0308806
666	2	0.658137	0.0676412	0.0476616
667	0	0.658462	-0.0696315	0.0188121
668	2	0.658517	0.0174653	0.0199733
669	2	0.658901	-0.0102008	0.00227411
670	2	0.659137	-0.0395772	0.037086
671	2	0.659621	0.022614	0.0240099
672	2	0.659666	0.0694163	0.0279119
673	0	0.660912	-0.0274623	0.0580845
674	0	0.664219	0.0378808	0.0701448
675	1	0.664243	0.0259719	0.144477
676	2	0.664736	-0.0110141	0.0433547
677	0	0.66489	-0.0657514	0.0756211
678	2	0.665052	0.0434629	0.0302108
679	0	0.670287	0.00680373	0.0008359
680	1	0.671289	-0.0687157	0.0139045
681	1	0.67236	0.0181088	0.0820165
682	2	0.673004	-0.00608297	0.0331285
683	0	0.673445	0.0150676	0.0502927
684	0	0.678603	0.0220939	0.0607663
685	1	0.678762	-0.0521319	0.0990291
686	0	0.679907	0.0119762	0.0613518
687	0	0.679989	0.022393	0.0352415
688	1	0.681634	0.0275447	0.005249
689	0	0.68207	-0.0305473	0.0774526
690	1	0.683202	0.0492709	0.175931
691	2	0.684132	0.0265476	0.0459458
692	2	0.684629	0.0164535	0.0116499
693	0	0.685022	-0.0223468	0.000588952
694	2	0.685779	0.0232107	0.0440573
695	0	0.687061	-0.0264668	0.0853625
696	2	0.687779	-0.0265623	0.0357866
697	1	0.6901	-0.114149	0.0401653
698	1	0.690611	0.0509495	0.0229375
699	2	0.693123	0.028937	0.0298124
700	2	0.693655	-0.0166497	0.0474852
701	0	0.693681	-0.0827749	0.0473244
702	0	0.693704	0.0397942	0.0163528
703	2	0.694578	-0.00545083	0.0493125
704	2	0.695634	-0.0189049	0.0205081
705	1	0.696729	-0.0154551	0.10093
706	1	0.696902	0.0406545	0.0165332
707	1	0.697444	0.0894601	0.0340035
708	0	0.69777	0.0397881	0.0103442
709	2	0.700245	0.0113711	0.0116652
710	0	0.701424	0.0683079	0.0530042
711	2	0.701444	-0.0334733	0.00975825
712	0	0.701608	-0.0127303	0.05263
713	2	0.702093	-0.0574979	0.0493274
714	0	0.70374	-0.0246945	0.0731999
715	1	0.704061	0.0529666	0.110836
716	0	0.705129	-0.0135583	0.0718568
717	0	0.705419	0.0274368	0.0788708
718	0	0.705721	0.0346246	0.056991
719	0	0.707518	-0.00908373	0.0233232
720	0	0.707678	0.0116017	0.0187937
721	2	0.707754	-0.0674752	0.0349556
722	0	0.707824	0.0310922	0.0162493
723	0	0.708572	0.0174412	0.0654766
724	0	0.709025	-0.0251841	0.0716659
725	0	0.710798	-0.121429	0.0755197
726	0	0.71081	-0.0936685	0.102751
727	0	0.710871	0.0432292	0.100377
728	0	0.711396	-0.0472403	0.0439484
729	2	0.712029	0.0254244	0.0331367
730	2	0.712297	-0.0823061	0.0192489
731	2	0.713017	-0.0149351	0.0190421
732	0	0.717225	-0.0532598	0.0540953
733	2	0.71757	-0.0549353	0.0276707
734	0	0.717784	-0.0147213	0.110413
735	0	0.71936	0.0548562	0.0333266
736	0	0.719771	-0.0873412	0.0125722
737	1	0.720564	0.0699218	0.117252
738	0	0.723133	-0.0954443	0.0337161
739	2	0.723135	-0.0129671	0.0916907
740	2	0.724566	-0.0120432	0.0125249
741	2	0.72553	-0.0682938	0.0226732
742	0	0.725746	0.0716952	0.0587722
743	2	0.726892	0.0800043	0.0213175
744	2	0.727162	-0.0512705	0.0385743
745	2	0.727391	-0.0154237	0.0460425
746	0	0.727908	-0.0326862	0.0127078
747	2	0.727941	-0.0570176	0.0332782
748	0	0.730045	0.0421057	0.0256073
749	0	0.731137	0.0436453	0.0719071
750	2	0.731723	0.00525338	0.0742439
751	2	0.731785	0.0194015	0.0679309
752	2	0.732338	0.0335303	0.00674765
753	2	0.732602	-0.0148537	0.0382022
754	1	0.732675	0.0273837	0.0646316
755	0	0.735815	-0.00681179	0.00984686
756	2	0.737715	-0.0223303	0.0180433
757	0	0.737806	0.0700359	0.0524442
758	2	0.737937	0.0473868	0.0154475
759	1	0.738409	-0.123382	0.0657495
760	2	0.739595	-0.0309477	0.0681582
761	2	0.742034	0.0231044	0.0178935
762	2	0.746406	0.00749247	0.0558524
763	0	0.751459	0.0534824	0.117816
764	1	0.751723	-0.0693042	0.0754957
765	0	0.752795	-0.0487541	0.0652189
766	2	0.754006	-0.0410149	0.00485809
767	0	0.755241	-0.0237812	0.042004
768	1	0.756291	0.0114387	0.106153
769	2	0.757876	-0.00784523	0.0220715
770	1	0.758429	-0.0632815	0.0360503
771	2	0.760288	-0.0274537	0.0433848
772	0	0.761407	0.110195	0.00855453
773	0	0.761594	-0.0254939	0.0253667
774	2	0.763452	0.0859848	0.0768503
775	2	0.763476	-0.013759	0.000401994
776	1	0.763979	0.0481622	0.0748727
777	2	0.764469	0.018436	0.0168086
778	2	0.764497	-0.036481	0.13087
779	0	0.76515	-0.00975399	0.0150535
780	2	0.768057	-0.0555881	0.029054
781	1	0.768757	-0.0409258	0.0327205
782	2	0.77239	-0.00508702	0.0172736
783	0	0.772766	0.0214249	0.0584163
784	0	0.772986	-0.0278302	0.0748609
785	1	0.774254	0.0408149	0.0525988
786	1	0.77442	-0.068803	0.0219627
787	2	0.775407	0.0324076	0.0471164
788	1	0.776193	-0.0503924	0.00140756
789	0	0.77894	-0.0768245	0.0329967
790	2	0.785049	-0.0575848	0.056158
791	1	0.785122	0.0201545	0.0653695
792	0	0.785257	-0.000887146	0.0659767
793	2	0.78557	-0.0541325	0.0886386
794	1	0.785872	-0.0159316	0.00823436
795	2	0.786787	0.0332078	0.0475373
796	0	0.786854	-0.0452086	0.0267781
797	2	0.790663	-0.0755322	0.019977
798	0	0.79071	0.0223351	0.0664188
799	0	0.790747	0.0614538	0.0506142
800	1	0.791294	0.0650224	0.0826411
801	2	0.792041	-0.0304167	0.0950782
802	0	0.792461	0.0341441	0.0517996
803	1	0.793589	-0.12552	0.00553686
804	0	0.794688	-0.0156942	0.0136175
805	2	0.795761	0.023381	0.0373015
806	1	0.796363	-0.168645	0.0360714
807	1	0.796429	-0.0946331	0.13667
808	0	0.797929	-0.0223684	0.0075902
809	0	0.798542	-0.0171087	0.0335533
810	2	0.798567	0.0189406	0.0686321
811	0	0.799189	-0.0226041	0.0147141
812	2	0.799552	0.0432858	0.0666798
813	1	0.800314	0.0586975	0.0722107
814	1	0.800821	0.113516	0.059589
815	0	0.802552	-0.098128	0.0835841
816	2	0.803288	0.0265974	0.0951684
817	0	0.804343	0.0181709	0.100489
818	0	0.805806	0.0153729	0.00437058
819	1	0.807862	-0.0138161	0.102139
820	1	0.811755	0.0565986	0.0264789
821	2	0.813296	0.025164	0.016012
822	1	0.813651	0.0366109	0.0728158
823	2	0.81603	0.0142188	0.0259624
824	0	0.816374	-0.0379091	0.00253375
825	0	0.816685	0.0181408	0.0161705
826	2	0.820469	0.0211208	0.0644994
827	2	0.821709	0.0327543	0.0131817
828	1	0.825321	0.0229989	0.133996
829	2	0.825359	0.0360854	0.0401143
830	2	0.826072	-0.0120098	0.0206272
831	0	0.826316	0.0868735	0.0597735
832	1	0.826799	-0.0993509	0.0324334
833	2	0.826949	0.0235175	0.0832139
834	1	0.827161	0.0204889	0.0501581
835	0	0.828718	-0.0233058	0.0180768
836	0	0.829491	-0.0458919	0.117051
837	2	0.830085	-0.0259027	0.0754935
838	2	0.830376	0.0229473	0.0446762
839	2	0.832176	-0.017098	0.00141544
840	2	0.833143	-0.0357823	0.00551347
841	2	0.833682	-0.0451632	0.0171732
842	1	0.836055	-0.0611261	0.191724
843	0	0.83801	0.0575455	0.0531035
844	0	0.83804	0.022912	0.0177042
845	1	0.838049	0.0216158	0.0656212
846	0	0.838774	0.0172102	0.030767
847	2	0.839043	-0.0548298	0.054703
848	2	0.839043	-0.0762064	0.0393339
849	2	0.840034	0.0251255	0.00760863
850	2	0.840675	0.0257647	0.0488618
851	2	0.841027	0.0401045	0.0217056
852	2	0.841331	-0.0460222	0.0280555
853	0	0.842454	0.0118091	0.012659
854	1	0.842723	-0.0396359	0.0866749
855	1	0.844429	-0.116031	0.0860728
856	2	0.845181	-0.0603528	0.0180921
857	2	0.847058	-0.0604294	0.0122572
858	2	0.847683	0.017446	0.0722741
859	2	0.847686	-0.114103	0.0187079
860	2	0.851076	0.104167	0.0966111
861	0	0.851577	0.017231	0.0308831
862	0	0.851612	0.0198053	0.0493583
863	0	0.851785	0.0170114	0.00558573
864	0	0.852014	-0.075637	0.0443061
865	0	0.852935	0.0875143	0.0370803
866	2	0.857706	-0.0363563	0.050041
867	0	0.859813	0.0811697	0.0583117
868	1	0.866737	0.0692285	0.054203
869	2	0.867283	0.0246535	0.0183019
870	2	0.869237	-0.0643009	0.0408147
871	2	0.869461	-0.0274584	0.010367
872	0	0.876587	-0.0519504	0.0220093
873	2	0.878134	-0.0156815	0.00742553
874	2	0.878752	-0.0112339	0.0438767
875	0	0.880909	-0.0229079	0.0077053
876	0	0.881224	-0.0496419	0.0356388
877	0	0.882289	0.0424272	0.0203908
878	2	0.882658	-0.0203653	0.0120144
879	0	0.8835	-0.00427412	0.026085
880	2	0.88458	-0.0336106	0.0169138
881	2	0.886953	-0.0280391	0.000623021
882	1	0.888494	-0.124062	0.0179962
883	2	0.891511	-0.026754	0.103499
884	2	0.892753	-0.0305064	0.0499122
885	2	0.893209	0.0842411	0.00330628
886	0	0.89465	0.169172	0.0297515
887	2	0.896203	-0.0886739	0.0496945
888	0	0.897494	0.0145633	0.0345693
889	0	0.898325	0.0501505	0.0531638
890	2	0.898431	-0.0281723	0.00519547
891	1	0.899465	0.0565826	0.138387
892	2	0.899973	-0.0153462	0.0936836
893	0	0.900044	0.0112101	0.0631473
894	0	0.900738	-0.0710884	0.0546171
895	1	0.90087	0.0519627	0.00933037
896	2	0.901264	0.131578	0.0151298
897	2	0.902025	-0.00853993	0.00786515
898	1	0.903741	0.0205236	0.141029
899	2	0.904994	0.0938188	0.0538938
900	0	0.906695	-0.0176907	0.042122
901	2	0.909356	-0.0273197	0.0613474
902	1	0.910056	0.156599	0.0404821
903	0	0.910201	0.038423	0.020834
904	0	0.911285	-0.0430884	0.0645325
905	2	0.911722	-0.0518671	0.0382665
906	2	0.91222	0.0341745	0.0363236
907	2	0.912258	-0.0448484	0.0012716
908	0	0.914973	-0.0250916	0.0071043
909	0	0.918263	0.0368683	0.00226282
910	1	0.918731	0.0772577	0.149229
911	0	0.919164	-0.0986782	0.00757653
912	0	0.919445	0.0738913	0.105017
913	2	0.919576	-0.0294211	0.0360923
914	1	0.922333	0.0328704	0.0547645
915	0	0.923835	0.0308559	0.0479865
916	2	0.926232	0.0345161	0.0108504
917	0	0.927165	-0.0761199	0.0150507
918	0	0.92753	0.0233865	0.0748772
919	2	0.92781	0.0395527	0.0294255
920	0	0.928935	-0.0731898	0.140685
921	1	0.928942	-0.0662313	0.0759218
922	2	0.930961	0.0481582	0.0437572
923	0	0.931581	-0.0243864	0.0353143
924	1	0.931678	-0.113187	0.0767508
925	1	0.931961	0.0543374	0.0496446
926	2	0.933619	-0.0422224	0.0311909
927	0	0.933647	-0.029404	0.03767
928	2	0.934105	0.0388388	0.0604045
929	2	0.934196	0.0149908	0.0741532
930	2	0.934404	-0.0600023	0.0309641
931	1	0.935141	-0.0647893	0.0487305
932	2	0.935466	-0.0272906	0.188101
933	0	0.936388	0.0659475	0.00893558
934	0	0.937006	0.0563876	0.0407786
935	2	0.937546	0.0029928	0.0758072
936	0	0.938432	0.126206	0.106784
937	2	0.938511	0.0533169	0.0386346
938	2	0.939157	-0.0457968	0.0651948
939	2	0.939688	0.0242215	0.000116005
940	0	0.941111	0.0411657	0.00315112
941	0	0.941111	-0.0425727	0.0328407
942	0	0.941697	-0.00634905	0.0277049
943	0	0.942368	0.071321	0.0197768
944	2	0.943316	-0.0520358	0.00975473
945	0	0.94392	-0.0105243	0.0598744
946	1	0.94745	-0.119826	0.0232049
947	2	0.947753	0.0348262	0.0474359
948	0	0.947977	-0.0627486	0.0876118
949	2	0.949011	-0.0402349	0.0317123
950	0	0.949691	-0.101238	0.0883998
951	0	0.949792	-0.0440719	0.0215135
952	2	0.950782	-0.0122066	0.0618303
953	2	0.950845	0.0564259	0.0886665
954	2	0.951871	-0.017795	0.0173005
955	1	0.952115	-0.0427776	0.0336452
956	2	0.953139	0.0760253	0.0628741
957	0	0.953543	0.0168611	0.00532079
958	2	0.954482	-0.0323836	0.0631264
959	2	0.955321	0.0484528	0.0739738
960	2	0.957521	0.0597827	0.0682134
961	0	0.95785	0.0121822	0.0344426
962	0	0.958331	0.0171357	0.000206962
963	0	0.959408	0.0784376	0.00543684
964	1	0.960218	0.0274747	0.00331037
965	2	0.961531	0.0162381	0.0253809
966	2	0.961949	0.0392946	0.00342421
967	1	0.962818	-0.0637517	0.00745608
968	2	0.964133	0.00953831	0.0224282
969	0	0.965563	0.00276788	0.0371457
970	2	0.965682	0.0237319	0.0371263
971	1	0.966315	0.0250477	0.082746
972	2	0.967324	0.0472929	0.0648899
973	0	0.968654	-0.0322376	0.0266179
974	2	0.971805	-0.0345623	0.0932927
975	0	0.97193	-0.0213853	0.00182262
976	2	0.974235	-0.0100034	0.0163639
977	2	0.975959	0.0210021	0.0888007
978	0	0.976748	-0.0289653	0.0180275
979	0	0.978283	-0.038416	0.0153432
980	0	0.978284	-0.00351645	0.0524576
981	0	0.978625	-0.0282706	0.0556668
982	2	0.97951	0.0471462	0.0099147
983	2	0.979529	-0.138566	0.00827748
984	2	0.980243	0.111667	0.00358937
985	0	0.981982	-0.0388367	0.0488623
986	2	0.982556	0.037566	0.0194432
987	0	0.98378	-0.0862137	0.0058177
988	0	0.985848	-0.0969655	0.0883345
989	2	0.985951	-0.00250078	0.0172587
990	2	0.987098	0.0374827	0.0200961
991	0	0.989354	-0.064851	0.0498283
992	2	0.990053	0.0120694	0.0856847
993	2	0.991598	-0.00938731	0.0321883
994	0	0.991762	0.0164899	0.0723005
995	0	0.993881	-0.0226124	0.0127517
996	0	0.994962	-0.00853853	0.0262871
997	2	0.99651	-0.0779253	0.0182681
998	0	0.998022	-0.0514059	0.0698844
999	1	0.998521	0.127586	0.110958
1	438	-0.0167615
1	41	-0.0312623
1	280	0.0213499
2	724	-0.0315373
5	788	-0.015272
8	675	-0.0663426
14	84	0.0413952
14	419	-0.0328184
15	722	-0.030169
15	784	-0.00558707
15	223	0.0111749
15	909	0.025068
15	644	-0.0227991
15	389	-0.0482679
15	607	0.0369721
15	2	0.0274621
15	980	0.0270458
15	727	-0.0279203
15	438	-0.0216727
15	844	-0.0335259
15	488	0.053231
15	368	-0.0199777
15	299	0.0288085
15	625	-0.0306039
15	329	0.0269746
15	695	0.0337073
15	673	0.0309735
15	836	0.0294205
15	86	-0.0189101
15	614	0.0129843
15	408	0.0325928
15	792	0.0217129
15	268	-0.0157919
18	54	0.0222836
18	5	-0.0288259
18	135	-0.0332067
18	768	0.0378566
19	598	-0.0746621
23	0	-0.0259501
24	818	-0.0179222
24	657	-0.0334292
25	181	0.0664531
25	308	-0.05017
25	999	-0.0296325
25	218	0.0874628
25	770	0.0505864
25	822	0.0255531
25	265	-0.049321
25	964	0.0269527
25	360	-0.017676
25	737	0.00911568
25	432	-0.0268721
25	902	0.0390198
25	914	-0.0130081
25	134	-0.0258507
25	30	0.0214917
25	705	-0.0658353
25	690	0.0343873
25	486	0.0224012
25	688	0.0387194
26	423	0.0458521
28	620	0.0177502
28	283	0.0135353
28	61	-0.0262967
28	285	-0.0249308
28	456	0.0317574
28	746	0.0284231
28	601	0.0320805
28	569	-0.0299227
28	337	0.0403797
28	44	-0.0339226
28	524	-0.034484
28	48	-0.0211754
28	103	-0.0202814
28	189	-0.0177867
28	861	0.0161625
28	14	-0.0334541
28	727	-0.0329168
28	825	0.0366528
28	863	0.00780382
28	978	-0.0351481
28	222	-0.0444597
28	818	-0.0265397
28	113	0.0181426
28	493	0.0458735
28	324	0.0129933
28	267	-0.0268894
33	855	0.0214026
33	153	0.0294933
33	633	-0.0914858
33	803	0.0287185
33	768	0.0321733
34	813	0.0431877
34	785	-0.0481018
36	423	-0.0251556
38	734	0.0215626
38	640	-0.0104072
40	358	-0.0233673
40	904	0.0142225
40	219	-0.034785
40	540	0.0127146
40	802	-0.054215
40	864	-0.042984
41	920	0.0411628
41	555	-0.044286
44	603	-0.0548138
44	908	0.0267663
44	981	0.0284282
44	210	0.0534463
48	154	-0.0607273
48	38	0.0276332
48	128	-0.0237231
48	772	-0.0228868
48	286	0.0104071
54	737	0.0427833
54	813	-0.0373675
54	32	-0.02894
54	910	-0.0477303
55	34	0.0275631
55	67	-0.0832623
55	334	-0.059815
55	526	0.0479181
55	675	0.0187388
57	15	-0.00600871
57	28	-0.0264464
57	722	0.0189767
57	285	-0.027121
57	601	0.028074
57	510	-0.0378406
57	44	0.0290743
57	962	0.0605616
57	230	-0.0313646
57	500	-0.0253255
57	748	-0.0238007
57	582	0.0257648
57	563	-0.0239269
57	853	0.0126443
57	862	-0.0329989
57	555	0.0229212
57	963	0.0285465
57	42	0.0603438
57	985	-0.016902
57	725	0.0278829
57	195	0.015845
57	561	0.0121211
57	772	-0.0523342
57	712	0.0322858
57	595	0.0210943
57	160	-0.063801
57	818	-0.0462435
57	923	0.0161426
57	539	-0.0199672
57	287	0.0250161
57	723	0.0358431
60	475	-0.0332128
61	601	-0.0196198
61	591	0.0308873
61	300	0.0210216
61	136	-0.0425242
61	518	-0.0352194
61	568	-0.0279246
61	701	-0.0332297
61	225	-0.0281548
61	380	0.0178374
61	631	0.0509877
61	374	0.0388479
61	393	0.0216985
61	507	-0.0217784
71	246	0.0592856
71	25	0.0583133
71	181	-0.0371573
71	707	0.052548
71	764	0.0197457
71	781	0.0266918
71	794	-0.0488847
71	800	0.0293737
71	845	-0.0410944
71	697	-0.0564856
71	54	0.0358363
71	964	-0.0401605
71	412	-0.0363787
71	788	-0.0454195
71	309	-0.0513566
71	416	-0.0179179
71	26	0.0659579
71	706	-0.0399303
71	458	-0.0305309
71	194	-0.0609447
71	17	0.0359654
71	868	-0.049338
71	612	0.0660402
71	910	0.047449
71	255	-0.0758891
71	479	-0.0421333
76	978	0.0281461
80	377	-0.0157507
83	15	0.0258579
83	710	0.0409343
83	722	0.0194255
83	679	0.0422423
83	738	-0.0315679
83	886	0.0279411
83	677	0.024407
83	191	0.0121427
83	746	0.0192031
83	382	0.0300626
83	961	-0.0249104
83	510	0.0228308
83	337	0.0288154
83	588	-0.0216341
83	298	0.0140872
83	943	-0.0164476
83	591	0.0203324
83	808	0.0337194
83	518	0.0490826
83	500	-0.0193356
83	831	-0.0210333
83	41	-0.0111253
83	942	0.0333321
83	689	-0.016287
83	875	-0.0212663
83	109	-0.0194677
83	128	0.020849
83	42	-0.0260923
83	227	-0.0178522
83	934	-0.0565952
83	21	-0.0412322
88	498	-0.0420228
95	511	-0.0298547
95	608	-0.0354268
95	5	0.0232556
95	924	-0.016443
96	900	-0.0372499
99	546	-0.0462259
99	544	0.0256204
99	903	0.0285146
99	687	-0.021842
103	189	0.0197128
103	547	-0.0287406
103	648	0.0286656
103	836	-0.0448233
104	517	-0.0257975
104	842	-0.059342
116	16	0.0265672
118	345	-0.0255883
118	904	-0.021954
118	70	0.0349932
130	828	0.0505662
134	828	-0.0329872
134	612	0.0184622
135	559	-0.0385466
136	148	-0.0314279
136	488	-0.0458837
136	477	0.0202045
136	199	-0.0106111
141	433	0.0126828
143	834	0.0222961
143	30	-0.0316185
143	971	-0.0462164
143	807	0.0462263
147	945	0.0284458
147	191	0.0271772
147	548	-0.026546
147	943	-0.0248398
147	103	-0.0131452
147	757	0.025515
147	862	-0.01528
147	228	0.0412513
147	128	-0.025738
147	763	-0.0285689
147	969	-0.0228725
147	894	0.0252255
147	96	-0.0186644
147	465	-0.0153267
147	43	-0.030235
148	228	0.0340133
153	376	0.0617252
153	583	-0.04443
154	96	0.0169582
155	466	0.029416
155	63	-0.0215213
158	154	-0.0172476
158	211	0.015848
158	358	0.0118736
158	963	0.0187154
158	222	0.0388869
159	6	0.0198017
159	578	-0.0234106
161	640	0.0252335
165	411	-0.0227325
170	174	-0.0351885
170	601	-0.0283271
170	510	0.0248457
170	567	0.0365226
170	300	0.0151915
170	270	0.0192951
170	519	0.0212998
170	467	0.036246
170	903	0.0214558
170	488	-0.017144
170	888	-0.0241063
170	80	-0.0209158
170	250	0.0317831
170	695	0.0263369
170	241	-0.0163687
170	673	0.0287502
170	381	-0.0173664
170	789	-0.0270351
174	217	0.00717206
174	571	0.0602532
174	889	-0.0254263
174	141	0.0240842
174	60	-0.0319993
174	477	-0.0163298
174	403	0.0315549
174	950	-0.0418093
174	248	-0.0469285
174	615	0.0229255
181	707	0.024398
181	685	0.0518018
181	594	0.029713
181	511	0.0213127
181	800	0.0397948
181	608	-0.0226409
181	537	0.0253918
181	119	-0.126193
181	19	-0.0261306
181	376	0.0259959
181	32	-0.0617756
182	26	-0.00935589
182	194	0.0401317
182	633	0.0813104
182	786	-0.0439891
183	904	-0.0362759
183	720	-0.00879198
183	335	-0.0303014
183	137	0.0192287
185	378	0.052064
186	273	0.0271799
189	940	0.0485808
189	484	0.0690737
189	368	0.0570019
189	305	-0.023671
189	453	0.0184431
191	231	0.03556
191	548	0.0304277
191	337	-0.0143214
191	270	-0.0458137
191	438	-0.0297695
191	303	0.02125
191	241	0.0393717
191	683	-0.0583099
202	130	0.0139403
207	443	-0.0196055
207	735	0.028414
209	978	-0.0398415
209	215	-0.0249035
211	380	-0.0367791
217	44	0.0191204
217	497	0.0293312
217	24	-0.0345596
217	484	0.0117029
217	875	0.0169824
217	686	0.0336281
217	301	0.0526677
217	656	-0.0575402
217	108	0.0285766
217	188	-0.0212926
218	297	0.058601
218	88	-0.0464216
218	785	-0.0208914
218	705	0.0519649
218	612	-0.0854983
218	698	-0.0662784
218	806	-0.0480414
218	526	-0.0342311
218	584	-0.0471094
218	459	0.0447311
218	184	-0.0373558
223	601	0.0298023
223	591	-0.0267328
223	48	-0.0196932
223	980	-0.0354885
223	734	0.0307798
223	625	0.0389033
223	554	0.029761
223	425	-0.0258156
223	927	0.0334261
226	832	-0.0407807
230	546	0.0292911
230	911	0.100472
231	2	-0.0340565
231	500	0.0190345
231	658	-0.0550493
231	831	0.0318943
231	763	0.0129891
231	957	0.0490628
231	250	-0.0147301
231	650	0.0231132
231	923	-0.00752982
231	310	0.0215658
233	963	0.0323646
233	912	-0.0313811
233	656	0.0314814
238	914	-0.0457687
238	194	-0.028687
238	490	0.0622571
246	181	0.021688
246	685	-0.0386943
246	95	-0.0138907
246	664	0.0561222
246	341	0.0534925
246	565	0.0545571
246	226	0.0570917
246	533	-0.0547232
246	914	0.0199936
246	946	0.0821771
246	134	-0.0435177
246	834	0.0321971
246	487	0.110845
246	144	0.0347932
246	336	-0.0376819
246	52	0.0362842
262	276	-0.0230032
265	432	0.0220876
265	814	0.0545675
265	924	0.0297116
265	705	-0.0569557
265	0	-0.0541977
269	550	0.0169699
270	979	0.0320713
270	544	-0.0473754
270	773	-0.0257472
270	219	0.0576032
274	979	0.0250666
274	648	0.0312218
274	271	-0.0363274
275	222	0.0308581
276	137	-0.0492355
279	727	-0.0205437
279	689	-0.0170897
279	546	-0.0232398
279	248	-0.022096
283	61	-0.0356077
283	945	0.0121058
283	191	0.0298187
283	136	0.0510302
283	998	-0.0292681
283	962	0.0251767
283	41	-0.0278411
283	76	0.0404322
283	802	-0.0362242
283	502	-0.0388524
283	390	-0.0484773
284	269	0.0456628
284	834	-0.049025
284	165	-0.0282356
285	456	-0.0218382
285	541	-0.0281452
285	933	-0.0125161
285	843	0.0182355
285	568	0.0304472
285	551	0.0237122
285	109	0.0306632
285	763	-0.0211282
285	765	0.0379889
285	732	0.0224001
292	431	-0.0200474
292	825	-0.0164275
292	262	-0.039702
292	199	0.0535846
293	614	0.011713
297	511	0.0349122
297	55	0.0446469
297	143	0.0239379
297	662	0.0550909
297	814	0.057638
297	67	-0.0614196
297	575	0.0303336
297	130	0.0502216
297	196	-0.0479989
298	1	0.0324456
298	463	-0.0199232
298	116	-0.0382298
298	256	0.0114941
298	180	0.0106812
298	43	0.0218021
298	221	-0.0239733
300	230	0.0303832
300	59	-0.0189243
300	422	-0.0451493
301	353	-0.0233892
305	573	0.0106892
308	542	0.0327997
308	95	-0.035336
308	265	0.0522881
308	791	0.0643146
308	226	0.0236397
308	432	-0.0454143
308	412	0.0212937
308	32	-0.0335241
308	882	-0.0464488
308	93	0.03939
308	698	0.0378512
308	955	-0.0230752
308	637	0.0662831
309	135	-0.0501688
312	654	-0.0159917
318	467	-0.0246036
318	152	-0.0523023
323	415	0.0378285
323	71	0.0642227
323	246	-0.0169314
323	181	0.0194704
323	308	-0.0194743
323	218	0.00688481
323	685	0.0446657
323	781	0.0428344
323	542	0.00695799
323	297	-0.0272353
323	697	0.0660549
323	18	0.0244882
323	515	0.030267
323	238	-0.0242966
323	119	0.0341429
323	23	0.0206128
323	946	-0.0609566
323	819	0.0401749
323	334	0.0735397
323	895	0.0340325
323	17	0.0200081
323	19	0.0657135
323	705	-0.047059
323	681	0.038455
323	36	0.0540646
323	633	-0.0250441
323	202	-0.0647998
323	185	-0.0355563
323	0	-0.0452533
323	598	0.0474442
323	828	-0.00770943
323	698	0.0659092
323	387	0.0549011
337	571	-0.0316504
337	942	0.0671486
337	60	0.0177315
337	240	0.00961699
341	822	-0.0680163
341	18	0.0304783
341	334	-0.0219465
341	785	0.0314344
341	803	0.0585536
345	817	0.0228919
345	508	0.0387562
358	712	-0.0666155
360	19	-0.0423472
360	30	-0.0388649
360	786	-0.0600793
360	263	-0.0341486
361	738	0.0396185
361	174	-0.0358068
361	677	0.031222
361	560	0.0630991
361	610	0.0529146
361	889	0.0230542
361	118	0.0397436
361	207	-0.0482461
361	109	-0.0240287
361	817	0.0277298
361	161	0.0140926
361	329	0.0223693
361	377	0.014476
361	516	0.0291687
361	122	0.0154598
368	299	-0.0169325
370	737	-0.0345414
370	416	-0.0213661
370	88	-0.0324599
370	598	0.0199237
374	894	0.0322903
374	716	0.0315638
380	358	-0.0192735
382	2	-0.0218887
382	14	-0.0242439
382	963	-0.0191028
382	59	-0.0312799
382	215	-0.0108616
382	50	0.0255817
382	726	-0.0143842
382	102	0.0555794
384	936	0.0146809
389	270	0.0229911
389	230	0.0317649
389	658	-0.056296
389	563	-0.0522539
389	380	-0.0272369
389	84	0.0232841
389	126	0.0526616
389	877	0.0277014
400	93	0.0712688
403	735	0.0151235
408	138	0.0304374
412	868	0.0818835
412	882	-0.0295014
412	534	-0.0340359
413	430	0.0261472
415	71	0.0303352
415	246	-0.0497023
415	181	-0.0226719
415	707	0.0383199
415	781	-0.0501806
415	655	-0.0376282
415	95	-0.0712821
415	794	0.0522188
415	33	0.0306576
415	341	0.0397898
415	455	-0.0313748
415	600	0.0423672
415	515	0.0484924
415	565	-0.0353676
415	226	-0.0170957
415	238	-0.0199105
415	360	-0.0444758
415	737	-0.0244797
415	680	-0.0349874
415	855	-0.0370579
415	706	-0.0241801
415	868	0.0406984
415	478	-0.0291219
415	36	-0.0408684
415	411	-0.0439329
415	8	0.0215964
415	110	-0.0445917
415	955	-0.0283187
416	88	-0.0185399
417	664	-0.0331533
417	33	0.0462324
417	854	0.0579109
417	432	0.0734433
417	458	-0.0461935
417	486	0.0229226
417	459	0.0354948
417	156	0.0593397
429	528	-0.065894
429	900	-0.0181133
431	98	0.0356018
431	207	0.0278874
431	631	0.0568545
431	227	0.0249458
432	23	0.0267757
432	153	-0.0288678
440	943	0.0285727
440	541	0.0634376
440	497	-0.0135001
440	658	0.0562313
440	274	-0.0485984
440	443	-0.0341029
440	465	0.0197795
440	101	0.0400683
443	728	0.0309662
455	791	0.02246
455	23	-0.0648638
455	680	-0.0229094
456	337	0.0136504
456	644	-0.0309171
456	808	-0.0224646
456	431	0.0450262
456	560	0.0105627
456	519	0.0422301
456	748	-0.0342048
456	406	-0.0205759
456	324	0.0280201
463	403	0.0515652
463	528	0.0822354
463	195	0.0171784
463	12	-0.022928
467	109	0.0308898
467	9	0.0140225
473	399	0.0349087
473	898	0.0243317
475	718	-0.0207782
477	726	0.0220355
481	345	0.0199319
481	59	-0.0255712
481	988	-0.0401128
481	824	0.0283971
487	806	-0.0499562
488	957	0.0135585
490	786	0.0436812
492	306	-0.0350206
497	438	-0.0283861
497	950	0.0241042
497	908	-0.0188359
498	307	0.0234006
500	209	-0.0407636
500	109	-0.014785
500	225	0.0388023
500	488	0.0181253
510	44	0.0343495
510	547	-0.0277474
510	148	0.0259626
510	957	-0.0287925
510	724	0.0479674
510	915	-0.0326254
510	987	0.0235757
511	54	-0.0330543
511	964	0.0529615
511	119	0.0334175
511	473	-0.0307394
511	819	0.0153617
511	492	0.0815732
512	684	0.0386063
512	912	-0.0276838
515	134	-0.0524942
515	478	0.0286979
515	495	0.0936473
518	160	-0.0549635
518	113	0.0229138
518	599	0.0474159
519	825	0.0250079
521	497	0.0436206
521	274	-0.0444016
521	634	0.0513601
521	773	-0.0283579
521	329	-0.0189734
521	16	0.041188
521	384	0.0194619
523	233	-0.0429623
523	141	0.0363411
523	280	-0.0275739
523	900	0.0239807
524	523	0.0483784
524	1	0.0259159
524	831	-0.0494377
524	535	0.0286258
524	60	0.011526
524	21	0.0415985
533	119	0.0173065
533	834	-0.0192036
534	583	-0.016025
535	734	0.0280212
535	528	0.0107026
537	680	-0.0382237
537	153	0.0317715
537	498	0.0139997
537	517	-0.0618726
541	158	0.0432518
541	292	-0.0114678
541	463	-0.0409569
541	512	0.015616
541	96	-0.0211809
541	918	0.0244784
542	297	-0.0605734
542	95	0.0369759
542	18	-0.0306588
542	964	0.0137967
542	662	-0.0418334
542	334	-0.049508
542	204	-0.0916679
542	187	-0.0638849
542	200	-0.0594599
544	303	-0.0248606
546	988	-0.00535525
547	940	0.0260882
547	844	-0.0129188
547	712	-0.0245991
548	943	0.0369903
548	742	0.0181145
548	279	-0.023759
548	889	0.0689033
548	568	0.0369082
548	979	0.0276469
548	920	-0.0391636
548	228	0.0168984
548	528	0.0166339
548	406	-0.0189802
551	911	0.0608449
551	299	-0.028754
555	113	-0.0209444
555	702	-0.0157724
560	903	0.0201221
560	256	0.0502431
560	719	-0.0153046
563	258	0.041066
565	522	-0.037897
565	517	-0.0223812
565	378	0.0302506
567	582	0.0181055
567	228	0.0178399
567	894	0.0473222
567	716	0.0241749
567	749	0.00924141
567	702	0.0311016
567	846	0.0403634
568	227	0.0269228
569	876	-0.0173102
569	1	-0.0230906
569	544	0.0175324
569	920	0.0310244
569	116	-0.0208889
569	193	0.0380934
569	117	-0.0283598
571	980	-0.0221619
571	211	0.0333832
571	934	-0.0173582
571	305	0.0182176
575	306	0.0338472
575	93	-0.037705
582	817	-0.0373414
582	648	0.0335602
582	162	-0.0213158
582	516	0.0183942
588	835	-0.0148881
588	24	0.0309047
588	980	0.0202697
588	825	-0.0372688
588	148	0.0479748
588	250	-0.0296262
588	802	0.0168998
591	808	0.0188223
591	14	0.0267158
591	727	-0.0243643
591	725	0.0267764
591	403	-0.0225665
591	773	-0.025153
594	417	-0.0477914
594	455	-0.045974
594	515	0.0766933
594	902	0.0354227
594	165	-0.0204722
594	185	0.0354305
594	715	0.0215738
596	223	-0.0427439
596	693	0.0230359
596	607	-0.0159582
596	835	-0.0126261
596	1	-0.0151538
596	76	0.0278907
596	716	-0.0372207
596	106	-0.027326
596	485	0.0195449
596	936	0.0402931
600	832	-0.0216524
600	75	-0.0183485
601	693	0.0257363
601	337	0.0377665
601	521	0.0262367
601	943	-0.0186046
601	980	0.0184733
601	563	0.027855
603	6	0.0164791
607	233	-0.0293955
607	641	0.0351482
607	12	-0.0247174
607	86	-0.0214702
607	453	0.0145407
608	104	-0.05551
608	898	-0.0329573
610	154	0.0200976
610	563	-0.0287378
610	561	-0.0386562
613	886	-0.0149983
613	548	-0.0433536
613	746	0.032514
613	382	-0.0357118
613	588	0.0254121
613	567	0.0207916
613	644	0.0567765
613	607	-0.013188
613	99	-0.0271419
613	118	0.0176076
613	568	0.0286621
613	318	-0.0192197
613	634	-0.00725848
613	429	-0.0393418
613	717	0.0315265
613	824	-0.0200455
613	186	0.0092083
613	621	0.0183566
620	679	0.0476551
620	596	0.0496837
620	382	0.0416158
620	337	-0.0435679
620	292	-0.0701561
620	523	0.0173237
620	183	-0.0442419
620	2	-0.0126341
620	154	-0.0203649
620	262	0.0290863
620	799	0.0183637
620	767	-0.0134152
620	718	0.0447279
620	22	0.0177949
625	84	-0.0124118
631	374	-0.0214185
631	573	-0.0227198
634	214	-0.0298202
638	975	-0.0170988
638	663	-0.0320329
638	83	-0.0266354
638	57	-0.0241648
638	15	-0.040326
638	779	-0.0204884
638	710	-0.0143989
638	170	-0.0205119
638	679	0.0252005
638	283	0.0396753
638	945	0.0208613
638	738	0.0464232
638	886	0.0418312
638	677	0.027682
638	191	-0.0413296
638	217	-0.0381785
638	456	-0.0377902
638	746	-0.0526258
638	961	-0.0110634
638	569	0.083832
638	876	0.0358978
638	607	0.0251766
638	541	-0.0152945
638	835	-0.0356921
638	948	-0.0456182
638	270	0.0209004
638	183	-0.015516
638	742	0.0402824
638	861	-0.00984454
638	99	-0.0399165
638	610	0.025658
638	979	0.0388639
638	815	-0.0134323
638	551	-0.0338019
638	862	0.0243313
638	875	0.0265268
638	512	-0.0269793
638	228	-0.0491266
638	686	-0.0241125
638	934	0.0374289
638	293	-0.0128936
638	301	0.0268369
638	485	-0.0129662
638	9	0.0183166
638	50	-0.045059
638	422	-0.0171723
638	502	0.022768
638	503	-0.0659928
638	683	0.0272264
638	865	-0.0281
641	799	0.0345857
644	808	-0.0343141
644	211	0.031087
644	540	-0.0141177
644	215	0.00912187
644	123	0.0200705
655	95	0.0582763
655	226	0.0286896
655	119	0.0579353
655	5	0.0513362
655	788	0.0471057
655	309	-0.0148954
655	88	0.0550804
655	832	-0.0285626
655	931	0.0340018
655	312	-0.0323089
655	807	0.0368271
658	195	0.0487105
658	406	-0.0164846
662	5	-0.0614555
662	400	-0.0290188
662	328	0.0921239
662	307	0.0457999
663	83	-0.0335499
663	15	0.0440124
663	613	0.0246705
663	722	0.0569556
663	147	-0.0202551
663	361	-0.0583334
663	620	0.0318322
663	283	-0.0260057
663	285	0.0176189
663	191	-0.0151046
663	223	-0.0400488
663	876	-0.0205078
663	588	0.0307515
663	440	-0.0482176
663	136	-0.0316815
663	481	0.0164273
663	279	0.0190333
663	861	0.0344264
663	610	0.034017
663	98	0.0106317
663	484	-0.0144609
663	209	-0.0275712
663	207	-0.0188358
663	689	-0.0411638
663	535	-0.0284193
663	920	-0.0346568
663	262	0.0456907
663	804	0.0276793
663	817	0.0324634
663	275	0.0224593
663	734	-0.019591
663	994	0.0297041
663	772	-0.0114206
663	335	0.0231144
663	430	0.0505329
663	242	0.0331689
663	169	-0.0238562
663	390	-0.0282241
663	877	-0.026467
663	133	-0.0232664
664	794	-0.056161
664	964	-0.0199113
664	370	0.0979068
664	284	-0.0236904
664	914	0.0615811
664	104	-0.0289132
664	376	0.0309013
673	180	-0.0348656
677	300	-0.0126167
677	40	-0.0204438
677	843	0.0317565
677	279	0.0146398
677	757	-0.034757
677	701	0.0234461
677	276	-0.0423692
677	641	0.0395075
677	214	0.0239313
677	792	0.037586
677	461	0.0236199
679	738	0.0207842
679	44	-0.0585478
679	933	0.0411625
679	941	-0.0507722
679	748	-0.0146117
679	154	0.0231399
679	98	0.0262039
679	141	-0.0254025
679	535	-0.0524353
679	879	-0.0341677
679	299	0.012526
679	80	0.0450668
679	161	0.0201855
681	204	0.033626
684	667	0.020503
685	822	0.0526277
685	697	-0.0460422
685	533	-0.029157
685	473	-0.0403197
685	309	0.0417921
685	895	-0.0297763
685	17	0.0249203
685	478	0.0487034
685	110	-0.0324688
686	836	0.0382186
689	339	0.0190534
690	379	-0.0437912
693	298	-0.0138285
693	497	-0.0195021
693	158	0.0251082
693	118	-0.0267795
693	804	0.0280236
693	159	0.0184916
693	241	-0.0167986
693	126	0.0394669
693	723	-0.0216258
697	182	-0.0426911
697	486	0.048931
701	465	0.0204698
706	478	-0.0394155
707	218	-0.0129965
707	55	-0.0454082
707	537	-0.03302
707	533	0.0521443
707	412	0.0222591
707	902	0.0741734
707	34	0.028977
707	776	-0.0782004
707	681	-0.0301416
707	312	-0.0562868
707	320	-0.0304009
707	454	0.0685379
710	361	-0.0271378
710	174	-0.0223875
710	521	0.0181502
710	933	0.00795578
710	962	-0.0439486
710	563	0.0530468
710	815	-0.0227693
710	76	-0.0274935
710	141	-0.0229757
710	701	-0.0182575
710	380	-0.0580232
710	969	0.0181965
710	603	0.0246522
710	443	-0.0177884
710	475	-0.0436563
710	219	0.014303
710	994	-0.0538154
710	335	0.0231527
710	513	-0.0431027
717	413	0.0518513
720	193	0.0385689
722	886	-0.0291127
722	440	0.0203082
722	644	-0.0235982
722	389	0.0271147
722	571	-0.0178211
722	518	0.0324486
722	24	0.0352488
722	98	-0.0527807
722	318	-0.0134597
722	262	-0.0310888
722	684	-0.0177926
722	368	-0.0316001
722	508	-0.0198885
724	951	-0.0367466
725	773	-0.0331625
727	595	0.0235476
737	914	-0.05574
738	886	-0.026461
738	481	0.0549648
738	518	-0.0357669
738	560	0.0345875
738	519	0.0245131
738	318	0.0351863
738	863	-0.0182268
738	159	0.0264703
738	275	-0.0299305
742	209	0.0323874
742	512	0.0140212
742	358	0.0337881
742	53	0.0380103
746	382	0.0227835
746	136	-0.0473586
746	40	-0.0390907
746	292	-0.0181525
746	481	0.0210547
746	413	0.0222834
746	137	0.0099752
748	701	0.00977319
757	748	-0.0169971
757	438	0.013688
757	539	0.0195221
764	770	-0.0256629
764	794	-0.0119495
764	455	0.0332742
764	845	-0.0421902
764	515	-0.0350044
764	284	0.052015
764	23	-0.0280785
764	269	0.0617858
764	309	0.0653029
764	776	-0.099428
764	584	0.046882
764	441	0.0443592
764	921	0.0331688
770	594	-0.0121063
770	265	-0.0484335
770	608	-0.050565
770	370	-0.0241908
770	238	0.021031
770	334	0.0307725
770	30	-0.0657079
770	394	0.0788354
776	785	0.0394152
776	661	-0.0564336
779	613	0.0338756
779	147	0.0126065
779	620	0.0315243
779	738	-0.0469464
779	174	0.01425
779	510	0.0229526
779	521	-0.0411319
779	835	0.0200192
779	933	0.0190202
779	292	0.0396345
779	843	0.0174539
779	230	-0.0282829
779	547	-0.0387781
779	519	-0.0148228
779	438	-0.0127465
779	98	-0.0278737
779	225	0.0236219
779	717	-0.0192463
779	303	-0.0162171
779	720	-0.0134097
779	160	0.0200896
779	169	-0.0285958
779	339	0.0195519
779	433	-0.0328257
779	142	-0.0197495
781	594	-0.0653962
781	794	-0.0341571
781	600	0.06015
781	226	0.0222279
781	680	0.0472856
781	946	-0.0385377
781	17	-0.0353844
781	522	-0.0318095
781	319	-0.0442792
784	285	0.0252515
784	231	-0.0490529
784	596	0.0189064
784	567	0.0330944
784	523	-0.0351266
784	941	0.0205065
784	431	-0.0194037
784	940	-0.0264495
784	519	0.0472295
784	544	-0.0425293
784	920	-0.0409148
784	128	-0.0372119
784	912	-0.0468406
784	789	0.037275
788	67	-0.0240451
788	471	0.0371336
791	608	0.0240654
791	119	0.0748858
791	814	0.0657372
791	306	-0.0248841
791	967	-0.0137012
791	627	-0.0322737
794	143	-0.011417
794	819	-0.0160886
794	813	0.0324856
800	697	0.0680706
800	23	-0.020406
800	416	-0.0276934
800	67	-0.0351764
800	832	0.0225445
800	194	-0.0372995
804	527	-0.00806472
808	183	0.0214878
808	274	0.0264897
808	708	0.0358738
809	719	-0.0196148
813	156	0.0550158
814	458	-0.0400462
814	971	-0.0291734
815	641	0.0293422
819	26	0.0427088
822	455	-0.0154768
822	819	-0.0336019
822	67	-0.0550198
822	144	0.0471806
822	328	-0.0560514
825	385	-0.0466375
831	211	0.0379438
831	815	0.0333265
831	844	0.0111873
835	225	0.0262428
835	950	0.0338314
835	714	-0.0125286
843	24	-0.0319793
843	815	0.0217629
843	804	-0.0285206
843	162	0.029854
844	106	0.054354
845	565	-0.0381307
845	370	-0.0323418
845	269	0.0603348
845	423	-0.0953396
845	522	0.0377792
853	484	0.036286
853	621	0.0313747
853	115	-0.0619505
854	600	0.0625251
854	565	-0.0289709
854	855	-0.0528078
854	26	0.0278691
854	868	0.0549024
854	575	0.0254378
854	924	0.00976786
855	104	0.0227616
855	278	-0.0295993
861	783	-0.0303944
861	91	0.0352017
862	985	0.026727
862	561	0.0187422
863	894	0.0216841
863	767	0.0732643
863	427	-0.0250278
875	227	-0.0531478
876	571	-0.0335099
876	568	-0.0224061
876	903	0.00923391
876	717	0.0215958
876	799	-0.0320434
876	493	0.0205316
876	599	-0.0681586
879	385	-0.014671
879	287	0.0337955
886	217	0.0167054
886	644	-0.0231884
886	658	-0.0328571
886	979	0.0108379
886	76	-0.0468218
886	634	-0.0540107
886	293	-0.0271204
886	640	-0.0148502
886	667	0.0278912
888	106	-0.0366395
889	767	0.0539529
895	466	-0.0220125
895	715	-0.03553
902	776	-0.0267111
902	813	0.0670566
903	430	0.0291896
904	540	0.0504168
909	569	-0.0418346
909	998	-0.0280318
909	103	0.0316674
909	467	0.0100291
909	824	0.0332154
909	258	0.0141589
909	248	-0.0201962
909	86	0.0100783
909	513	-0.0187865
910	441	0.0639972
912	12	0.0263205
925	323	-0.0342437
925	415	0.0382204
925	71	-0.0175097
925	246	0.0601956
925	181	-0.0579512
925	999	-0.065451
925	685	-0.0568463
925	781	-0.0488585
925	542	0.0377121
925	95	0.0514951
925	417	-0.0713746
925	33	0.0191528
925	341	0.0234672
925	55	-0.036169
925	455	-0.0426033
925	600	-0.0253346
925	697	0.0389886
925	608	-0.0799085
925	537	-0.0617786
925	182	0.0464761
925	737	-0.0848537
925	533	0.0263079
925	814	-0.0246499
925	902	0.0393034
925	34	-0.0315988
925	269	0.0700596
925	473	0.0194635
925	946	-0.0317111
925	416	-0.0232844
925	706	-0.0651875
925	458	-0.0216873
925	931	-0.0290999
925	924	-0.0606271
925	492	0.0638933
925	690	-0.043191
925	971	0.04858
925	490	-0.0292742
925	155	-0.0275398
925	487	-0.0318802
925	202	0.019174
925	559	-0.0207599
925	75	-0.0184402
925	550	0.0633661
925	399	0.0141737
925	394	-0.0499733
925	602	0.0277246
925	470	0.0687178
931	264	-0.0459483
933	211	0.0234949
933	38	0.018369
933	879	-0.0379254
933	271	-0.00796039
940	551	-0.0318214
940	59	0.0318852
940	908	0.0608779
941	969	0.0570957
941	725	-0.0222246
941	475	0.0306074
941	280	-0.00992154
941	674	0.0295329
942	38	-0.0266149
942	321	0.0204812
943	497	-0.026689
943	42	0.0497187
943	603	0.0238247
943	911	0.0210934
945	596	0.0413936
945	746	0.0253527
945	909	0.017746
945	521	0.0316515
945	948	0.0170978
945	300	-0.0185521
945	843	0.0404674
945	2	0.0307312
945	889	-0.0374935
945	853	-0.019639
945	942	-0.0266254
945	356	-0.0321135
946	931	0.0408924
948	998	0.0409446
948	875	0.0252613
948	844	-0.0610039
948	477	-0.0421913
948	985	0.0377078
948	650	0.0257857
957	491	0.0257826
961	300	0.025486
961	962	0.0199783
961	853	-0.0259005
961	484	-0.013606
961	763	-0.0290876
961	429	0.0268865
961	695	0.0179387
961	286	-0.0420162
961	381	0.0267239
961	649	0.0197848
962	230	-0.00400199
962	275	-0.0478798
962	485	-0.0259559
964	5	0.0256437
964	882	0.0378825
969	888	0.0136733
975	83	0.0135949
975	57	0.0228267
975	15	0.0146068
975	28	0.032381
975	710	0.0196006
975	722	-0.0785222
975	283	-0.0598853
975	231	-0.0380314
975	456	0.0143284
975	909	-0.0546537
975	569	0.0249492
975	337	0.0441668
975	876	0.0154594
975	588	0.0344853
975	835	-0.0324772
975	158	-0.0244939
975	524	0.0140355
975	48	0.0138186
975	233	0.0278662
975	727	0.0234909
975	757	0.0169702
975	825	0.021915
975	748	0.0314772
975	345	0.0505247
975	148	0.0384014
975	689	0.0174153
975	225	0.04031
975	978	0.0138446
975	276	0.0458533
975	888	0.04956
975	911	-0.0104939
975	256	-0.0109894
975	16	0.0240215
975	385	0.0277596
975	650	0.0465469
975	242	0.0215435
975	491	-0.0311268
975	152	-0.0349272
975	554	-0.0141013
975	657	-0.0296796
975	503	-0.0128121
975	749	-0.0155065
975	798	0.0237426
975	995	0.0312911
975	220	0.0221844
979	60	-0.0104597
980	686	-0.0208658
985	180	-0.0333138
994	728	-0.0245321
996	44	0.0127552
996	298	0.00768991
996	861	-0.0159644
996	14	-0.0226598
996	889	0.0355949
996	546	0.0285674
996	684	0.0323355
996	42	0.0304362
996	258	0.0459337
996	21	-0.0360356
996	126	-0.00851393
996	425	0.0188734
998	2	0.0268608
998	742	0.0285637
998	988	-0.036673
998	595	-0.0320085
998	809	-0.0228715
999	770	0.029871
999	845	0.0230427
999	600	-0.0361795
999	284	-0.0597383
999	680	0.0226294
999	785	0.0572099
999	165	-0.0201684
999	400	0.0545
999	336	0.0443996
999	63	0.0179214
999	239	-0.0436127
999	529	0.0283027
