400
200
400
1000
500
3
0.333333	0.666667	
0	0	0.00119034	-0.014544	0.0515664
1	2	0.00256648	-0.0419799	0.0114023
2	0	0.00261546	-0.0664935	0.0231855
3	0	0.00394841	-0.118371	0.0638352
4	1	0.00435773	0.0269315	0.134863
5	2	0.006758	0.0567717	0.00669288
6	1	0.00765171	-0.00739141	0.013981
7	2	0.00958318	-0.0325888	0.00955723
8	1	0.0105191	0.0577155	0.00577249
9	0	0.0109626	-0.0888037	0.0622897
10	0	0.0137692	0.0332696	0.0189714
11	0	0.0143773	0.0609141	0.0907828
12	2	0.0156725	-0.0727658	0.0515902
13	0	0.0168566	-0.0196232	0.104708
14	0	0.0176274	0.074776	0.0460183
15	1	0.0181435	0.0298883	0.00367017
16	1	0.0192283	0.0340082	0.00981652
17	0	0.0203052	0.051146	0.0178745
18	2	0.0207652	-0.0434962	0.0960479
19	0	0.0209744	0.0414666	0.0018886
20	1	0.0215597	0.031066	0.092255
21	2	0.0219337	0.0485868	0.0641783
22	0	0.0222698	0.0421166	0.0162834
23	2	0.022915	0.00951389	0.100877
24	0	0.0233701	0.0159717	0.0639729
25	0	0.0235191	0.0664784	0.00882658
26	2	0.0237464	-0.0182466	0.11208
27	1	0.0238049	-0.0404688	0.00734472
28	1	0.0238561	0.0192998	0.0527341
29	0	0.0246975	0.0260332	0.0214438
30	1	0.0248515	-0.0356994	0.104372
31	0	0.0270601	-0.0090116	0.0173966
32	2	0.027085	-0.0342318	0.0242267
33	2	0.0295766	-0.0157633	0.0214369
34	2	0.0305608	0.0735209	0.0206031
35	2	0.030772	-0.0253325	0.029991
36	2	0.0308414	0.0270764	0.0162938
37	2	0.03085	-0.0575894	0.00859524
38	0	0.0310808	0.0544363	0.0286905
39	2	0.0315162	0.0259819	0.0470449
40	1	0.0324852	0.0285087	0.0682718
41	2	0.0329293	-0.0158365	0.0312644
42	2	0.0333256	0.0387169	0.0540309
43	1	0.0342486	-0.0335424	0.0204363
44	2	0.0348193	-0.0258686	0.00700512
45	2	0.0355633	-0.0571089	0.0454624
46	2	0.0364504	-0.0833534	0.0195911
47	0	0.0368342	0.0210525	0.0492848
48	1	0.0377234	-0.0278977	0.087906
49	1	0.0383606	0.0886257	0.0624863
50	0	0.0403243	-0.022097	0.0495161
51	0	0.041208	-0.0478855	0.0195099
52	0	0.0427879	0.00942061	0.0126446
53	0	0.0435701	-0.0302325	0.0440255
54	1	0.0444631	0.0366547	0.0769829
55	0	0.0454932	0.0476511	0.0314541
56	1	0.046346	0.135847	0.0652235
57	0	0.0467041	-0.019487	0.00505709
58	2	0.0490338	0.0053681	0.0619133
59	2	0.0533336	0.0120824	0.028989
60	2	0.0540645	-0.0247711	0.0119941
61	0	0.0541379	0.0987472	0.0315317
62	0	0.0551837	0.0229884	0.0198309
63	2	0.0562308	-0.062439	0.00412018
64	0	0.0582134	-0.0168999	0.124396
65	0	0.0585132	-0.0229471	0.00106042
66	0	0.0586256	0.0230044	0.00343242
67	0	0.0586273	-0.00394126	0.10107
68	2	0.0588401	-0.0538942	0.0376104
69	1	0.0591354	0.146707	0.0847973
70	1	0.0591893	0.106088	0.0290716
71	2	0.059473	-0.0226712	0.0473653
72	2	0.0609813	0.050916	0.0434593
73	0	0.0614133	0.0466067	0.0204627
74	0	0.0614564	0.0099511	0.046774
75	1	0.0616023	-0.0590358	0.0510057
76	1	0.0627977	0.0748439	0.0296862
77	2	0.0634207	-0.0540589	0.0594037
78	0	0.0653278	-0.0174025	0.0176134
79	2	0.0673415	-0.0515068	0.0232263
80	2	0.0675933	-0.026983	0.156356
81	2	0.0679956	-0.0202634	0.0176386
82	2	0.0702887	-0.0769819	0.122459
83	2	0.0706294	0.0312066	0.00733105
84	0	0.071042	-0.0380469	0.0298989
85	0	0.0711452	-0.0479572	0.00419248
86	0	0.0719931	-0.0438436	0.0390491
87	2	0.0721698	-0.0437902	0.00974492
88	0	0.0725388	0.0235886	0.0320956
89	2	0.0734162	-0.0612581	0.0535595
90	0	0.0752038	0.0205852	0.111399
91	0	0.0755574	0.0377601	0.0280887
92	1	0.0765451	-0.0926736	0.0772176
93	2	0.0771615	0.0764934	0.00491537
94	0	0.0779911	-0.130136	0.0257987
95	2	0.0790052	0.0217956	0.0232872
96	0	0.079107	0.105126	0.00521979
97	2	0.0791244	0.074678	0.00170301
98	0	0.0792195	-0.00754863	0.0106967
99	2	0.0794764	0.059907	0.010253
100	2	0.0799157	0.0274349	0.0293385
101	2	0.0799733	0.0870988	0.0785158
102	0	0.0813251	0.0274704	0.0179213
103	0	0.0817283	-0.0719026	0.00371857
104	0	0.0857804	0.116309	0.00516954
105	2	0.0858841	-0.0186823	0.0423591
106	0	0.0859691	0.0410337	0.0852918
107	2	0.086402	0.0234888	0.0878748
108	2	0.0867681	0.00998823	0.0335632
109	2	0.0899897	0.0179653	0.0106589
110	0	0.0938983	0.0167369	0.0538907
111	2	0.0939531	0.0855479	0.018935
112	2	0.0948356	0.0619837	0.0945054
113	1	0.0955187	0.0034821	0.020389
114	2	0.0958303	0.0831595	0.00637311
115	2	0.0963284	-0.0309998	0.0170324
116	2	0.0965371	0.0224394	0.0122881
117	2	0.0986949	0.0277829	0.114238
118	2	0.0993367	0.0241839	0.0389033
119	2	0.10035	0.00906002	0.116808
120	1	0.100492	-0.113244	0.0331336
121	1	0.101341	0.0292314	0.0805439
122	1	0.101673	-0.0209043	0.103434
123	2	0.102986	-0.0365686	0.025951
124	2	0.103035	-0.0119684	0.0856235
125	0	0.104662	-0.0410359	0.0195252
126	2	0.104891	-0.0507486	0.0125127
127	1	0.105051	-0.0347126	0.00986822
128	0	0.10603	-0.0266069	0.0504163
129	1	0.109392	-0.148769	0.0690608
130	2	0.112521	0.0210496	0.0120031
131	2	0.112761	-0.0172728	0.00220127
132	0	0.115418	-0.0129524	0.030437
133	2	0.116528	0.0421544	0.136556
134	1	0.116616	0.0166086	0.116211
135	2	0.11874	0.0405309	0.0332822
136	0	0.119207	0.0166916	0.00653892
137	0	0.119746	-0.0216444	0.000965693
138	0	0.120576	-0.00950247	0.0677798
139	1	0.123347	-0.0136607	0.0324374
140	1	0.124344	0.089833	0.0145388
141	2	0.124454	-0.0884567	0.10414
142	1	0.124781	0.00936958	0.113121
143	1	0.126558	0.0419337	0.117293
144	2	0.126832	-0.0901429	0.00953808
145	2	0.128708	-0.0101912	0.0264316
146	0	0.128735	0.0698175	0.0754293
147	2	0.129153	-0.0764416	0.120968
148	0	0.12947	0.0229831	0.0378221
149	0	0.129829	-0.0456724	0.0508659
150	2	0.129912	-0.0806454	0.0442913
151	2	0.130484	0.0772708	0.0166668
152	2	0.130966	-0.0377825	0.0286708
153	2	0.132183	-0.00734562	0.0479808
154	0	0.132638	-0.0892757	0.0300408
155	1	0.135843	0.0762343	0.11078
156	1	0.136316	-0.0247419	0.14495
157	2	0.136892	0.0095117	0.0487959
158	1	0.137302	0.0291827	0.0399483
159	2	0.137414	-0.0511108	0.0570029
160	2	0.138698	0.00687644	0.000357236
161	2	0.138954	0.0673635	0.0408041
162	1	0.140224	0.0298037	0.0204855
163	1	0.140896	0.153703	0.0494404
164	2	0.141376	0.0108614	0.00503168
165	2	0.142024	-0.0409819	0.0465218
166	0	0.143154	0.00961101	0.00472842
167	2	0.143281	-0.108487	0.012501
168	2	0.143604	-0.0456482	0.0410041
169	2	0.145628	-0.0343503	0.0272099
170	0	0.146518	0.0573921	0.0167079
171	2	0.146581	-0.0219275	0.0169756
172	0	0.146846	-0.101507	0.0640936
173	2	0.1472	0.0135485	0.0707056
174	0	0.148102	0.0157195	0.0395523
175	2	0.150544	0.00478548	0.000953924
176	1	0.15122	0.0226408	0.0950272
177	0	0.15129	0.0184977	0.0416752
178	1	0.15169	-0.015902	0.0493747
179	0	0.151925	0.0327956	0.0455435
180	1	0.153146	-0.189211	0.0398639
181	2	0.154415	0.00911257	0.00300034
182	0	0.154864	-0.0680127	0.0555152
183	2	0.15523	0.0671252	0.009283
184	0	0.156759	0.0742396	0.0162753
185	2	0.158941	-0.00962753	0.0414099
186	0	0.159714	-0.0775706	0.0173562
187	2	0.163335	-0.0507845	0.0529833
188	2	0.164027	-0.0213493	0.0224944
189	0	0.164173	0.0164252	0.0329615
190	1	0.164409	-0.108304	0.0562115
191	0	0.164561	-0.0133042	0.0106839
192	2	0.164684	0.0785554	0.0189158
193	0	0.1647	0.0115635	0.0132708
194	2	0.16487	-0.0331644	0.00782521
195	0	0.167666	-0.0500756	0.0219622
196	1	0.169312	0.0647224	0.0115042
197	0	0.17231	-0.034873	0.059566
198	0	0.172325	0.0182135	0.0103586
199	0	0.172838	0.0860376	0.00537715
200	1	0.173334	-0.00991914	0.0247568
201	1	0.173898	-0.0527922	0.0336759
202	2	0.174807	0.0104808	0.00956838
203	2	0.176419	-0.0228247	0.0250846
204	0	0.178794	-0.0352618	0.0948473
205	2	0.179882	-0.0622023	0.064489
206	2	0.180409	-0.0120449	0.00700162
207	0	0.182047	0.107005	0.0399874
208	0	0.18373	0.0672363	0.0132806
209	2	0.184047	-0.0212744	0.0273149
210	2	0.184257	-0.0362372	0.00250812
211	1	0.185065	0.0806088	0.0430832
212	1	0.186576	0.0299221	0.0241114
213	0	0.18814	-0.0188888	0.0101197
214	0	0.188792	-0.108118	0.000865049
215	2	0.189517	-0.0279037	0.10717
216	2	0.192876	0.0246429	0.0476266
217	0	0.19443	0.0630962	0.0415037
218	2	0.195392	-0.0380789	0.00799175
219	2	0.195738	-0.00470807	0.0124154
220	2	0.195742	0.133853	0.0140323
221	0	0.195842	-0.0617482	0.0432997
222	1	0.196995	-0.163488	0.0685712
223	2	0.198123	-0.0442824	0.0289796
224	2	0.198186	0.0135894	0.0543387
225	1	0.200224	0.0309287	0.0922443
226	0	0.200394	-0.0907443	0.0622518
227	2	0.201817	0.0375435	0.00484988
228	0	0.202042	0.10557	0.0717859
229	2	0.204207	0.0510352	0.0347756
230	1	0.205227	-0.0821119	0.0694816
231	2	0.207933	-0.00680287	0.00518233
232	1	0.210939	-0.109887	0.0307443
233	0	0.211016	0.084104	0.0317531
234	1	0.211792	0.0223933	0.00624949
235	0	0.21248	0.021181	0.0357303
236	0	0.213587	-0.0393334	0.093567
237	2	0.214415	-0.00585383	0.0613772
238	0	0.215146	0.0261505	0.0574233
239	1	0.215347	0.0141224	0.104924
240	2	0.215458	-0.035476	0.0288524
241	2	0.215464	-0.00803371	0.0576539
242	0	0.216064	-0.0169727	0.0410907
243	0	0.216578	0.0322753	0.111235
244	0	0.216825	0.108363	0.158427
245	0	0.216983	-0.0288079	0.00786177
246	0	0.218037	0.00156618	0.00819356
247	0	0.218076	0.0135823	0.00224993
248	2	0.220175	-0.053772	0.00075967
249	0	0.220278	0.0775284	0.053816
250	2	0.220357	-0.0122234	0.0153245
251	1	0.220474	0.0826027	0.0814766
252	0	0.223252	0.044908	0.00314853
253	2	0.223812	0.00386824	0.000991112
254	0	0.223895	0.0350104	0.0526604
255	0	0.225251	-0.0255337	0.100654
256	2	0.226984	-0.045	0.0248582
257	2	0.227251	-0.0185557	0.0310705
258	1	0.227814	0.0315991	0.102265
259	2	0.22951	0.0298837	0.00246281
260	2	0.234899	-0.0387069	0.0184192
261	0	0.235415	-0.0491274	0.0205922
262	0	0.235456	-0.0484107	0.0562322
263	0	0.235678	-0.0302221	0.0483293
264	0	0.235888	0.00804174	0.0319488
265	0	0.23705	-0.0197001	0.0382515
266	2	0.238048	-0.0357387	0.0114594
267	2	0.238334	-0.036452	0.0366901
268	1	0.23874	0.0117538	0.028355
269	0	0.241059	0.0380971	0.00654989
270	2	0.242124	0.0733692	0.00912391
271	2	0.242998	0.0360221	0.0593735
272	2	0.243465	0.0362628	0.0715591
273	2	0.243529	-0.0483915	0.011903
274	2	0.243823	-0.00207332	0.0267832
275	0	0.244267	0.0394861	0.0565556
276	2	0.244393	0.0566596	0.00798356
277	2	0.245042	-0.0643086	0.0277543
278	0	0.245832	-0.0501864	0.00443663
279	1	0.246695	0.0210924	0.0280033
280	2	0.247744	-0.119903	0.0290857
281	0	0.249056	-0.0124194	0.0306943
282	1	0.249599	-0.131242	0.0153051
283	1	0.25071	-0.0174556	0.0097064
284	0	0.257295	-0.0507684	0.0133706
285	0	0.257541	-0.027094	0.00663299
286	0	0.259875	0.0175224	0.0141357
287	0	0.261246	0.0289823	0.000630447
288	2	0.262181	0.00433046	0.0226932
289	2	0.263792	-0.0364214	0.0196942
290	2	0.265227	-0.00719033	0.0175866
291	0	0.266422	-0.0738552	0.0269937
292	0	0.266769	0.0480399	0.0228979
293	2	0.266878	0.0249452	0.00614364
294	2	0.268825	-0.0567114	0.0113963
295	0	0.272119	0.0428369	0.0508449
296	2	0.272266	0.0338301	0.0310503
297	1	0.272882	0.0481044	0.0267957
298	0	0.272995	-0.0437498	0.026432
299	0	0.273316	0.0606842	0.00406539
300	0	0.27356	-0.00151094	0.0188489
301	1	0.273587	-0.0265199	0.132254
302	0	0.273756	-0.0259363	0.0323625
303	2	0.274123	0.0455786	0.149248
304	0	0.275936	0.0611016	0.0171636
305	1	0.277572	0.0413404	0.0649808
306	2	0.277603	0.0142207	0.0242188
307	1	0.278759	0.0496509	0.0370989
308	0	0.279842	-0.0108814	0.0168297
309	1	0.280107	0.00414088	0.0628715
310	0	0.281613	-0.030627	0.0672654
311	2	0.282726	-0.0349931	0.0741647
312	0	0.283535	0.012214	0.0209801
313	0	0.286505	-0.0579164	0.104203
314	0	0.287161	-0.0109747	0.0796676
315	2	0.287675	0.0526225	0.00157333
316	1	0.288383	0.0210693	0.211606
317	2	0.288548	-0.036205	0.0166868
318	2	0.290216	-0.0443735	0.00863691
319	1	0.295312	-0.0702016	0.0634938
320	2	0.296655	0.0290715	0.00863824
321	2	0.299381	0.00580023	0.00185093
322	2	0.300085	-0.0422617	0.00658992
323	2	0.301142	0.00654842	0.0603303
324	2	0.303731	0.0534947	0.0129702
325	2	0.303982	-0.0463561	0.0891612
326	0	0.304027	-0.0733812	0.0265261
327	1	0.304947	-0.0557677	0.035127
328	1	0.305311	0.0438407	0.0450862
329	2	0.3057	0.0866172	0.0400046
330	2	0.305971	-0.130708	0.0595761
331	2	0.307395	-0.0386513	0.0210797
332	0	0.308276	-0.0614734	0.0833602
333	2	0.308281	-0.100946	0.0170913
334	2	0.308387	0.00995589	0.0676559
335	0	0.310431	-0.0302196	0.0565311
336	2	0.310761	0.00441448	0.0474379
337	1	0.312805	0.0277699	0.000512473
338	1	0.313273	0.107886	0.0146807
339	2	0.313276	0.038637	0.0313469
340	1	0.315604	0.0278622	0.143294
341	0	0.315841	0.00695228	0.0248002
342	1	0.317757	0.0172146	0.0249816
343	2	0.318677	-0.048022	0.00436609
344	2	0.318782	-0.0363725	0.0591506
345	0	0.319614	-0.0649476	0.0154816
346	0	0.321139	0.07544	0.00451556
347	0	0.32204	-0.0249075	0.0094902
348	0	0.324413	-0.0203623	0.0597722
349	0	0.324537	0.0428744	0.0493104
350	0	0.330055	-0.0283819	0.0684872
351	1	0.330692	0.0881758	0.0143025
352	1	0.331285	0.0618412	0.0877664
353	2	0.331712	-0.0706614	0.10064
354	2	0.332253	-0.0338335	1.12327e-05
355	0	0.333801	-0.00605353	0.0135625
356	2	0.336542	0.066207	0.0266455
357	2	0.336765	-0.0708269	0.00979859
358	0	0.337122	-0.0298325	0.0325535
359	1	0.339386	0.0836344	0.00333926
360	2	0.340223	0.0144566	0.0235504
361	0	0.340595	0.0294015	0.0315939
362	1	0.341194	0.0364699	0.00945599
363	0	0.34181	0.00878117	0.0214256
364	0	0.342891	-0.0348865	0.0148775
365	1	0.342933	0.0703532	0.144337
366	1	0.34374	-0.0310304	0.0809307
367	0	0.345282	-0.0112723	0.0109721
368	0	0.346861	0.0544024	0.0903677
369	0	0.347658	0.0123493	0.0682647
370	0	0.347704	0.0926322	0.0538129
371	0	0.347711	0.0384281	0.0583086
372	1	0.349034	0.0342717	0.0620435
373	2	0.356754	0.00489127	0.0503318
374	2	0.357286	0.00706227	0.0112632
375	0	0.359879	-0.0231408	0.0338915
376	2	0.361745	-0.0159576	0.0851782
377	2	0.364387	-0.0534101	0.0206063
378	2	0.365622	0.0108678	0.0842322
379	0	0.366274	-0.0376673	0.0127182
380	0	0.366543	0.0664141	0.0137819
381	1	0.367085	0.113842	0.0168296
382	1	0.367493	0.0668376	0.126658
383	0	0.367956	0.148562	0.102207
384	0	0.367985	-0.0208509	0.0390525
385	1	0.369067	0.0296015	0.0433418
386	0	0.36913	-0.0284649	0.0490902
387	2	0.369654	-0.0126479	0.0372337
388	0	0.371033	0.0897932	0.0733153
389	0	0.371304	0.0607688	0.00996052
390	2	0.372241	-0.146771	0.0707095
391	0	0.372655	0.0183203	0.0397023
392	0	0.375436	0.00856658	0.0261296
393	1	0.379207	-0.034977	0.0299848
394	0	0.379825	0.0167278	0.0166053
395	2	0.380956	-0.0957867	0.0554744
396	2	0.382015	0.00908651	0.000204631
397	2	0.382185	-0.0193082	0.0491569
398	1	0.382641	-0.0454387	0.0928608
399	2	0.384445	-0.0584809	0.0458381
400	0	0.384595	0.0170589	0.0486914
401	1	0.38487	-0.0704931	0.0206296
402	0	0.385121	-0.0416024	0.0671016
403	2	0.385771	0.0690131	0.00851021
404	2	0.387054	-0.00808305	0.0264358
405	2	0.389046	0.0362164	0.00535984
406	0	0.389978	0.0482655	0.0135677
407	0	0.390402	-0.0164172	0.107219
408	0	0.390745	-0.0734259	0.0182338
409	1	0.393819	-0.0866508	0.0134544
410	0	0.394097	-0.0423985	0.0316845
411	0	0.394998	-0.0368367	0.0179973
412	0	0.39533	-0.0514536	0.0118457
413	1	0.395683	0.0932766	0.110149
414	2	0.397319	-0.0595824	0.0106634
415	0	0.398325	-0.0220634	0.00702496
416	0	0.399218	-0.00709751	0.0542488
417	1	0.399742	0.0411095	0.0206767
418	2	0.400214	0.0874311	0.077736
419	0	0.400889	-0.0140943	0.10833
420	0	0.402645	-0.066346	0.0764248
421	2	0.403304	-0.0406466	0.0292365
422	2	0.404307	0.0269372	0.0540076
423	0	0.405606	-0.0475564	0.0132677
424	0	0.407222	-0.0456663	0.0594066
425	0	0.408733	-0.0401281	0.0211228
426	2	0.409712	0.0396341	0.0672972
427	2	0.410074	0.0742242	0.0273038
428	1	0.410609	-0.0557962	0.0344721
429	2	0.411419	-0.0123327	0.0598069
430	0	0.412457	0.023677	0.0450742
431	2	0.41547	-0.0143612	0.0429332
432	2	0.417067	-0.0445133	0.0537707
433	0	0.418678	0.0553104	0.0356895
434	1	0.419273	-0.0327451	0.000424087
435	1	0.420035	0.0388538	0.11369
436	2	0.420087	0.012377	0.065273
437	1	0.420428	-0.0369713	0.0646199
438	2	0.420552	0.0343411	0.0358816
439	1	0.420734	0.0180729	0.0490468
440	0	0.421491	0.0113348	0.0468271
441	0	0.421875	0.0628255	0.0247084
442	0	0.422001	0.00687259	0.0131006
443	2	0.422137	-0.0243749	0.0570395
444	2	0.422289	-0.0789453	0.00606577
445	0	0.424093	-0.0566016	0.0192977
446	0	0.424164	0.0184414	0.0193036
447	2	0.424254	0.0358774	0.00766469
448	2	0.42445	0.0303916	0.0517485
449	1	0.424844	0.0417678	0.0850652
450	0	0.425311	-0.0937101	0.0355311
451	1	0.426084	0.158431	0.0811294
452	1	0.426609	0.0210806	0.0718865
453	0	0.426972	-0.0364976	0.0525977
454	2	0.427579	-0.032263	0.0242006
455	2	0.430986	0.0145377	0.0314661
456	0	0.432231	-0.0820856	0.0300451
457	2	0.434024	-0.0192237	0.005708
458	0	0.435096	0.0402047	0.0454658
459	0	0.435352	0.0417984	0.0273487
460	0	0.436956	-0.0112712	0.00169926
461	1	0.437959	0.0296344	0.0189261
462	0	0.438362	0.0565912	0.0444453
463	1	0.442699	-0.0380636	0.00834656
464	1	0.444049	-0.0534934	0.0128764
465	2	0.444081	0.00275042	0.123791
466	2	0.444736	0.0413364	0.00170688
467	2	0.446448	-0.0217028	0.00126012
468	2	0.446944	-0.0249715	0.0438176
469	2	0.449932	-0.0649324	0.00930049
470	2	0.450054	-0.0414207	0.040986
471	2	0.453973	-0.0486146	0.00806288
472	0	0.454338	-0.053349	0.0205423
473	0	0.455597	0.0549493	0.00540635
474	1	0.456427	-0.0546827	0.0670168
475	2	0.457091	0.1063	0.0600177
476	2	0.457207	0.0403251	0.0125517
477	0	0.45823	-0.0290297	0.0142824
478	2	0.459121	-0.00360354	0.00553412
479	2	0.460029	-0.0416932	0.0052303
480	2	0.46008	0.0308407	0.0267912
481	2	0.460689	0.0211747	0.0569979
482	0	0.461092	0.112265	0.00824058
483	0	0.462165	0.0225997	0.059928
484	2	0.464256	-0.0429316	0.0168449
485	1	0.465064	0.0513852	0.0348735
486	1	0.465545	-0.120867	0.00170967
487	2	0.467619	0.0661356	0.00136704
488	0	0.468064	-0.00817753	0.0579196
489	0	0.468845	0.0041006	0.0383792
490	1	0.471193	-0.0478323	0.128322
491	1	0.471902	0.026738	0.070195
492	1	0.472087	-0.0502188	0.0514706
493	0	0.473316	-0.00543588	0.0157245
494	0	0.473817	0.0308227	0.0369712
495	2	0.473892	-0.0339704	0.0167894
496	0	0.474014	0.0272806	0.00126552
497	2	0.476249	0.0920127	0.0869616
498	1	0.477416	-0.0166892	0.124846
499	2	0.477634	0.0430487	0.0544584
500	0	0.477921	0.018666	0.0116385
501	2	0.478556	-0.0192525	0.00639534
502	2	0.480223	0.0141043	0.0122044
503	0	0.480323	0.0264728	0.00237908
504	0	0.481575	-0.019682	0.0878506
505	0	0.481637	-0.051456	0.0101767
506	2	0.483296	-0.0195483	0.012654
507	1	0.483463	-0.0902456	0.146522
508	2	0.485355	-0.022297	0.0234269
509	2	0.485707	0.0799295	0.108138
510	1	0.48595	0.0538638	0.0711501
511	0	0.487126	-0.0304222	0.0463305
512	0	0.487549	-0.0403827	0.0414794
513	2	0.487992	0.0688399	0.0259757
514	0	0.488042	-0.00966193	0.0331403
515	0	0.488625	-0.033627	0.0712205
516	1	0.488819	0.0223468	0.139824
517	0	0.491175	-0.0307885	0.0125411
518	0	0.491525	0.0474006	0.0449352
519	1	0.49511	0.00645182	0.117258
520	0	0.495893	0.0301593	0.0326336
521	0	0.496646	-0.0307414	0.0996703
522	0	0.497662	0.0254082	0.0546412
523	2	0.497695	-0.00862317	0.032683
524	1	0.497789	-0.0199687	0.00503768
525	0	0.497946	-0.0542961	0.00475921
526	1	0.500333	-0.0406218	0.0516635
527	1	0.500578	0.0278606	0.050628
528	2	0.502251	0.018779	0.000574734
529	2	0.502484	-0.0686687	0.0178558
530	2	0.50271	0.11611	0.0792468
531	0	0.503105	-0.0555081	0.031377
532	0	0.507575	0.0509682	0.0439521
533	0	0.508158	0.0155292	0.204768
534	0	0.509562	-0.0313278	0.000415201
535	2	0.510917	0.0709499	0.00525831
536	1	0.511351	0.0358509	0.0286062
537	0	0.512007	-0.08356	0.0457115
538	2	0.512381	0.0665108	0.00937413
539	1	0.512903	0.075651	0.0218447
540	0	0.512908	0.00295689	0.053253
541	1	0.513904	0.0586061	0.0633295
542	2	0.514266	0.00956283	0.0818124
543	2	0.514284	0.0255677	0.0255197
544	2	0.517773	-0.0685495	0.0716563
545	2	0.518495	-0.0624799	0.067262
546	0	0.520722	0.0289333	0.0232968
547	1	0.520797	-0.10722	0.0109172
548	1	0.520838	0.0421978	0.0419814
549	2	0.522469	0.0183568	0.00642609
550	2	0.522582	-0.0153349	0.00495963
551	2	0.523751	0.118016	0.0874424
552	2	0.523897	0.0272023	0.0840756
553	0	0.525574	0.0501347	0.113488
554	0	0.526259	-0.0585374	0.0700642
555	2	0.527617	-0.00608597	0.01536
556	2	0.529846	-0.0619038	0.0245915
557	2	0.530748	0.027683	0.0309337
558	1	0.531778	-0.0264402	0.076375
559	0	0.532631	0.00680634	0.0197019
560	2	0.533682	0.096086	0.0390422
561	0	0.534066	-0.0121791	0.0267773
562	2	0.534373	-0.0498842	0.00491268
563	2	0.535048	-0.00814932	0.000287135
564	1	0.537019	-0.0379066	0.135752
565	2	0.537398	0.0306282	0.0750119
566	2	0.539839	0.0553317	0.0906838
567	2	0.54028	-0.0407267	0.0328176
568	1	0.540824	-0.0339175	0.0452767
569	1	0.542491	0.0284714	0.0202229
570	0	0.544595	0.0182812	0.0815632
571	0	0.544943	0.0326699	0.0353319
572	2	0.545204	0.0225701	0.0531571
573	0	0.545967	0.0242024	0.0318894
574	2	0.546563	-0.023921	0.00998552
575	2	0.550243	0.0384066	0.03063
576	2	0.550626	-0.00366686	0.0574575
577	0	0.551459	0.0722067	0.00411806
578	2	0.551764	0.0578818	0.0034191
579	0	0.554032	0.0802692	0.0226956
580	0	0.554857	-0.0668476	0.0271312
581	2	0.555317	-0.0480108	0.0624501
582	0	0.559918	0.0347953	0.0391996
583	2	0.560937	0.0344769	0.0201565
584	0	0.562309	0.126588	0.041154
585	2	0.562359	-0.0750891	0.0834733
586	0	0.562482	-0.0155444	0.00973929
587	2	0.565385	0.0221397	0.0364048
588	0	0.566427	-0.0292049	0.00400606
589	2	0.56673	-0.0651006	0.0360333
590	0	0.567174	-0.0250991	0.0222464
591	2	0.569303	-0.03869	0.0716761
592	2	0.569309	0.0119615	0.00633638
593	2	0.569649	0.03479	0.164483
594	0	0.569794	-0.0194058	0.00954783
595	2	0.571567	0.109919	0.0401036
596	0	0.572709	0.0972315	0.0290474
597	2	0.573867	-0.00451788	0.0329899
598	0	0.576454	0.0526547	0.0788892
599	2	0.577288	0.0250141	0.0518448
600	0	0.578888	-0.0310184	0.0342526
601	2	0.578995	0.0552323	0.0712202
602	0	0.579302	-0.0570373	0.0107957
603	0	0.580896	0.0564436	0.00463711
604	0	0.583816	-0.0379926	0.00945615
605	0	0.583912	0.0551585	0.0271269
606	0	0.583927	-0.0648791	0.0158198
607	0	0.584572	-0.0262431	0.0258039
608	2	0.586725	-0.015377	0.0462451
609	2	0.587698	0.0331242	0.0339963
610	0	0.588113	-0.037105	0.0377335
611	2	0.588421	0.00241621	0.0786727
612	0	0.589166	0.0533965	0.000432166
613	1	0.589955	-0.0529585	0.00899183
614	0	0.59065	-0.0395265	0.075641
615	2	0.591091	-0.0239622	0.0513884
616	0	0.591456	0.0414455	0.0233454
617	1	0.593025	0.0200451	0.0762792
618	2	0.593859	-0.0485482	0.0382131
619	0	0.595805	0.0828197	0.000635769
620	0	0.597175	-0.0144513	0.0557953
621	2	0.599418	-0.00868478	0.0190286
622	1	0.600257	0.119859	0.0238484
623	0	0.600888	-0.00815907	0.0359391
624	0	0.601323	0.0163793	0.0734334
625	1	0.604698	-0.042921	0.0435643
626	0	0.604802	-0.00104427	0.0546841
627	1	0.60566	0.032322	0.0606987
628	2	0.606407	-0.050461	0.0435
629	1	0.6076	-0.140105	0.00533194
630	2	0.607785	-0.0117876	0.0165897
631	0	0.609436	-0.0350241	0.0868562
632	2	0.609598	-0.0206947	0.013043
633	0	0.611253	0.0447885	0.033728
634	2	0.613077	0.0162051	0.0410772
635	2	0.613225	-0.0859807	0.0307437
636	2	0.614392	0.0454822	0.0774195
637	2	0.616122	-0.0615812	0.00558749
638	0	0.616926	0.0519669	0.00775604
639	0	0.617295	0.0575855	0.0709861
640	0	0.618185	-0.0406712	0.0308052
641	0	0.619528	0.107165	0.0536007
642	2	0.620156	-0.085461	0.00627135
643	2	0.620227	0.0115656	0.040883
644	2	0.621315	0.012676	0.00990955
645	1	0.624285	0.0406871	0.00824407
646	1	0.624877	0.137748	0.079821
647	0	0.624966	0.0277635	0.0168428
648	0	0.62733	-0.0338809	0.0703058
649	2	0.627502	0.0251638	0.044116
650	0	0.630084	-0.0374635	0.0352238
651	2	0.631492	-0.0650047	0.0448384
652	2	0.63507	-0.0473069	0.0418465
653	0	0.636456	-0.123015	0.0703571
654	1	0.637969	-0.044078	0.0234701
655	2	0.640028	-0.0149551	0.0801266
656	2	0.640153	0.0141824	0.0017906
657	0	0.64053	0.0898406	0.0119843
658	0	0.640607	-0.0329507	0.0292065
659	0	0.643444	0.0415721	0.0153475
660	0	0.645266	0.0381729	0.0174315
661	0	0.645341	0.0575751	0.0520022
662	0	0.645717	-0.0187733	0.0108082
663	2	0.647585	-0.0546998	0.00360251
664	0	0.648142	0.0276707	0.0234374
665	2	0.650455	0.0499131	0.039925
666	0	0.651592	-0.023041	0.0130928
667	0	0.653464	0.0376994	0.040854
668	2	0.656844	-0.0423175	0.0115774
669	1	0.658958	-0.00981081	0.0819115
670	2	0.659346	-0.0568621	0.0309064
671	2	0.663876	-0.0361367	0.0229885
672	2	0.665542	0.0219152	0.0123564
673	2	0.668105	-0.0191	0.0447238
674	0	0.669058	0.0349319	0.05628
675	1	0.669252	-0.0732573	0.0243251
676	2	0.669709	0.0863041	0.0334352
677	1	0.670723	0.123537	0.0198447
678	2	0.671276	0.0159285	0.109992
679	2	0.672029	0.0196787	0.0111309
680	2	0.672648	-0.0278728	0.0752887
681	2	0.673586	-0.0289112	0.0718886
682	0	0.674022	0.010444	0.0416443
683	1	0.67638	0.0302794	0.0695332
684	2	0.676387	0.0854654	0.0421663
685	0	0.678101	-0.0439518	0.0544923
686	2	0.678949	0.0173016	0.0308456
687	0	0.679499	0.110139	0.0179874
688	2	0.681184	0.0687713	0.021333
689	2	0.681228	-0.016439	0.109696
690	2	0.681308	0.0381771	0.000371317
691	0	0.682177	-0.0442535	0.0393761
692	0	0.683734	0.0136022	0.0994941
693	1	0.683786	0.0541764	0.0176224
694	0	0.685603	-0.0425721	0.114891
695	1	0.686357	-0.035735	0.00784927
696	0	0.686466	0.0808068	0.0253929
697	0	0.68886	-0.0869026	0.032026
698	0	0.690477	-0.0112852	0.0610023
699	0	0.690982	-0.0846176	0.0480377
700	1	0.697097	0.0597875	0.103308
701	1	0.698354	0.0696691	0.0227801
702	2	0.7016	0.0159452	0.0799677
703	2	0.701825	0.0534115	0.0149874
704	0	0.702138	0.0359132	0.0182095
705	2	0.702526	-0.0288033	0.058043
706	2	0.704576	-0.0185456	0.0165063
707	2	0.705232	0.0342971	0.0257369
708	0	0.706726	-0.0501692	0.0112372
709	0	0.708298	-0.0294706	0.00838624
710	1	0.709011	0.120828	0.0511214
711	2	0.710121	0.0223847	0.00890006
712	0	0.710173	-0.0360877	0.0142296
713	0	0.710737	0.033912	0.0407871
714	2	0.710784	-0.137735	0.0332574
715	0	0.710882	0.00443668	0.0179365
716	2	0.713782	0.0447706	0.0502389
717	2	0.715865	-0.0316782	0.0102389
718	0	0.716565	0.0437762	0.0183925
719	0	0.720816	-0.0422108	0.0205019
720	0	0.721914	-0.0189196	0.0396525
721	1	0.722119	0.0327978	0.0187365
722	1	0.723384	-0.0261243	0.00879626
723	2	0.72343	0.0485811	0.0446589
724	0	0.724357	-0.0220257	0.0390494
725	1	0.726567	-0.043256	0.0741518
726	2	0.727544	0.0247702	0.00659405
727	2	0.732108	-0.0223163	0.0163623
728	0	0.732302	0.0135644	0.130526
729	2	0.7324	-0.0124916	0.00759908
730	2	0.73308	-0.0491587	0.0497055
731	2	0.734768	0.0361565	0.0205533
732	1	0.735474	0.0214316	0.0579092
733	2	0.736246	-0.0600249	0.0346086
734	0	0.736569	0.0260875	0.0801628
735	1	0.737338	0.0442573	0.0441957
736	0	0.737558	0.057089	0.00852269
737	0	0.737635	-0.0106208	0.017894
738	0	0.737899	0.0336766	0.00574853
739	1	0.737975	-0.0214105	0.035836
740	0	0.738214	0.0319308	0.0102596
741	0	0.739569	0.0105207	0.048705
742	1	0.740327	-0.0658711	0.0793588
743	0	0.741604	-0.0740126	0.00576505
744	2	0.742534	-0.00618397	0.00732925
745	1	0.743231	-0.0109571	0.114908
746	2	0.743329	-0.0434781	0.00269866
747	0	0.743891	-0.0895908	0.0428303
748	0	0.74575	-0.0130286	0.023198
749	0	0.746642	-0.0102318	0.0571383
750	2	0.747839	-0.0843332	0.000182453
751	0	0.748115	0.031821	0.0468183
752	2	0.748974	-0.00682014	0.0403971
753	2	0.751696	-0.0247381	0.0702785
754	2	0.752377	-0.102674	0.0177958
755	0	0.752874	-0.0411818	0.113761
756	2	0.752876	-0.0205688	0.0128137
757	2	0.752922	-0.0689999	0.00184375
758	0	0.752932	0.0293054	0.0530559
759	2	0.754384	0.0242831	0.0709271
760	0	0.755482	0.0293648	0.0842323
761	2	0.755672	0.0308756	0.00464561
762	2	0.756556	-0.0052731	0.0469824
763	1	0.756862	0.0138074	0.0276844
764	2	0.756909	-0.116114	0.00474607
765	0	0.757764	-0.0136224	0.0131335
766	0	0.758715	0.0142136	0.0653942
767	1	0.761009	0.0576399	0.0194157
768	0	0.761313	0.0270378	0.0940047
769	2	0.761738	-0.0452537	0.00604896
770	0	0.761942	-0.00350167	0.0606197
771	1	0.763433	0.0562619	0.0216426
772	2	0.764575	0.0267063	0.105875
773	0	0.7646	0.0772071	0.0338595
774	2	0.766738	0.0516226	0.06298
775	0	0.768908	-0.0118637	0.00244723
776	0	0.769567	0.074962	0.0308829
777	0	0.771629	0.0377282	0.0771977
778	1	0.772314	0.0943444	0.0626237
779	1	0.773451	0.0397037	0.0514311
780	0	0.773838	-0.09787	0.00487757
781	0	0.774747	0.0233225	0.0284305
782	2	0.775079	0.0392436	0.0295409
783	0	0.777684	0.0626304	0.119626
784	2	0.778743	0.00881108	0.043572
785	2	0.77916	0.0434975	0.0156914
786	0	0.779623	0.0414752	0.0106845
787	0	0.784193	0.0107152	0.00353043
788	2	0.784982	-0.0201129	0.0594576
789	2	0.786029	-0.0420239	0.0141093
790	2	0.78616	0.0248245	0.100227
791	1	0.786463	-0.0499371	0.0720874
792	2	0.788083	0.037934	0.0896249
793	0	0.789232	-0.0195727	0.0357173
794	1	0.790798	-0.0446552	0.0152101
795	2	0.792131	0.0564963	0.026354
796	1	0.792518	-0.0615534	0.00774913
797	2	0.793061	-0.0164924	0.000990401
798	2	0.793828	0.00445063	0.0918776
799	2	0.794077	0.00370474	0.0716636
800	0	0.795545	0.121193	0.000777734
801	0	0.796875	0.0489636	0.104893
802	0	0.797013	0.103117	0.0375754
803	1	0.800048	0.0608192	0.0707681
804	1	0.800718	0.076306	0.0448559
805	2	0.802347	-0.0417568	0.00616324
806	1	0.803358	0.189236	0.0495707
807	1	0.806676	-0.0248707	0.0414392
808	2	0.806972	-0.0094428	0.0604595
809	0	0.807898	-0.0204623	0.0210685
810	0	0.808329	0.0531525	0.103393
811	1	0.808374	0.0621427	0.141572
812	2	0.811808	0.00947324	0.0456559
813	1	0.813155	-0.0496388	0.00296183
814	0	0.815465	-0.0697081	0.0418166
815	0	0.816116	-0.0858226	0.026268
816	0	0.817078	0.0820911	0.0540568
817	1	0.818564	0.245961	0.0167618
818	0	0.819419	0.0053995	0.0315305
819	2	0.820684	0.00350988	0.024033
820	2	0.820969	-0.0871744	0.0256929
821	0	0.821681	0.0969671	0.0662362
822	2	0.823472	0.0384313	0.0141962
823	1	0.825804	-0.0493097	0.0151751
824	0	0.828427	-0.0132768	0.0884336
825	1	0.831107	-0.052608	0.104641
826	2	0.831596	-0.0284451	0.0438038
827	2	0.83167	-0.0122958	0.00453948
828	2	0.832408	0.067181	0.0366256
829	2	0.832613	0.126427	0.00803801
830	0	0.832675	0.0226393	0.00440939
831	2	0.83423	0.0831403	0.0896504
832	0	0.835643	0.00541167	0.00685392
833	0	0.836541	-0.0384436	0.0325911
834	0	0.836666	-0.0159877	0.114512
835	0	0.837377	-0.0653658	0.0902306
836	0	0.837885	-0.0435381	0.0620236
837	1	0.845356	0.101581	0.122981
838	2	0.847328	-0.0203592	0.0495416
839	0	0.847742	0.0228802	0.116182
840	2	0.851957	-0.0519792	0.0662008
841	2	0.85328	0.0129087	0.00761027
842	1	0.853876	-0.0483038	0.0966301
843	0	0.854493	0.051286	0.0133477
844	1	0.854537	-0.0387365	0.150206
845	0	0.854676	-0.0565816	0.0277619
846	1	0.85734	-0.0683416	0.00937488
847	1	0.863091	-0.0234556	0.0926106
848	2	0.863252	-0.00564364	0.0517237
849	2	0.864385	0.0190442	0.122574
850	0	0.868413	-0.0299705	0.0220291
851	1	0.86882	0.0298566	0.101948
852	2	0.869238	0.0606823	0.00986003
853	1	0.871089	-0.0319469	0.00864173
854	2	0.874914	-0.206562	0.0492743
855	2	0.878114	-0.0308167	0.0757176
856	2	0.878513	0.00814934	0.063201
857	1	0.879121	-0.0321134	0.0809413
858	0	0.879723	-0.0477484	0.0247455
859	1	0.882422	-0.0364086	0.00105008
860	2	0.882489	-0.0504733	0.00509246
861	1	0.882747	0.0123746	0.00385608
862	2	0.882765	-0.0484037	0.0234845
863	0	0.883229	0.0926251	0.0627644
864	0	0.884874	0.0189935	0.0788936
865	0	0.884957	-0.0133461	0.0136443
866	0	0.885402	0.0468612	0.0115899
867	2	0.885667	0.0161168	0.0678569
868	2	0.885723	0.0202191	0.0332719
869	2	0.886687	0.0914549	0.0199341
870	2	0.886846	-0.0700277	0.0246976
871	1	0.888429	0.0183524	0.00645443
872	0	0.890063	0.00951297	0.0575822
873	2	0.891975	0.0822985	0.0683113
874	0	0.892113	-0.0384591	0.0447935
875	2	0.892256	-0.0111472	0.0249161
876	0	0.893285	-0.02853	0.0241309
877	0	0.89338	0.0371012	0.0809709
878	0	0.894102	-0.0357233	0.0885081
879	0	0.894215	-0.116458	0.0198461
880	0	0.894305	0.0324895	0.0374009
881	2	0.89549	-0.00417038	0.0979557
882	1	0.89659	-0.1295	0.135598
883	0	0.897308	0.0450331	0.00298382
884	2	0.898953	0.0562642	0.016542
885	2	0.899001	0.0100632	0.0559678
886	2	0.899336	0.050872	0.0243353
887	0	0.900973	-0.00793567	0.0452816
888	1	0.901107	0.0442898	0.101809
889	2	0.901232	-0.00317404	0.0223426
890	2	0.901337	0.103692	0.0165818
891	0	0.901903	-0.0296361	0.0330759
892	2	0.902111	0.0550555	0.0123278
893	0	0.903077	0.0516804	0.040161
894	0	0.904186	-0.0436877	0.0762248
895	0	0.904315	-0.074304	0.0617612
896	0	0.904352	-0.0317531	0.0712173
897	2	0.904367	-0.0486223	0.000510295
898	0	0.905128	-0.0562985	0.00136126
899	2	0.905346	-0.0223157	0.107299
900	2	0.90553	-0.0126763	0.00406956
901	0	0.906475	-0.030967	0.00247568
902	2	0.906953	-0.116828	0.00845639
903	1	0.907569	0.0810165	0.142491
904	0	0.910499	-0.0153342	0.0385455
905	0	0.911144	-0.0261894	0.0497505
906	2	0.911307	0.00704957	0.0266866
907	2	0.912841	0.019347	0.0664268
908	1	0.914006	-0.00978744	0.0289644
909	0	0.914534	-0.0256554	0.0526615
910	0	0.916583	-0.0392421	0.0754816
911	0	0.917115	0.0603914	0.0575844
912	2	0.918373	-0.0540512	0.109258
913	1	0.918403	0.0505487	0.160232
914	1	0.918753	0.027026	0.0249737
915	0	0.91925	0.0498327	0.0677811
916	0	0.919825	0.0411562	0.0392019
917	1	0.923375	0.0910877	0.0427483
918	1	0.923591	0.0748235	0.00800356
919	2	0.924253	-0.0200505	0.00315152
920	0	0.924508	-0.0596374	0.0207721
921	0	0.925228	-0.0238744	0.010009
922	1	0.927024	0.101989	0.0434023
923	2	0.927653	0.00745641	0.00692728
924	0	0.927872	0.0432368	0.0201582
925	2	0.928634	-0.0149625	0.065836
926	1	0.928932	0.00746386	0.139362
927	0	0.930505	0.0350665	0.0440043
928	1	0.93073	-0.0180586	0.0287668
929	0	0.931326	-0.127798	0.0559142
930	2	0.931583	0.011819	0.099808
931	1	0.931846	-0.0306798	0.0210869
932	0	0.934386	-0.0163245	0.0142422
933	0	0.936016	-0.020646	0.0315824
934	1	0.936443	-0.0154049	0.054313
935	2	0.937599	-0.0466227	0.0636919
936	0	0.938073	0.00892334	0.094518
937	0	0.938171	-0.0526173	0.106037
938	0	0.938189	-0.0553782	0.0396362
939	0	0.938669	-0.0447826	0.054489
940	0	0.938695	-0.0262774	0.0385001
941	1	0.9389	0.0977434	0.0805662
942	1	0.94125	0.0691856	0.107957
943	0	0.941884	0.013159	0.0445304
944	0	0.942315	0.00952464	0.0185552
945	1	0.942571	-0.0602557	0.0814255
946	0	0.943173	-0.0560161	0.00368033
947	0	0.944773	-0.0945213	0.0205715
948	2	0.944774	0.0771278	0.0421341
949	2	0.945944	-0.0575061	0.034735
950	1	0.947278	-0.0766551	0.00447583
951	1	0.947452	0.20351	0.0219335
952	0	0.947636	0.0277382	0.0530574
953	2	0.949719	-0.0300966	0.0212219
954	2	0.949822	0.0331771	0.0140875
955	0	0.950706	0.0542733	0.0488866
956	2	0.950778	0.106339	0.0735764
957	2	0.951798	-0.0378625	0.078318
958	0	0.952167	-0.0330217	0.0573042
959	0	0.953358	0.0798768	0.0443192
960	0	0.954289	-0.0637646	0.040062
961	2	0.954517	0.00913457	0.00587326
962	1	0.956652	0.211814	0.0596197
963	2	0.958183	0.0329835	0.0746489
964	2	0.960563	0.0340021	0.0829834
965	0	0.96139	0.0191649	0.000368665
966	2	0.963078	-0.0897748	0.00120107
967	2	0.96361	-0.0962728	0.0265343
968	0	0.964706	0.0418047	0.0218935
969	0	0.965123	-0.0346591	0.0294835
970	0	0.966363	-0.037848	0.126307
971	2	0.966693	0.0262397	0.0211294
972	2	0.968443	-0.0172439	0.120936
973	1	0.969637	0.0305586	0.0481999
974	0	0.969649	0.0515881	0.0538616
975	0	0.970242	-0.0297851	0.0369031
976	2	0.97025	-0.024217	0.0787394
977	2	0.970783	-0.056238	0.0240533
978	1	0.973228	-0.0756635	0.113226
979	0	0.973307	0.0351442	0.0133606
980	0	0.976452	-0.0858545	0.00181657
981	0	0.97821	-0.0892714	0.0714858
982	2	0.979586	0.0846175	0.121745
983	0	0.980929	0.0157458	0.0170859
984	1	0.981862	0.0786872	0.0531314
985	1	0.984309	0.0961675	0.0390872
986	2	0.984367	0.0553233	0.0253139
987	0	0.987132	0.0058844	0.00657471
988	1	0.988772	0.00714892	0.0184076
989	1	0.989722	0.0265207	0.0285511
990	2	0.99029	0.015901	0.0365563
991	0	0.99052	0.012989	0.0170739
992	0	0.991682	0.00628604	0.118278
993	2	0.992284	-0.0292826	0.0600561
994	1	0.992733	-0.0705015	0.129117
995	2	0.993477	-0.0149001	0.0396657
996	2	0.994587	0.0181677	0.109208
997	0	0.995891	0.0346061	0.044614
998	2	0.997138	-0.0600305	0.0705851
999	0	0.997466	-0.0146252	0.0373749
3	52	-0.0069395
3	85	-0.0221424
3	606	0.0405116
3	504	0.0313255
3	84	0.0367241
3	78	0.0193969
3	138	-0.0197056
3	588	0.0239076
3	198	-0.0204179
3	300	0.0211842
3	916	0.0471249
3	226	0.0156841
3	445	0.0278028
3	659	-0.0111278
3	682	-0.018822
3	783	-0.0196152
3	694	-0.0228728
3	103	-0.0303205
3	532	0.024514
3	858	0.0387378
3	304	-0.0292461
3	531	0.0408875
3	641	-0.0587905
3	525	-0.0370159
3	433	-0.0149579
3	740	0.0302176
3	573	0.026355
3	787	0.0149777
3	533	-0.0142373
3	348	-0.0420499
3	425	0.00500356
3	887	0.0120235
3	96	0.010294
3	952	0.0148337
3	864	-0.0374735
3	286	-0.0400511
3	768	0.021962
3	674	-0.0291298
3	371	-0.0264289
4	941	-0.0448102
4	627	0.0140291
4	69	-0.0167985
4	382	-0.0205914
4	695	-0.0583565
4	617	0.0459699
4	548	0.0464499
4	139	0.0313796
4	316	0.0332204
4	962	-0.0602055
4	569	0.0304441
4	464	-0.036076
4	196	-0.032666
4	359	-0.0602409
4	49	0.0283403
4	677	0.0612801
4	950	-0.0220634
4	823	-0.0372222
4	92	0.0280959
4	485	-0.0656066
6	417	-0.0426082
6	903	-0.049741
6	569	-0.0497043
6	516	-0.0244813
6	732	-0.037646
6	847	0.028725
11	446	-0.0337975
13	612	0.0306348
13	450	0.0250022
14	992	0.0235874
16	510	0.0313675
16	342	-0.0627645
16	700	0.0549096
16	158	0.0490467
16	463	-0.04785
16	75	-0.0675423
16	398	0.0399721
16	451	0.0523612
16	710	-0.0644659
16	155	0.0621305
16	268	0.0616651
16	393	0.017351
16	328	0.0352127
16	486	0.0211784
16	305	-0.0307073
16	190	-0.0304884
16	301	-0.0566107
16	498	-0.0140082
16	645	-0.0486614
16	742	0.0723909
17	698	0.0165503
17	213	0.0351377
20	945	-0.052744
24	537	-0.0283482
24	979	0.0167336
25	410	0.0445329
25	559	-0.0486114
25	61	0.0164684
25	22	-0.0359557
27	913	-0.0611067
28	140	-0.0350057
29	148	-0.0124509
31	708	0.0226356
31	25	-0.0153777
31	503	-0.0275038
31	453	0.00650787
31	661	0.0356117
31	103	0.0214045
31	17	-0.0494678
31	368	0.0253237
31	262	0.0185768
31	664	0.015378
38	887	0.0280897
38	204	-0.0219776
40	200	0.0501461
50	809	-0.0361257
52	606	-0.0452013
52	193	0.0170911
52	650	0.0342358
52	588	-0.0199757
52	938	-0.00826294
52	666	0.0212115
52	208	0.0384487
52	66	-0.0179554
52	878	-0.0212604
52	659	-0.0167084
52	106	-0.0405003
52	579	0.020302
52	62	-0.0274465
52	607	-0.0335417
52	17	-0.0551438
52	960	0.0191513
52	598	-0.0261693
52	284	0.0300283
52	698	0.0119293
52	748	-0.0114433
52	518	0.0320883
52	910	-0.0241279
52	459	-0.0123574
52	658	-0.0194182
52	525	-0.0441208
52	743	0.0218145
52	604	-0.0438601
52	533	0.033688
52	411	-0.0162729
52	775	0.0479232
52	546	-0.0234138
53	773	-0.0241041
53	11	-0.0188279
62	284	0.032967
62	940	-0.035458
62	367	-0.0148519
64	818	0.0159073
64	793	0.0348394
64	13	-0.00733082
64	314	-0.0277611
64	843	0.0214954
64	380	0.026823
66	364	-0.015736
66	298	0.0473713
66	872	-0.050695
66	394	0.00770913
66	793	0.0218831
66	691	0.0172211
66	624	-0.0268951
69	28	0.0479057
69	851	0.0284545
69	20	-0.0241784
69	569	0.0469967
69	464	-0.0175157
69	526	0.0405668
70	337	-0.0377188
74	106	0.0212475
74	939	0.0454743
74	579	0.0077047
74	929	0.034169
74	358	0.0199806
75	143	-0.0428397
75	942	0.0350495
75	613	0.0358993
75	381	0.0511109
76	43	0.0607114
78	708	-0.0444262
78	208	0.0162142
78	653	0.0394074
78	904	-0.0363169
78	410	0.0268759
78	758	-0.0164312
78	905	-0.0289072
78	110	-0.0190734
78	933	0.0286382
78	866	-0.0624503
78	425	0.0307779
78	667	-0.0238657
78	245	-0.0239578
84	193	-0.021603
84	179	-0.0189501
84	74	0.0291498
84	694	-0.0403231
84	103	-0.0726822
84	308	-0.0177035
84	736	-0.0315366
84	91	-0.026155
84	974	0.0152272
84	278	-0.0144657
84	275	0.0152655
84	662	0.0216955
84	623	0.0667491
84	814	0.0278256
84	927	-0.0357349
84	383	0.0412465
84	47	0.0411907
84	292	-0.0502457
84	834	-0.0261618
85	504	0.013169
85	78	-0.0264679
85	138	-0.0300287
85	650	-0.0185902
85	588	-0.00733519
85	751	-0.0249618
85	970	-0.0110673
85	370	-0.0388583
85	341	0.0160691
85	697	-0.0432504
85	909	0.0402257
85	364	0.0170316
85	694	0.0406123
85	335	-0.0426025
85	712	0.0428834
85	698	0.0359972
85	968	-0.0204394
85	876	0.0415123
85	137	-0.0166626
85	110	-0.0263868
85	252	-0.023527
85	965	-0.00759575
85	383	-0.0282587
85	879	-0.0560279
85	302	0.0119123
85	553	0.0110298
85	420	-0.0486547
85	571	0.0154574
85	728	-0.0189644
85	197	0.0137641
91	773	-0.0206742
91	766	-0.0328689
91	573	0.0236104
91	816	-0.0150659
98	450	-0.030988
98	991	-0.0437766
98	348	-0.0162789
98	997	-0.0220287
98	73	0.0523547
103	304	0.0457442
103	368	0.0463699
103	94	0.0619029
103	667	0.0333339
106	335	0.0194927
113	180	-0.0609604
113	409	0.0320184
113	519	-0.0526628
113	524	0.0467843
122	437	-0.057792
122	922	0.0450502
122	398	-0.0236526
122	451	0.0299079
122	857	-0.0192839
122	962	0.0336191
122	842	0.0350608
122	70	0.0414317
122	461	0.0302794
122	569	0.0262703
122	381	0.0560051
132	408	0.0713016
132	50	0.0306857
134	451	0.0369753
134	853	0.049852
134	196	0.0474371
134	871	-0.0241151
137	411	0.0214409
137	128	0.0103503
138	863	0.013033
138	904	0.0441727
138	410	-0.0258557
138	712	0.020831
138	531	-0.0330902
138	758	-0.0280697
138	880	0.0200866
138	570	0.0356507
138	520	-0.0263052
138	264	-0.0179372
138	146	-0.0236774
138	207	-0.0154166
139	763	-0.100743
143	928	0.0546865
143	351	0.0262693
143	461	-0.0299174
149	388	-0.0217222
149	983	0.0227794
149	641	0.00662774
149	936	0.0433177
155	212	-0.0390081
155	121	0.0192983
158	435	0.0111688
158	163	-0.0247519
158	842	-0.0136599
163	951	-0.0384704
166	460	-0.0360974
174	314	-0.0579039
174	440	-0.0388129
178	398	0.0472877
178	155	0.0166898
178	519	0.0246769
179	31	-0.0226421
179	970	0.0164514
179	893	0.0370587
179	228	0.0248612
179	91	-0.0333436
179	53	-0.0218658
179	456	-0.0263904
179	50	-0.0199759
179	96	0.0197713
179	128	-0.0278303
179	310	-0.0143358
179	332	-0.0216237
180	28	0.0296706
180	527	0.0309336
180	8	-0.0551406
182	981	0.0394993
189	901	-0.0356912
189	607	-0.0233965
189	534	-0.0332904
189	459	-0.0105631
190	20	0.0973576
191	712	0.016266
191	388	-0.0255917
191	809	-0.0402194
191	952	0.0125404
193	138	-0.0441429
193	970	-0.0289814
193	836	0.0184484
193	863	0.0366075
193	298	-0.033094
193	64	-0.0291373
193	189	0.0270767
193	191	-0.0171889
193	233	0.01607
193	284	0.0149311
193	815	0.0312755
193	944	-0.0254701
193	839	0.0137
193	51	-0.0697581
193	604	-0.0210017
193	787	-0.0220975
193	895	-0.0402631
198	909	0.0199447
198	106	0.0137341
198	98	-0.0508483
198	174	-0.0194202
198	833	0.0228569
198	494	-0.017291
198	407	-0.00968261
198	238	-0.0136829
198	10	-0.0207138
198	553	-0.0304121
198	603	-0.0315748
208	263	0.0341574
208	388	0.0246403
208	983	0.0214251
208	580	0.0271486
217	698	0.0262387
222	701	-0.0374752
226	878	0.0283534
226	582	0.0271658
226	368	-0.0166049
226	11	-0.031224
226	691	-0.0169877
226	937	0.0547752
228	773	-0.0320852
228	170	-0.0399264
228	369	-0.0367368
228	199	0.0167736
230	463	-0.0710769
230	882	0.022824
230	297	0.0542688
230	409	-0.0275753
230	629	0.0380952
233	992	-0.0162077
233	898	0.0201573
233	371	0.01724
235	400	-0.0185124
236	738	0.00871884
242	235	0.0166111
242	262	0.0611478
247	312	0.0111583
247	110	-0.0138858
247	520	-0.0422104
247	245	0.00698708
255	816	-0.0204677
258	4	0.0640122
258	941	-0.0710823
258	372	-0.018041
258	122	-0.0224217
258	449	-0.0292021
258	922	0.0486538
258	767	0.0538295
258	510	0.047584
258	69	-0.0682705
258	340	-0.0278761
258	695	0.00760489
258	398	0.0505368
258	771	0.0151943
258	417	0.054789
258	27	0.04267
258	794	0.0304083
258	859	0.0353451
258	625	-0.0318285
258	763	0.0179257
258	701	-0.0534022
258	129	-0.0695591
263	626	0.0158928
263	228	-0.00629498
263	720	-0.0139005
263	600	0.0605965
263	170	-0.0327216
263	51	-0.0274138
265	191	-0.0338464
265	236	-0.0329449
265	531	0.00898629
265	612	0.010344
265	379	-0.0377386
268	564	-0.0255547
268	914	0.0170025
275	979	-0.0429179
278	314	-0.024027
278	326	0.0262522
284	660	0.0412207
285	335	-0.0341919
285	408	0.0496949
285	90	-0.0154797
285	674	-0.0218921
285	835	-0.0393607
287	946	0.0435165
287	52	0.012872
287	606	0.0299497
287	755	0.0168615
287	504	-0.0190233
287	193	0.0245352
287	650	0.0120187
287	588	0.0210725
287	633	-0.029907
287	31	0.0319323
287	751	0.0194793
287	666	-0.0233923
287	893	-0.0375468
287	626	0.0432427
287	341	-0.0179359
287	697	-0.0318854
287	659	0.0243192
287	98	0.0310903
287	901	0.0301557
287	607	-0.0394494
287	132	0.0102453
287	720	-0.0230044
287	932	0.0331572
287	2	0.0229652
287	773	-0.0185347
287	174	-0.0234447
287	170	0.0190863
287	809	0.0402156
287	975	0.0233098
287	833	0.0346667
287	911	0.0297716
287	363	0.00947759
287	612	0.036399
287	262	-0.0468349
287	493	0.0135811
287	740	-0.0315486
287	533	0.0191309
287	991	-0.0359112
287	346	0.0222807
287	887	0.0270151
287	936	0.0351164
287	647	0.0327784
287	442	0.0335314
298	594	0.0305483
298	489	-0.0313772
298	969	0.0392516
298	850	-0.030261
298	424	0.0176189
300	783	-0.028287
300	394	-0.0219303
300	335	0.0525478
300	839	0.0443968
300	525	-0.0233774
300	177	0.0503636
300	65	-0.0277574
300	420	-0.0372982
300	86	0.0347656
304	624	0.0361362
307	794	-0.0438906
307	844	0.0637824
307	120	0.0621336
308	915	0.0283609
308	2	0.0370985
308	456	-0.0253494
308	51	0.0363733
308	264	0.0250491
312	304	0.024872
312	631	-0.0268609
316	297	0.0308723
316	527	0.0206187
316	763	-0.0371562
319	417	-0.079544
319	40	0.0491419
319	234	-0.0429616
319	251	0.0451039
319	200	-0.0483906
326	102	-0.0708738
335	483	0.0191042
335	170	0.0286349
340	825	-0.0502095
340	654	0.0479843
340	155	-0.0450363
340	297	0.057543
341	598	-0.0484226
341	284	-0.039458
341	559	-0.0310198
341	407	0.0449555
341	310	-0.0107104
342	700	-0.012356
342	398	-0.0634901
342	842	-0.063432
342	984	0.0107404
342	989	-0.05416
342	428	0.0425723
345	287	-0.0392395
345	946	0.0436984
345	590	0.0415165
345	606	-0.0551443
345	610	0.0185794
345	755	-0.0363491
345	84	0.0518937
345	473	-0.024253
345	633	0.0590894
345	263	0.0428126
345	66	0.01784
345	445	0.0335372
345	894	0.0130766
345	640	0.00651176
345	682	0.0235297
345	496	-0.0364462
345	62	-0.0386598
345	308	-0.0436949
345	14	0.0104245
345	132	0.026788
345	915	-0.0400552
345	532	0.0541149
345	410	-0.0204557
345	968	0.0382147
345	278	-0.0280612
345	38	-0.0280331
345	944	0.0290825
345	833	0.0274089
345	641	-0.0195183
345	235	0.0217555
345	275	0.0328189
345	905	-0.0182086
345	662	-0.0348669
345	238	0.0121012
345	883	0.0134691
345	620	-0.0526129
345	65	0.0637207
345	602	-0.0238664
345	249	0.0422665
345	832	-0.0406772
345	302	0.0344421
345	214	0.0318156
345	943	0.00920156
345	281	0.0593629
351	327	-0.0370587
352	20	-0.064421
352	301	-0.0246
352	211	0.0740951
352	381	0.0414243
362	382	-0.0206672
362	230	-0.0448193
362	158	0.0181998
362	803	-0.0586381
362	710	-0.0334826
362	928	0.0387115
362	417	0.0234459
362	163	-0.0510108
362	962	-0.0384001
362	70	0.0251757
362	629	-0.0223382
362	950	0.0205717
364	894	0.0272949
364	939	-0.0105618
364	904	-0.0134853
364	582	0.0187843
364	607	0.0279667
364	662	-0.0555915
365	541	-0.04943
368	204	0.0260505
370	285	-0.0157878
370	445	-0.032244
370	247	0.0227009
370	494	0.0112613
370	94	-0.0271572
370	243	-0.0162279
370	770	0.0171513
372	437	0.0216734
372	490	-0.0161418
372	627	0.0300791
372	385	-0.0427069
372	922	-0.0247623
372	568	0.0359201
372	700	0.0261778
372	158	-0.0361746
372	825	0.0348438
372	178	0.0343679
372	143	0.038953
372	393	0.0336468
372	351	0.0628241
372	76	-0.0481192
372	994	-0.0117778
372	516	-0.0390111
372	366	0.0357659
372	861	0.0100665
382	398	-0.0433714
382	527	0.0609215
382	212	-0.0752082
382	931	-0.0373225
385	568	0.0308604
385	340	-0.0598484
385	928	-0.0362339
385	539	0.0614882
385	989	-0.0611262
385	309	0.0388994
385	796	-0.121429
393	234	-0.0408253
394	793	0.0271999
394	698	-0.0266694
394	255	0.0188899
407	880	0.0217316
407	921	0.0134904
408	400	0.0290257
408	517	-0.0526423
410	691	0.0454389
412	500	-0.028078
412	214	0.0278286
413	853	0.0775175
413	28	0.0559524
413	351	-0.0113918
413	328	0.0310161
413	162	-0.0571608
413	327	-0.0558393
417	844	0.0513381
424	128	0.0285653
425	737	-0.0374499
430	747	0.0287902
430	704	-0.019637
430	874	0.0262758
435	853	-0.05181
435	710	0.0266165
435	771	0.0448421
435	564	0.0575835
435	393	0.0530697
435	988	0.0384682
437	385	0.0281513
437	922	0.0273265
437	382	-0.0401886
437	700	0.0267982
437	463	0.0581248
437	435	0.025655
437	268	0.038281
437	914	0.0227453
437	539	-0.0746203
437	973	-0.0339557
440	477	-0.0306478
441	687	-0.0153718
441	182	-0.0415592
441	866	-0.0585365
441	458	-0.0431629
445	920	0.0298607
445	433	-0.0325145
445	65	-0.0120887
449	134	0.0465174
449	903	0.0534911
449	409	0.086235
449	519	0.0645793
449	735	0.0515002
449	251	0.039576
449	985	-0.0302304
451	70	-0.0485885
451	338	-0.033077
452	732	0.0415361
452	48	-0.0210883
453	876	0.0594259
453	299	-0.0463346
453	355	0.0267889
453	540	0.020753
453	402	0.0287187
456	424	-0.024455
456	620	-0.0404276
463	178	0.0132704
463	491	-0.0402779
463	162	-0.0269804
463	49	0.0445017
473	938	0.0215938
473	341	-0.0316119
473	298	-0.0216537
473	217	0.0451675
473	255	0.0294121
473	975	0.0439799
473	534	-0.0315488
473	459	-0.0243999
473	264	0.0284629
473	238	-0.0337458
473	586	0.0289234
473	664	0.0315696
473	55	0.0136492
473	419	-0.0331616
474	541	-0.0276282
477	19	-0.0279917
486	811	-0.059146
486	742	-0.0654033
489	850	0.0457922
489	940	0.0302996
489	450	-0.0577278
489	392	0.0292908
490	342	-0.0633005
490	6	0.0306952
490	903	0.0351602
490	76	0.0281753
490	807	-0.061904
490	366	-0.0142125
490	547	0.0522521
491	113	0.0393915
491	297	-0.0542231
491	914	-0.0670014
491	934	-0.049564
496	62	-0.0449086
496	692	-0.0278232
503	483	0.0633283
503	968	-0.0300622
503	363	0.0209415
504	650	0.0243328
504	263	0.0287453
504	697	-0.044056
504	863	0.0277275
504	594	-0.0356983
504	17	-0.0628427
504	736	-0.0351146
504	858	0.0148426
504	304	-0.0258711
504	983	-0.0475635
504	242	-0.0588715
504	747	-0.0300492
504	641	0.0250163
504	570	0.031463
504	940	-0.0197577
504	584	-0.0254736
504	713	0.0394769
504	821	-0.0254619
504	406	0.0108935
507	139	-0.0395156
507	190	0.0473096
507	524	0.0327533
510	825	-0.0247066
510	75	-0.0668494
510	417	-0.0513995
510	40	0.0380443
510	903	0.0424926
512	363	0.0309887
512	458	0.0253185
519	917	-0.0616951
531	600	-0.0247085
531	450	-0.0126777
532	955	-0.0174815
532	658	-0.0174838
532	895	-0.014912
534	493	0.0329583
534	537	-0.0225735
536	451	-0.0311235
536	771	-0.0146784
536	564	0.0303439
536	307	-0.0247756
536	211	-0.0329815
536	120	0.0328687
536	327	0.0303791
548	794	0.03916
548	316	-0.0250435
548	49	-0.0220498
548	15	-0.0368605
564	882	-0.00930572
564	811	-0.0187573
568	340	0.0282538
568	452	0.0285273
568	779	0.0514187
568	297	0.0260431
568	190	-0.0288812
568	196	-0.0354922
568	625	0.0288058
570	195	-0.0110919
573	246	0.0339785
579	489	0.0298797
579	189	0.0132897
579	14	0.0315134
579	924	0.0186166
579	424	-0.0297913
582	217	0.0161185
582	38	-0.0175462
582	584	0.00791202
588	708	0.0297321
588	247	-0.0465834
588	503	0.0151308
588	748	-0.0489225
588	275	0.0277998
588	638	-0.0400848
588	9	0.0601817
588	657	0.0530014
590	52	-0.0248369
590	85	-0.0496515
590	78	-0.0220732
590	708	0.0155575
590	751	-0.0130332
590	208	0.0124658
590	836	0.035936
590	893	-0.0289168
590	959	-0.0197589
590	801	-0.032706
590	496	0.0411135
590	783	-0.0150926
590	818	0.0512033
590	901	-0.0155348
590	793	0.0152634
590	858	-0.0463593
590	236	-0.0155861
590	388	-0.0443842
590	518	-0.0380843
590	50	0.0522676
590	600	0.0417627
590	170	-0.0194633
590	992	0.0509602
590	911	-0.038757
590	314	-0.0213701
590	400	0.0333825
590	252	-0.0396585
590	90	-0.020583
590	638	-0.0401432
590	737	0.0313167
590	577	-0.010338
590	511	0.00753706
590	9	0.0253861
590	207	0.0497884
590	765	-0.0145182
594	496	0.0607601
594	483	0.0222132
594	944	0.0253095
594	920	0.0395058
598	458	-0.0180433
598	704	-0.0155614
600	440	-0.0373951
602	832	-0.0507218
606	610	0.0357311
606	193	0.0229063
606	179	-0.0225103
606	751	-0.0189051
606	341	-0.0285294
606	594	-0.033418
606	736	-0.0473542
606	692	0.0147214
606	974	-0.0362587
606	858	0.0740915
606	312	0.0236813
606	236	-0.0204649
606	456	-0.0214705
606	719	0.0180325
606	910	-0.016543
606	363	0.0300332
606	51	-0.0339786
606	883	0.0474266
606	146	-0.0428811
606	488	0.025215
606	355	0.0480963
606	997	0.0374079
606	709	0.00912424
607	415	-0.0261291
607	660	0.0285121
610	84	-0.0346579
610	208	-0.0391403
610	776	0.0120591
610	228	-0.0222598
610	453	0.0174999
610	801	-0.0116777
610	496	-0.0186162
610	694	0.0308213
610	62	0.0373881
610	17	-0.0289518
610	692	-0.025299
610	598	0.0431359
610	53	-0.0336142
610	876	-0.0166681
610	242	-0.0423527
610	559	-0.0185983
610	146	0.0238119
610	386	0.0278244
610	999	0.0135769
610	361	-0.0277971
610	958	0.0164994
610	522	-0.0227249
613	547	-0.0580992
614	10	0.0129686
617	393	-0.0475057
617	811	0.0551649
617	8	0.0168477
617	918	0.0633198
617	232	0.0311711
623	254	0.00862469
626	335	0.0117349
626	901	0.0300191
626	766	-0.0355332
626	278	0.0493362
626	864	0.0218119
626	261	0.0211367
626	295	0.00940999
627	813	0.0302601
627	230	0.0216743
627	791	0.0756965
627	654	0.0872553
627	859	-0.0370007
627	918	-0.0327228
631	911	0.0104859
633	865	-0.0329436
633	666	0.0278091
633	894	-0.0237118
633	818	-0.0360284
633	720	0.0208116
633	974	-0.0175103
633	933	-0.0483071
633	166	-0.0173711
633	517	-0.0480766
633	800	-0.0115363
640	149	0.0212044
640	801	-0.0291435
640	915	0.0445411
640	483	0.0137368
640	815	-0.0245734
640	166	0.019831
648	511	0.0314893
650	285	0.0278588
650	653	-0.0411308
650	228	-0.0312361
650	106	-0.0130499
650	915	0.0316269
650	969	0.0420296
650	19	-0.028934
650	380	-0.0167819
650	88	0.0383248
653	878	0.0224091
653	233	-0.0351782
653	969	-0.0330296
653	955	-0.0473539
653	911	0.0273397
653	965	0.0394731
653	94	0.0205545
654	988	-0.0652735
654	365	0.0106512
659	640	-0.0193518
659	520	0.0172378
659	249	0.0264595
659	724	-0.0322797
661	720	0.0333932
661	236	0.024013
661	850	0.0216233
661	269	0.0228428
661	500	0.0221799
662	55	0.0283589
664	488	0.0135602
666	226	-0.0127683
666	364	-0.0261707
666	25	0.0293246
666	579	0.0421689
666	132	0.0366836
666	13	-0.0279318
666	29	-0.0315417
666	895	0.0261442
677	558	-0.0481678
682	149	0.0369059
682	661	0.0365491
682	818	0.0291882
682	692	0.0240436
683	908	-0.0341479
683	739	0.0264849
683	817	-0.0556748
683	258	-0.0247506
683	4	-0.0299163
683	16	0.0295822
683	362	-0.0517543
683	449	0.0568649
683	490	0.0447055
683	627	-0.0349138
683	385	0.0595057
683	342	-0.0218439
683	382	0.028555
683	158	-0.0728856
683	340	0.0474227
683	695	0.0467759
683	143	-0.0331155
683	491	0.0373204
683	654	0.0391213
683	413	0.0831952
683	113	-0.0572654
683	710	-0.0293704
683	779	0.0413543
683	319	0.0828647
683	40	0.0550879
683	857	-0.0434581
683	735	-0.0472933
683	8	-0.0781348
683	359	0.0713153
683	15	-0.0716768
683	558	-0.0344096
683	804	-0.0424759
683	140	-0.037702
683	721	-0.0407956
683	985	-0.0448118
683	646	-0.052242
683	861	0.0196635
692	775	0.0675999
694	14	0.0176837
694	974	0.0353033
695	452	0.0358152
695	279	-0.0473168
697	783	-0.0364553
697	50	-0.054301
697	213	0.0629113
697	482	0.0485655
697	349	-0.0130018
698	814	-0.0131645
700	548	0.0459554
700	139	0.0355656
700	328	0.0332263
708	198	0.016135
708	300	0.0567749
708	836	0.00451506
708	974	0.0213292
708	766	-0.0239394
708	719	0.039631
708	299	0.0172909
708	839	-0.0316572
708	110	-0.0424959
712	261	-0.0261619
715	345	0.0221567
715	287	-0.0270638
715	946	-0.0378912
715	3	0.0521594
715	590	-0.0218661
715	52	-0.0300644
715	85	0.0454739
715	606	-0.0368489
715	755	0.0220363
715	504	-0.0354294
715	78	-0.0376657
715	473	0.0455919
715	179	0.0318728
715	650	-0.0451409
715	938	0.0198015
715	208	-0.0145486
715	370	0.0202902
715	776	-0.0456583
715	263	0.0344034
715	285	-0.019352
715	445	0.0288599
715	894	0.0140283
715	64	0.0216545
715	959	-0.0319236
715	682	-0.02432
715	582	-0.0172577
715	736	0.0135005
715	132	-0.00966127
715	960	-0.0336274
715	712	0.0265797
715	719	-0.0487745
715	182	0.0436495
715	299	-0.0301519
715	24	0.0506295
715	459	0.0247949
715	658	-0.0388641
715	612	0.0337467
715	433	0.0366421
715	648	-0.0551316
715	348	-0.0323576
715	384	0.0469152
715	577	0.0343821
715	546	-0.0114983
715	843	0.0293565
715	554	0.0319231
715	896	-0.0446087
715	391	-0.03938
720	810	0.0281624
735	526	-0.0508451
736	477	0.0582364
739	817	0.007875
739	4	0.0558001
739	16	-0.0683049
739	941	-0.0235074
739	437	-0.0253332
739	922	-0.0421172
739	767	-0.0373299
739	382	-0.0234551
739	158	0.0173835
739	803	-0.0403525
739	143	0.0392202
739	654	-0.0471071
739	134	0.109967
739	451	-0.0663583
739	853	0.0170672
739	27	-0.0334448
739	139	0.0388087
739	903	0.0366934
739	851	0.0230519
739	328	-0.0320259
739	994	0.0452056
739	807	0.0374848
739	645	-0.0448627
739	871	-0.038234
739	401	-0.0261557
739	926	0.0281791
739	693	-0.0241599
739	201	0.0284934
739	239	-0.0651316
743	346	-0.0276714
743	571	0.0262844
747	57	0.0223071
748	177	-0.0350723
748	780	0.0271312
751	836	-0.0320597
751	594	-0.0402378
751	658	0.0153316
751	269	-0.0129195
751	415	0.0151888
751	738	-0.0233681
751	358	-0.0490007
755	84	-0.0359883
755	138	0.0557321
755	865	0.0512438
755	370	0.0200226
755	66	-0.0309481
755	802	-0.0278451
755	106	-0.0377856
755	394	-0.0259197
755	14	-0.0327991
755	960	-0.0313987
755	692	-0.0285527
755	483	-0.0147052
755	2	-0.0227928
755	242	0.0448895
755	719	-0.038817
755	747	-0.0130671
755	525	0.0073098
755	411	0.0260754
755	47	-0.0360321
755	898	0.035799
758	965	-0.0367859
758	482	-0.031334
766	512	0.0477313
766	412	0.030853
767	654	0.0413889
767	352	-0.039912
767	507	-0.0196314
767	328	-0.047112
767	994	-0.0345536
767	844	0.129326
767	15	0.0210683
771	27	0.0252959
771	613	0.0118331
771	527	-0.0458988
776	626	0.0279365
776	106	-0.0206681
776	631	0.0541729
776	346	-0.0373479
776	947	-0.0412682
779	613	0.0544207
779	934	0.01018
783	559	-0.0205643
783	687	-0.0432484
791	398	0.0320451
791	268	-0.0178004
791	507	0.0234536
791	351	0.0503747
791	994	0.0308954
791	847	0.0819589
793	217	0.0341026
794	76	-0.0189331
794	43	0.0608265
801	13	-0.0492176
801	384	-0.0384465
801	379	0.025731
802	74	0.03718
802	736	0.0144099
802	408	-0.029738
802	494	-0.0574237
802	264	0.01572
802	604	0.0114044
803	779	0.0316622
803	305	-0.04374
803	212	0.0319168
803	978	-0.0312082
803	359	0.0605454
803	439	-0.0342002
809	740	0.0350915
811	931	0.0643414
813	463	0.0224969
813	695	0.0503779
813	268	0.0228789
813	27	0.0307215
813	309	0.0160034
813	646	0.0876402
813	30	-0.0369674
815	137	0.0189162
815	877	0.0382778
815	749	0.021555
817	258	0.0195667
817	941	0.0339946
817	813	0.0362479
817	791	0.0398961
817	452	-0.0363767
817	853	0.0358351
817	710	-0.0276359
817	180	-0.0600772
817	928	0.0185052
817	352	0.0762876
817	882	0.0386709
817	76	-0.0267034
817	409	0.0486165
817	163	0.016772
817	486	-0.0505545
817	962	0.0322281
817	735	-0.0541381
817	225	-0.0330008
817	234	-0.0545791
817	625	0.0257712
817	807	-0.0593171
817	120	0.0306955
817	121	-0.0425443
817	282	-0.0401712
818	720	0.0236329
818	773	0.0711594
825	178	-0.0367919
825	134	-0.0281823
825	988	-0.0296797
825	301	0.0302661
833	905	0.0245032
836	228	-0.0378593
836	189	-0.0188123
836	493	0.022769
836	667	0.0102927
836	195	-0.022171
836	845	-0.0246392
850	19	-0.0214758
851	305	0.0249324
851	211	-0.0313745
853	945	-0.0394709
857	305	0.0302107
857	162	0.0381333
857	984	0.0221832
858	515	-0.0217674
858	864	-0.00745553
859	914	0.0557833
859	978	0.0323431
859	48	0.0358017
863	878	0.0183227
863	410	0.030114
863	687	-0.0299914
863	839	0.0203007
863	614	0.031305
863	462	0.019276
865	751	-0.0512199
865	712	-0.0126757
865	719	0.0244623
865	809	-0.0135207
865	924	-0.0289209
865	623	0.0255064
865	866	-0.0207895
865	347	0.0454503
865	73	-0.0268593
865	937	0.0294987
872	233	-0.0638779
872	518	0.0301004
872	430	-0.0431765
872	520	-0.0195271
872	920	0.0396196
872	252	-0.024494
872	605	0.0210251
876	299	-0.016814
876	0	0.0222026
877	88	-0.0340983
878	783	-0.0297136
878	441	0.044266
878	38	-0.0464393
878	835	0.0156517
879	61	0.0180829
880	386	0.0195881
882	464	-0.0350052
882	366	-0.0283494
883	614	-0.0368225
893	247	-0.0141693
893	503	0.0247512
893	496	0.0439317
893	910	-0.0396652
893	955	0.0236058
893	286	-0.0277046
894	106	-0.0209648
894	25	0.0495332
894	177	0.0465326
894	515	-0.0238687
901	440	0.0170262
901	638	0.0312873
904	14	-0.00560186
904	532	0.0221832
904	408	-0.0232157
904	90	-0.0204057
908	739	0.0283954
908	817	-0.0484284
908	941	-0.0807708
908	372	0.0525208
908	122	-0.0620077
908	449	-0.066575
908	627	-0.0594711
908	767	-0.00895856
908	510	0.0633199
908	69	0.072996
908	700	0.0579256
908	230	-0.0578631
908	695	-0.0322277
908	617	-0.078718
908	491	0.0280944
908	452	-0.0234642
908	853	-0.0334706
908	779	0.0538297
908	180	0.0543878
908	40	-0.0222707
908	307	-0.0345722
908	28	-0.0366283
908	851	-0.0378843
908	942	-0.0864693
908	842	-0.0239922
908	461	0.0375504
908	212	0.0429652
908	539	-0.0357302
908	978	-0.0160405
908	365	-0.0169159
908	721	0.0175309
908	222	0.0443091
908	837	-0.0505488
908	806	0.0269804
908	725	-0.0362403
909	445	0.0216277
909	247	-0.0221454
909	582	-0.04883
909	53	-0.0454022
909	631	-0.0305809
909	880	0.0270242
909	979	0.0421694
914	516	0.0513436
915	388	-0.036821
915	446	0.0165036
916	74	0.0122909
916	503	-0.0125802
916	149	-0.0109153
916	694	-0.028761
916	983	-0.0169288
916	559	-0.014325
916	620	-0.0224175
916	446	0.0177323
916	221	0.0185966
917	156	0.0207414
921	648	0.0163921
921	537	-0.0358885
921	927	-0.0268102
922	75	-0.0362667
922	113	-0.0282589
922	564	0.0592536
922	917	-0.0617059
922	439	0.0243334
924	515	0.0130658
924	696	0.0152972
928	162	0.0332036
928	498	-0.0452579
929	2	-0.0382545
929	512	-0.0191832
929	24	-0.022978
929	775	0.0217703
929	384	-0.0512343
932	483	0.017593
932	312	-0.032875
932	850	-0.0358027
932	814	-0.0224157
933	737	0.00802799
933	96	-0.0624112
938	776	0.0225674
938	394	-0.0347822
938	960	0.0166022
938	600	0.0363718
938	910	0.0678071
938	235	-0.0152054
938	570	0.0258196
938	262	-0.0140027
939	265	-0.036734
939	430	-0.0279946
939	512	-0.0332941
939	494	-0.0528498
939	743	-0.039913
941	449	-0.0299199
941	490	0.0328562
941	510	0.0119029
941	178	0.0367205
941	452	0.0299162
941	710	-0.0710663
941	155	0.0712369
941	942	0.0437869
941	844	0.0515838
941	225	-0.0488261
941	498	0.00882329
941	918	0.0131364
941	973	0.0536263
941	804	0.0352645
941	474	0.0364752
941	176	0.0239853
942	225	0.0219399
942	722	-0.0439129
944	586	0.0245587
946	52	-0.0307911
946	85	-0.0125364
946	588	0.0294285
946	633	-0.0708997
946	865	-0.0450841
946	31	0.0246899
946	938	-0.0504117
946	970	-0.0263512
946	208	0.0145481
946	776	0.0255007
946	893	0.0119627
946	226	-0.0319343
946	285	-0.0390794
946	697	0.0210532
946	445	0.0226928
946	802	0.0320503
946	939	-0.0220948
946	25	-0.0472844
946	801	-0.042543
946	489	0.0557778
946	818	-0.0278319
946	793	-0.00808465
946	217	0.0135036
946	598	-0.0236063
946	284	0.0306284
946	2	-0.0108744
946	748	-0.0353217
946	255	-0.022165
946	518	0.016163
946	174	-0.0393256
946	687	-0.0237586
946	975	0.0136096
946	182	-0.0294002
946	400	0.0297187
946	940	-0.0188323
946	586	-0.0318824
946	500	0.0228138
946	383	0.0186598
946	246	0.0271884
946	367	-0.0324049
946	102	-0.0186046
946	554	0.0165913
959	217	0.022069
959	518	-0.0146378
959	29	0.011827
959	269	-0.0169588
959	768	0.0715951
960	955	0.0462586
960	412	0.00809795
968	927	-0.0134893
968	347	-0.0488986
969	920	-0.0392733
969	433	-0.0205934
970	208	-0.0400558
970	776	-0.0625571
970	659	-0.0211544
970	255	0.0140976
970	905	-0.0397021
970	415	-0.0220048
970	952	-0.0267061
970	540	0.0290788
974	932	0.028386
975	787	-0.0352638
983	631	0.0146148
988	461	0.0255235
992	991	-0.0313926
