400
200
400
1000
500
3
0.333333	0.666667	
0	2	0.000133356	-0.0732633	0.11232
1	1	0.000722053	0.0355276	0.142705
2	0	0.00106791	0.0670509	0.0819234
3	2	0.00155551	-0.0288658	0.0613676
4	0	0.00416368	0.071801	0.0448662
5	0	0.0047565	-0.0304235	0.0200269
6	0	0.00515772	-0.129139	0.00823199
7	0	0.00533536	-0.0425807	0.0420607
8	0	0.00540548	-0.0648628	0.014186
9	2	0.00558905	0.0504873	0.00835548
10	2	0.00587421	0.0240298	0.0333613
11	0	0.00624802	0.0106559	0.0110877
12	0	0.00701569	0.0355772	0.0526343
13	0	0.00709969	0.0143814	0.0339469
14	0	0.00767138	-0.081503	0.0768545
15	0	0.0077706	-0.00682294	0.00840239
16	2	0.00785828	-0.0278682	0.0230282
17	1	0.00814184	-0.0298873	0.0668772
18	1	0.00885371	0.153718	0.0766729
19	2	0.00995273	-0.066488	0.00802741
20	0	0.0106808	-0.0226293	0.00298043
21	0	0.0119305	-0.0808457	0.0050805
22	2	0.0134298	-0.0808652	0.0102641
23	1	0.0136104	-0.0506531	0.06821
24	1	0.0144237	0.155914	0.130012
25	2	0.0161354	-0.0521156	0.0200597
26	2	0.0162546	0.0318382	0.0109437
27	0	0.0164067	0.0434452	0.0307436
28	2	0.0168432	-0.168452	0.0420998
29	2	0.0197925	-0.0555926	0.045862
30	1	0.0202634	0.0469702	0.120917
31	2	0.0207271	0.0175098	0.0663346
32	2	0.0224784	-0.0537058	0.0123617
33	2	0.0236463	0.0360261	0.129363
34	1	0.0238952	0.0377668	0.115749
35	0	0.0247249	-0.00895975	0.0945709
36	0	0.0270553	0.0727515	0.0285673
37	2	0.0278431	-0.028214	0.0141261
38	2	0.0305603	0.0702309	0.0145558
39	0	0.0305797	0.0202402	0.0981613
40	1	0.0310287	0.0407465	0.0121593
41	1	0.0310821	0.0606989	0.00368405
42	2	0.0350993	0.00439357	0.00341056
43	0	0.035632	-0.0645736	0.111837
44	0	0.0375153	-0.0127877	0.0211572
45	0	0.0393479	0.0478445	0.0267374
46	1	0.0393783	-0.0628571	0.0851627
47	0	0.0410446	0.0147896	0.0387509
48	0	0.0415826	0.0757172	0.046681
49	2	0.0437665	-0.0530565	0.00316241
50	0	0.0441999	-0.0260952	0.0215857
51	2	0.0445274	-0.020404	0.00069099
52	0	0.0463634	-0.0143344	0.0344962
53	2	0.0477377	0.0194252	0.0218833
54	1	0.0489209	-0.102003	0.0203439
55	2	0.0511666	0.0195581	0.0317761
56	1	0.0512266	0.0464026	0.00243979
57	1	0.0516502	0.121572	0.0569673
58	2	0.0520948	0.0576169	0.0353211
59	1	0.0540291	0.0325793	0.097448
60	2	0.0547876	-0.0624861	0.0191523
61	0	0.0548545	0.0714182	0.0348221
62	0	0.0550711	-0.0139249	0.0473417
63	0	0.0555284	-0.0482613	0.0379338
64	0	0.0574328	-0.021396	0.0219282
65	1	0.0574625	0.0290796	0.0663982
66	1	0.0578101	-0.110235	0.0300939
67	0	0.0580039	0.0198127	0.0103674
68	2	0.0623168	0.0196592	0.00658797
69	0	0.0626285	0.012981	0.058809
70	2	0.0626565	0.0183035	0.00444047
71	2	0.0626886	-0.0569103	0.00108963
72	2	0.0634599	-0.00307247	0.0065792
73	0	0.0637892	0.0738693	0.115589
74	0	0.0657119	-0.039639	0.0557786
75	0	0.0669163	0.0212361	0.0136952
76	0	0.0692355	-0.0109961	0.0295666
77	2	0.0701311	-0.0137625	0.00831001
78	0	0.0702829	0.0518482	0.0160955
79	0	0.0707872	0.0766477	0.0276376
80	1	0.0721029	-0.0343968	0.0471963
81	0	0.0728399	0.0543981	0.121147
82	0	0.073192	0.0194101	0.0239442
83	1	0.073704	0.0379021	0.0342828
84	0	0.0740664	-0.084539	0.00848856
85	2	0.0744807	-0.0306654	0.0668731
86	0	0.0754875	-0.0624136	0.036388
87	0	0.076874	0.0167674	0.018374
88	0	0.0779548	0.00875464	0.118018
89	2	0.0780795	0.0344655	0.022833
90	0	0.0791081	-0.12009	0.0219995
91	0	0.0797796	0.030554	0.0388997
92	2	0.0801719	-0.11229	0.00561566
93	0	0.0809741	0.00667882	0.002283
94	0	0.0842219	-0.0233898	0.0239749
95	1	0.0858902	-0.090942	0.100319
96	0	0.0879386	0.0802678	0.0430737
97	0	0.0892213	-0.0778874	0.00206213
98	2	0.0908407	-0.0497678	0.0479368
99	2	0.0920903	0.0437361	0.0260456
100	1	0.0936755	0.0262246	0.00491437
101	2	0.0937437	-0.0128015	0.0616048
102	1	0.0943118	0.0354819	0.0349115
103	0	0.0968942	-0.0325315	0.0866619
104	0	0.0971094	0.020489	0.0421721
105	2	0.100682	0.0734341	0.00198412
106	2	0.100985	-0.0138357	0.0417043
107	0	0.101299	0.103382	0.00317305
108	1	0.10356	-0.0237903	0.0125115
109	2	0.104539	0.0612137	0.0660341
110	0	0.105671	-0.0184538	0.0777632
111	0	0.106007	-0.0515229	0.020494
112	2	0.106461	0.0287349	0.02018
113	0	0.107182	0.00894041	0.0625047
114	2	0.107801	0.086134	0.010809
115	2	0.107889	-0.0790307	0.0351894
116	2	0.107997	0.0248706	0.086199
117	0	0.108514	-0.0541792	0.00776145
118	0	0.108962	0.130768	0.0151276
119	0	0.110702	-0.0339128	0.0736296
120	2	0.111563	-0.0831727	0.0701679
121	2	0.113407	-0.0317871	0.0328248
122	0	0.117755	-0.0705505	0.0203349
123	2	0.11792	0.0591943	0.0605218
124	2	0.119408	0.0356309	0.0698923
125	0	0.119507	-0.0760965	0.0433759
126	0	0.119958	-0.0330176	0.0812432
127	2	0.122336	-0.0183964	0.044902
128	2	0.122608	0.0281707	0.00998665
129	2	0.124593	-0.0359991	0.0203164
130	2	0.126606	0.0509196	0.0772979
131	0	0.128308	0.0182165	0.0716805
132	2	0.129567	-0.0455736	0.0812035
133	0	0.130031	-0.0257744	0.119467
134	2	0.132287	-0.0156227	0.00230582
135	1	0.134025	0.0812415	0.0243236
136	2	0.134284	0.0406111	0.00196381
137	2	0.136007	0.018172	0.0132122
138	2	0.136465	-0.0945649	0.118157
139	2	0.136553	0.0186395	0.0178815
140	2	0.138798	0.0277784	0.0514557
141	1	0.138813	0.0491164	0.173251
142	0	0.139085	-0.0270186	0.149983
143	2	0.139966	-0.0294108	0.00951359
144	0	0.140314	0.0273061	0.0690384
145	0	0.141155	-0.0526636	0.0104534
146	0	0.141185	0.00465683	0.0190821
147	2	0.141493	-0.0453493	0.0178111
148	0	0.142381	-0.0441261	0.0336132
149	0	0.142978	-0.0151317	0.0101101
150	1	0.147458	-0.0525154	0.0250305
151	2	0.148591	0.0405658	0.0356795
152	2	0.148899	0.0341534	0.00844148
153	2	0.151692	0.045007	0.0369435
154	2	0.154314	0.0355891	0.0416276
155	2	0.15436	0.055935	0.00388763
156	2	0.154516	0.0740596	0.00504285
157	0	0.156455	-0.0292296	0.00865164
158	0	0.160531	-0.0302909	0.0196358
159	2	0.161637	0.02779	0.147263
160	1	0.162415	0.102505	0.0949486
161	1	0.166503	-0.0590346	0.132727
162	1	0.167591	-0.0487422	0.106129
163	2	0.167674	-0.0430214	0.00963014
164	2	0.167791	-0.107155	0.0628936
165	1	0.168069	0.0120308	0.158895
166	2	0.169007	-0.0260139	0.00341428
167	2	0.170419	-0.0868483	0.0681416
168	2	0.171184	-0.0102203	0.0192
169	0	0.17688	0.0406138	0.0442678
170	0	0.177813	-0.0606198	0.00905962
171	2	0.178782	0.0160992	0.00470999
172	2	0.179029	0.0264615	0.0318098
173	2	0.179396	-0.0598656	0.0464332
174	0	0.179636	-0.0076669	0.0715856
175	2	0.179757	-0.0436459	0.0394399
176	2	0.180982	-0.0409291	0.00787356
177	0	0.182048	-0.0264552	0.0296633
178	2	0.182361	-0.0332494	0.0373928
179	0	0.185232	-0.00759645	0.0400837
180	0	0.18765	-0.0332383	0.0444689
181	1	0.187781	0.026	0.0986382
182	1	0.190802	0.0297848	0.0352467
183	1	0.191751	0.0558723	0.0904146
184	0	0.194524	-0.0422627	0.0119392
185	0	0.196559	0.103422	0.0257406
186	0	0.196776	0.0376879	0.00197469
187	0	0.19805	-0.0773745	0.0188209
188	2	0.198138	-0.0414049	0.0955917
189	2	0.198629	0.0475819	0.0606834
190	0	0.199774	-0.0138084	0.0245164
191	1	0.201433	-0.0462546	0.114004
192	2	0.201651	0.00408875	0.0517776
193	2	0.202119	0.0197762	0.0698882
194	0	0.204626	-0.033757	0.0375621
195	2	0.206694	-0.00943333	0.0775734
196	0	0.20687	-0.0422996	0.0509713
197	0	0.2072	-0.0255134	0.0086395
198	1	0.207674	0.110133	0.0665955
199	2	0.208938	-0.0675635	0.0233507
200	0	0.209097	0.0271064	0.00801798
201	1	0.209658	-0.021921	0.084375
202	2	0.210096	-0.0644144	0.0459039
203	2	0.210955	-0.00945085	0.0338099
204	1	0.211548	0.0916061	0.0432551
205	2	0.211655	-0.00975522	0.0502908
206	2	0.211689	0.0543053	0.0160637
207	2	0.211752	-0.0206907	0.014261
208	0	0.212136	0.02169	0.0466752
209	0	0.213344	0.045792	0.0604554
210	0	0.213511	0.0407169	0.0209786
211	0	0.215674	-0.0635172	0.0129373
212	2	0.21619	-0.00784462	0.0374188
213	2	0.218164	-0.00799599	0.0498966
214	1	0.219255	-0.0746124	0.0662355
215	0	0.219818	-0.0474304	0.0158368
216	2	0.220279	-0.1137	0.0531273
217	2	0.220648	0.0318334	0.0530667
218	0	0.221863	-0.0161745	0.0678619
219	0	0.222849	0.0170549	0.0271871
220	0	0.226061	-0.0173816	0.00438879
221	0	0.228217	0.00647379	0.0157228
222	0	0.229426	0.0543446	0.0706704
223	1	0.230065	-0.0974547	0.050892
224	1	0.231899	-0.0549422	0.0114308
225	0	0.231904	-0.0154425	0.0286395
226	2	0.232428	0.0224847	0.0324246
227	0	0.232809	0.0329443	0.070052
228	2	0.234606	-0.0105481	0.0252417
229	2	0.236016	-0.0169614	0.0593876
230	2	0.240649	0.0218615	0.00426653
231	0	0.241933	-0.0762189	0.0146861
232	0	0.242768	0.0262869	0.0660052
233	1	0.243236	0.0179516	0.0109032
234	2	0.244379	0.118033	0.0221499
235	0	0.245883	-0.0131909	0.0251355
236	0	0.248139	0.0175982	0.00778423
237	0	0.248452	-0.0571564	0.0305978
238	1	0.249752	0.0312637	0.0593352
239	2	0.250055	-0.0322487	0.0214137
240	0	0.250237	-0.0633135	0.0141675
241	2	0.252044	-0.0367105	0.0366418
242	2	0.253126	0.00438184	0.00237946
243	1	0.253248	0.0643715	0.0857274
244	2	0.256538	-0.0307204	0.0243987
245	2	0.257502	-0.113754	0.0181001
246	0	0.258063	0.00900422	0.0386858
247	0	0.25834	0.129299	0.0337789
248	1	0.26093	-0.0316119	0.000102821
249	1	0.262113	-0.0732322	0.0107135
250	2	0.265393	-0.0335717	0.0710529
251	2	0.265396	-0.0306408	0.0333989
252	2	0.266546	-0.0911134	0.118095
253	2	0.26937	0.0312033	0.0118782
254	2	0.271544	0.0104783	0.00317714
255	0	0.271696	0.0133291	0.00350398
256	1	0.27182	-0.0452792	0.00257228
257	2	0.273037	0.207325	0.00993673
258	2	0.273369	0.0369948	0.00750329
259	0	0.274497	0.0267446	0.00547805
260	2	0.274783	0.0128634	0.0687573
261	0	0.277316	0.0470653	0.112566
262	1	0.279919	-0.0999409	0.0472329
263	2	0.280469	0.107594	0.0215559
264	2	0.281494	-0.0479033	0.0130416
265	2	0.284327	0.124248	0.0722636
266	2	0.286011	0.0152002	0.102419
267	0	0.289022	0.0727896	0.056536
268	1	0.290379	-0.0858784	0.0463389
269	2	0.291574	-0.106096	0.123501
270	1	0.291808	0.0219738	0.013011
271	1	0.292101	-0.0787943	0.134888
272	2	0.293396	-0.0101076	0.098605
273	1	0.293993	-0.0661811	0.0326845
274	2	0.294516	-0.0354508	0.00934169
275	2	0.294524	-0.0662804	0.0169163
276	0	0.296319	0.0207234	0.0400494
277	0	0.296349	-0.0498416	0.012749
278	0	0.296777	0.0209953	0.0236938
279	0	0.299498	0.0118051	0.0700053
280	0	0.30147	-0.0152477	0.050194
281	2	0.30161	-0.0136042	0.0247369
282	1	0.304412	0.122166	0.103738
283	2	0.30485	-0.0340968	0.0826112
284	0	0.304997	0.0333741	0.0502819
285	2	0.306256	0.0188494	0.052268
286	0	0.306923	0.0509616	0.0216047
287	2	0.307117	-0.0559877	0.0483445
288	2	0.307395	0.0206931	0.0306003
289	0	0.310533	-0.0236204	0.0954963
290	1	0.311452	0.210224	0.0913278
291	0	0.311524	0.0119033	0.0564124
292	2	0.311956	0.0200746	0.0229788
293	2	0.312736	0.00177991	0.0342229
294	2	0.316695	-0.0643306	0.039634
295	0	0.317045	0.0434775	0.00155655
296	2	0.318224	0.0217227	0.00789256
297	0	0.319783	0.0187955	0.0205472
298	2	0.320769	-0.0179496	0.048741
299	0	0.320851	-0.0418096	0.0214267
300	0	0.321675	-0.0414593	0.00121946
301	2	0.323666	0.0441086	0.038412
302	2	0.325547	0.0400068	0.127983
303	0	0.327447	-0.036869	0.043224
304	0	0.327929	0.0605111	0.111979
305	1	0.328064	0.00466742	0.0237753
306	0	0.329194	0.0429412	0.0654441
307	0	0.330633	0.0467679	0.0275633
308	0	0.332115	-0.0438267	0.108173
309	0	0.33297	-0.0446698	0.0566725
310	0	0.333093	-0.0364027	0.00914068
311	0	0.333846	0.123579	0.0407247
312	0	0.333858	0.036879	0.0117875
313	0	0.334253	0.0268725	0.0557365
314	0	0.334607	0.0319119	0.0218746
315	0	0.335923	-0.0351117	0.0702239
316	0	0.336548	0.0265416	0.0727641
317	0	0.337139	-0.00424567	0.00976211
318	2	0.337485	0.0219524	0.0142113
319	0	0.338109	-0.0769177	0.0189516
320	1	0.338639	-0.0365797	0.0426346
321	0	0.339006	0.0141719	0.0403737
322	2	0.339166	0.00901358	0.018947
323	2	0.340002	0.00576063	0.0119063
324	1	0.342962	-0.0288643	0.0836023
325	0	0.342996	-0.0336692	0.0552904
326	0	0.343069	0.0949871	0.00345129
327	2	0.345242	-0.0622479	0.0488515
328	0	0.345847	-0.00519022	0.00205707
329	0	0.346879	0.0347813	0.0128562
330	2	0.348155	0.0630047	0.0560555
331	0	0.349908	0.083737	0.0113189
332	2	0.350567	0.0296998	0.0279058
333	1	0.353338	-0.0182175	0.0164168
334	0	0.353864	-0.0573187	4.18688e-05
335	0	0.354013	0.004339	0.000468747
336	0	0.354274	-0.03311	0.0339795
337	1	0.354464	0.112707	0.174888
338	0	0.354822	-0.140613	0.0657736
339	2	0.355883	-0.0340193	0.00524642
340	0	0.358924	-0.00891914	0.0106499
341	0	0.36012	-0.022853	0.029856
342	1	0.360738	0.0101954	0.0316271
343	2	0.361168	0.00543222	0.0122996
344	2	0.361364	0.0300729	0.0434046
345	2	0.362966	0.00125034	0.0680538
346	2	0.363581	0.0908703	0.0616416
347	0	0.364297	-0.0787805	0.0472088
348	2	0.364571	0.0294428	0.0386563
349	0	0.365017	-0.0133012	0.0524827
350	2	0.365037	0.0847749	0.0442399
351	1	0.365627	0.0590226	0.00912825
352	2	0.366716	-0.0128528	0.0118153
353	0	0.368574	-0.00962281	0.0600108
354	0	0.369346	0.0236506	0.0125472
355	0	0.371203	-0.00484132	0.0244398
356	2	0.371392	0.00769206	0.0627773
357	0	0.372584	0.0518375	0.0066371
358	1	0.374204	0.0206875	0.0777381
359	2	0.375007	-0.0386009	0.0686117
360	0	0.377148	0.048024	0.0952985
361	0	0.378091	0.0772521	0.08559
362	0	0.378799	-0.00777008	0.0806825
363	0	0.378925	-0.0850592	0.0796321
364	0	0.379196	0.0298289	0.0319867
365	1	0.379394	-0.00710398	0.0782938
366	2	0.379394	0.00239176	0.0121667
367	0	0.380518	-0.01427	0.0795342
368	1	0.382621	-0.0871329	0.0265801
369	1	0.38323	-0.0183891	0.00360566
370	2	0.384356	0.0243483	0.0932614
371	0	0.384389	0.042401	0.143841
372	2	0.384776	0.0414965	0.0675334
373	0	0.385434	-0.0750501	0.0324458
374	2	0.386165	0.00971039	0.0799661
375	2	0.386751	-0.0217365	0.00911955
376	2	0.389455	-0.039301	0.0510934
377	0	0.392238	0.0412027	0.0169867
378	2	0.392487	0.0561961	0.0319807
379	0	0.393726	-0.00194365	0.0103511
380	1	0.394753	0.076057	0.00431214
381	1	0.395181	0.106537	0.0705321
382	0	0.395679	0.0105663	0.0437443
383	1	0.398291	0.0930849	0.0859977
384	0	0.399194	-0.0165061	0.0030359
385	2	0.403889	-0.0327376	0.000658827
386	0	0.405969	-0.090895	0.0162012
387	2	0.406069	-0.0658915	0.0345479
388	2	0.407549	0.0875444	0.104778
389	1	0.409189	0.0767756	0.112454
390	2	0.40999	0.0528855	0.0470162
391	1	0.410718	-0.0674812	0.0533653
392	2	0.412056	0.0618531	0.0597385
393	0	0.413458	-0.0286024	0.0056116
394	0	0.414834	-0.0113985	0.0544217
395	0	0.414986	-0.0411193	0.0463391
396	2	0.415155	0.0278093	0.0494347
397	1	0.416295	-0.025681	0.00167987
398	2	0.416325	-0.011772	0.0614077
399	0	0.416823	-0.0141588	0.0124141
400	2	0.416859	-0.0499765	0.00954336
401	0	0.416893	0.0147652	0.0501308
402	2	0.417761	-0.040441	0.0326442
403	1	0.419552	0.0383405	0.0245991
404	2	0.419976	-0.0147237	0.0370117
405	0	0.420427	-0.0497783	0.0147502
406	1	0.420695	-0.0604273	0.067049
407	2	0.421227	-0.0360458	0.0343452
408	1	0.421471	0.045945	0.0739666
409	0	0.422697	0.0342914	0.078992
410	2	0.42273	-0.0130408	0.0493596
411	0	0.423436	0.00933851	0.0610172
412	2	0.423655	0.0159087	0.00193343
413	1	0.424681	-0.0427472	0.0474195
414	0	0.426628	0.0317038	0.0696186
415	0	0.428969	0.018514	0.0875686
416	0	0.429859	-0.0311803	0.00814531
417	2	0.430035	-0.0278095	0.0147307
418	1	0.433961	-0.0399547	0.0706932
419	2	0.435496	-0.0490291	0.0121245
420	2	0.435925	-0.0621358	0.109124
421	1	0.438429	0.0254514	0.0249337
422	1	0.43855	-0.00325652	0.0868877
423	1	0.439157	-0.0302078	0.0952057
424	2	0.440966	-0.0208765	0.0211093
425	2	0.441095	-0.0134399	0.051567
426	1	0.441443	0.0459166	0.121854
427	1	0.441509	0.0154032	0.0902152
428	1	0.441819	0.0194567	0.0861979
429	1	0.442448	0.0246783	0.0145074
430	2	0.444746	0.0450705	0.0693321
431	1	0.444871	-0.015247	0.122599
432	0	0.445344	0.0145727	0.00335148
433	0	0.445445	0.0161369	0.114525
434	0	0.445446	-0.0608353	0.0455475
435	0	0.449576	0.0257302	0.0705686
436	2	0.449916	0.0671554	0.0296853
437	0	0.450421	-0.0611068	0.0121482
438	2	0.452263	0.0369126	0.018831
439	1	0.454066	-0.0694593	0.154926
440	2	0.454638	0.033791	0.0842254
441	2	0.455321	-0.0375396	0.0323288
442	0	0.455446	0.0216907	0.032124
443	2	0.456401	0.0119694	0.0435403
444	2	0.456662	0.0276533	0.0665041
445	0	0.456825	0.0214928	0.0459935
446	0	0.458534	0.0122054	0.0369764
447	2	0.458991	0.0242638	0.0537779
448	2	0.45966	-0.014047	0.038231
449	2	0.461789	0.0143856	0.113257
450	2	0.462322	0.0196968	0.0777623
451	0	0.46266	0.0347956	0.103279
452	0	0.462683	-0.0682066	0.0676233
453	1	0.463365	0.0545745	0.0523365
454	2	0.463525	0.0189207	0.0503824
455	0	0.464516	0.0152428	0.0392075
456	1	0.468058	0.0148023	0.0193098
457	2	0.468188	0.0721739	0.0416188
458	2	0.469201	0.0429276	0.0263288
459	2	0.46959	0.0231542	0.0142756
460	0	0.470196	0.0316503	0.0151614
461	1	0.470405	-0.0767757	0.00111474
462	0	0.470595	-0.00543297	0.097556
463	0	0.471032	-0.0270775	0.0526321
464	1	0.471248	-0.00290933	0.0734192
465	1	0.473296	-0.0117281	0.0426068
466	1	0.473533	-0.118608	0.0399617
467	2	0.47388	-0.0186656	0.0499409
468	2	0.474867	0.0554776	0.0233187
469	1	0.476402	0.0277429	0.0525253
470	0	0.47646	0.0245772	0.0123175
471	2	0.476509	0.0212372	0.0465119
472	1	0.478225	-0.0569492	0.0825506
473	1	0.478788	-0.0659586	0.00300752
474	2	0.479363	0.0835563	0.0182087
475	1	0.479873	-0.00823662	0.0612042
476	0	0.481805	0.0306662	0.0496789
477	0	0.48189	0.0467058	0.128268
478	2	0.48303	0.0217592	0.00589593
479	2	0.483239	0.0500344	0.0304112
480	0	0.483701	-0.0290782	0.0184018
481	2	0.483854	-0.0322604	0.0387949
482	0	0.486376	-0.0266156	0.0108491
483	1	0.486384	-0.0500441	0.173789
484	0	0.486659	-0.0209076	0.0957824
485	2	0.488253	0.0189956	0.112647
486	0	0.488641	-0.0118542	0.0374157
487	2	0.48865	-0.0269928	0.089138
488	0	0.49408	-0.0456878	0.0424809
489	0	0.494095	-0.0476798	0.0157857
490	1	0.494377	0.0570729	0.0143375
491	2	0.495453	-0.0258185	0.0404605
492	0	0.4962	-0.0896329	0.0686
493	0	0.496577	-0.0531633	0.00953461
494	2	0.497018	0.00951322	0.017844
495	1	0.498099	0.0776652	0.0334737
496	2	0.500116	-0.0136922	0.0436958
497	0	0.500993	0.0701247	0.0879128
498	2	0.501717	0.0238887	0.00624507
499	2	0.504066	0.048548	0.0681817
500	2	0.504511	0.0166743	0.0443959
501	1	0.508447	0.0832077	0.00885837
502	0	0.509133	0.0281938	0.0690128
503	1	0.509304	0.0269469	0.125624
504	2	0.509609	-0.0577251	0.0246441
505	2	0.510323	-0.0202832	0.0810351
506	2	0.510551	-0.0465343	0.00285643
507	0	0.511236	-0.0244077	0.0303555
508	2	0.511363	-0.056373	0.0749685
509	0	0.512666	0.0229864	0.0552888
510	1	0.512685	0.0897191	0.0474376
511	0	0.516125	0.0772409	0.0103457
512	0	0.516544	-0.0299272	0.0399865
513	2	0.517424	0.0372228	0.017304
514	2	0.518843	-0.0401606	0.0353168
515	2	0.519636	-0.0157443	0.0332261
516	0	0.52201	0.0245506	0.0143694
517	1	0.525044	-0.222266	0.00866434
518	2	0.528341	-0.0374805	0.0198446
519	1	0.529138	0.0369244	0.01676
520	2	0.529672	0.081349	0.0150563
521	2	0.52983	-0.0262733	0.00681497
522	0	0.530199	0.0397899	0.0454086
523	2	0.53034	0.0228605	0.0879041
524	0	0.532432	-0.0872072	0.0059675
525	0	0.533173	0.0124623	0.00454342
526	1	0.533374	0.0229394	0.0111153
527	0	0.533445	0.0813997	0.101101
528	2	0.534272	0.0892449	0.0948327
529	2	0.534567	0.0357544	0.0500979
530	2	0.535753	0.0285684	0.0773207
531	0	0.5369	-0.0356399	0.0319781
532	2	0.537097	0.0480733	0.0929296
533	0	0.537224	0.049756	0.0371451
534	1	0.538666	0.0768332	0.0210248
535	2	0.545315	0.0471897	0.00235033
536	2	0.546948	-0.0152099	0.0321481
537	0	0.547451	0.0671391	0.0368325
538	2	0.547703	-0.0277446	0.0184048
539	0	0.548415	-0.0772909	0.00200307
540	2	0.548593	0.0211241	0.09938
541	1	0.551995	0.014199	0.110743
542	0	0.552518	-0.048912	0.0611569
543	1	0.553128	-0.0387946	0.0355792
544	0	0.554565	0.0268727	0.00475857
545	0	0.556074	0.0323034	0.0643755
546	2	0.55823	0.0401723	0.0587507
547	2	0.558732	0.0424172	0.0568251
548	1	0.5598	-0.0367029	0.0425885
549	1	0.562255	-0.0780389	0.134926
550	1	0.562404	0.0514417	0.0804175
551	2	0.563184	0.0316914	0.0860371
552	0	0.565314	0.0154058	0.00291123
553	0	0.565799	0.0207629	0.00895152
554	2	0.566929	-0.0371853	0.0461725
555	2	0.567282	-0.00894218	0.000591067
556	2	0.567923	-0.0326107	0.0671029
557	2	0.568605	0.0113057	0.000460852
558	0	0.568832	-0.10936	0.0148922
559	2	0.570049	0.0517766	0.0566291
560	2	0.570596	-0.0602382	0.0371193
561	1	0.571383	-0.0765053	0.102573
562	1	0.572118	-0.0677938	0.0450949
563	1	0.574047	0.178722	0.00866445
564	1	0.574305	0.110225	0.028122
565	2	0.574991	-0.0474479	0.0221
566	2	0.575178	0.0667678	0.0207748
567	0	0.575786	-0.0748175	0.0259609
568	0	0.577456	-0.0809847	0.019602
569	0	0.577989	-0.0453826	0.056666
570	2	0.578369	0.0721018	0.00498997
571	2	0.578395	-0.014225	0.00954362
572	0	0.5798	0.0428564	0.0396581
573	0	0.581546	-0.0348238	0.0555812
574	2	0.584958	-0.0431878	0.0688399
575	0	0.585039	0.0159518	0.00450717
576	1	0.58615	-0.0212253	0.0897959
577	2	0.587443	0.0309447	0.0124291
578	0	0.590877	0.0094507	0.0786163
579	0	0.591922	0.128312	0.00108239
580	0	0.593523	0.0433349	0.0441944
581	0	0.59383	-0.0117788	0.043842
582	2	0.59482	-0.00940838	0.0411702
583	0	0.595203	0.0188616	0.0452721
584	2	0.595799	-0.0665364	0.0406342
585	2	0.596166	0.044018	0.0691449
586	0	0.597788	0.101992	0.012429
587	2	0.598797	0.061359	0.00359939
588	0	0.599815	-0.0373391	0.08625
589	0	0.602218	-0.0170691	0.0396317
590	1	0.603117	0.0154689	0.098963
591	1	0.603369	0.0337539	0.0529503
592	2	0.603418	0.0928617	0.0407342
593	0	0.603692	0.0469441	0.0993537
594	0	0.604096	-0.0492392	0.0336331
595	0	0.604257	-0.0220061	0.0358526
596	1	0.604625	0.0158129	0.0225933
597	1	0.604994	-0.0372649	0.0341455
598	2	0.60535	0.0153933	0.0560271
599	2	0.606512	-0.024152	0.0444491
600	0	0.606817	0.0203087	0.0424057
601	2	0.607104	0.0410338	0.073421
602	0	0.607535	-0.05604	0.00725273
603	0	0.608628	0.0216425	0.04544
604	0	0.608637	0.0206223	0.0883907
605	1	0.609629	0.0231548	0.0204971
606	0	0.609848	0.018307	0.0594923
607	2	0.611817	0.0361901	0.03847
608	1	0.612798	-0.0279172	0.0493422
609	1	0.612846	-0.0190093	0.0605564
610	1	0.613928	0.0214867	0.0427846
611	2	0.61464	0.0109418	0.0155023
612	2	0.615169	0.00783685	0.0983592
613	0	0.615811	0.0781401	0.0525499
614	0	0.616576	-0.0541602	0.0114313
615	0	0.616876	0.1026	0.0383363
616	2	0.618927	0.0471216	0.012647
617	0	0.619	-0.0202172	0.00284863
618	0	0.619105	-0.00691215	0.037625
619	0	0.619589	0.0349289	0.00197276
620	1	0.624269	0.036823	0.0437668
621	0	0.624373	-0.0443381	0.0294005
622	0	0.625257	-0.0605598	0.0343882
623	1	0.625389	-0.120517	0.000978766
624	1	0.62625	0.0230641	0.0353015
625	0	0.630203	0.0101364	0.0647431
626	0	0.631403	0.0163301	0.0461132
627	0	0.631454	0.0489417	0.0656409
628	1	0.632387	0.0572117	0.0412484
629	0	0.633019	-0.00612939	0.0278147
630	1	0.633377	-0.00801696	0.0331826
631	2	0.634903	0.0245695	0.0349722
632	0	0.635255	-0.0162922	0.0616649
633	1	0.635708	0.131987	0.0862998
634	1	0.635712	0.0719314	0.0968758
635	0	0.636798	0.0688275	0.0154702
636	2	0.637151	0.0386544	0.0368738
637	0	0.638139	-0.116429	0.0812451
638	2	0.640515	-0.0668852	0.0929848
639	1	0.641212	0.160401	0.0903259
640	1	0.641301	0.047163	0.105803
641	2	0.642015	-0.0144005	0.0190019
642	2	0.642427	0.0181341	0.0375639
643	0	0.642997	-0.0113084	0.0156788
644	1	0.644117	-0.0546208	0.0519322
645	0	0.644394	-0.0795828	0.0156902
646	0	0.64467	-0.0254764	0.0211226
647	0	0.645007	-0.021698	0.0224458
648	0	0.646207	0.0762775	0.0684125
649	1	0.646331	-0.0502191	0.0566914
650	2	0.646579	-0.0898846	0.0847414
651	2	0.651681	-0.0488229	0.0535037
652	0	0.65259	0.00934713	0.0451757
653	2	0.657506	0.0142017	0.0269649
654	1	0.657693	-0.0443628	0.039762
655	2	0.658389	-0.0121477	0.0253608
656	2	0.659746	-0.0467856	0.0193891
657	1	0.660203	-0.179693	0.0632247
658	0	0.661682	0.107541	0.0197623
659	2	0.662152	0.0140069	0.0913188
660	2	0.662671	0.0300733	0.0109345
661	2	0.665714	-0.0122546	0.00344804
662	0	0.667628	0.024512	0.0584871
663	2	0.668291	0.038765	0.0124106
664	0	0.668817	-0.0624735	0.0938035
665	2	0.668842	-0.0238954	0.0311623
666	0	0.668936	-0.11211	0.0264207
667	2	0.669556	0.0518174	0.0333364
668	1	0.672606	-0.0949037	0.0886228
669	2	0.673216	0.0980225	0.0142225
670	2	0.673448	0.0202755	0.0106746
671	2	0.677145	0.0960169	0.00215101
672	2	0.678372	0.0450351	0.0143277
673	1	0.678629	-0.0515833	0.0465096
674	0	0.678647	-0.0195161	0.0659107
675	1	0.678753	-0.0318934	0.0405154
676	1	0.679453	-0.104194	0.0124164
677	1	0.679932	0.0184942	0.0294212
678	0	0.681454	-0.106962	0.00584699
679	0	0.686256	0.102146	0.00133501
680	2	0.68661	-0.0193952	0.00117114
681	1	0.68696	0.0367654	0.0344321
682	2	0.687681	0.132826	0.0873915
683	2	0.689021	-0.020219	0.033126
684	2	0.68908	0.0618286	0.024685
685	0	0.69343	-0.0111291	0.00388892
686	2	0.694834	0.0799674	0.0978497
687	2	0.694955	0.0316856	0.0161535
688	2	0.695238	0.0358528	0.035342
689	1	0.696074	0.0160128	0.0579271
690	2	0.698466	-0.0641376	0.0147508
691	1	0.698933	-0.0434038	0.0603113
692	2	0.700342	-0.0501981	0.0644107
693	1	0.702364	-0.0269939	0.0314412
694	0	0.70337	0.00993563	0.0184957
695	2	0.703564	0.0824766	0.0208436
696	1	0.704414	0.0423229	0.0659523
697	1	0.705516	0.110044	0.0703391
698	0	0.706851	0.0237466	0.0290292
699	0	0.706909	-0.0484048	0.0305896
700	2	0.706999	-0.0487522	0.038864
701	2	0.707329	-0.01857	0.0206571
702	0	0.707392	-0.0675231	0.120325
703	1	0.709829	-0.0758514	0.0192755
704	1	0.711897	0.0893889	0.0669182
705	2	0.713348	-0.0942758	0.0507123
706	0	0.714094	0.0121237	0.00911082
707	2	0.714638	-0.00360256	0.117647
708	0	0.714988	0.0572961	0.0273174
709	2	0.715025	-0.0871907	0.0347913
710	1	0.715377	0.0265751	0.106351
711	0	0.715887	-0.0563373	0.0328821
712	2	0.716781	-0.0274415	0.0503383
713	2	0.718103	-0.0121617	0.0303237
714	0	0.719334	-0.00951336	0.00717934
715	1	0.719557	0.0329978	0.0282824
716	1	0.721051	-0.00112534	0.11686
717	0	0.72177	0.0547667	0.0098558
718	2	0.722223	-0.0505706	0.0884172
719	2	0.724357	0.0141362	0.00686257
720	2	0.728869	0.0318864	0.0318661
721	0	0.73072	-0.0394732	0.0827378
722	1	0.733433	0.0174263	0.0325232
723	0	0.734372	0.0483971	0.0754334
724	0	0.735357	0.0193804	0.00976162
725	2	0.73537	-0.0213539	0.0167479
726	0	0.735563	0.00433518	0.0982372
727	0	0.737088	0.0183696	0.0616394
728	0	0.737312	-0.0270962	0.0492284
729	2	0.739621	-0.0549004	0.00577899
730	2	0.74035	-0.0204636	0.0293051
731	0	0.740488	0.0053961	0.0170348
732	2	0.741198	-0.0259977	0.0460546
733	1	0.742428	0.0547433	0.0278061
734	0	0.744051	0.0406887	0.0526147
735	2	0.746727	0.0604238	0.0517392
736	0	0.746885	0.0449755	0.0718031
737	0	0.747151	-0.132576	0.114578
738	0	0.749434	-0.0188176	0.0301917
739	2	0.749629	-0.052412	0.0590812
740	2	0.74984	0.0261576	0.0418825
741	0	0.750815	-0.0523213	0.0468024
742	2	0.751882	0.0552519	0.101492
743	1	0.752346	0.0702704	0.0123998
744	2	0.753429	-0.0506218	0.0021335
745	0	0.753445	0.0257407	0.085108
746	0	0.754222	-0.045246	0.0236553
747	0	0.754371	-0.0211239	0.0199689
748	2	0.757554	0.0744555	0.0343957
749	2	0.757578	0.0190087	0.104389
750	2	0.757818	-0.087358	0.079873
751	0	0.758585	-0.0356418	0.0264254
752	0	0.758611	-0.0358398	0.0205902
753	0	0.758614	-0.035917	0.0497033
754	1	0.761469	0.0583034	0.0322626
755	0	0.763687	0.0345848	0.0967298
756	2	0.764751	-0.029784	0.0488791
757	2	0.766812	-0.017252	0.00976883
758	0	0.766906	-0.0229831	0.0293751
759	1	0.76714	-0.0229409	0.00919221
760	1	0.767786	0.038973	0.0831458
761	0	0.768247	0.0121861	0.00939519
762	1	0.768302	-0.15	3.133e-05
763	2	0.770593	0.111453	0.0156028
764	2	0.770751	-0.00379486	0.0809726
765	2	0.771866	-0.0156342	0.00963352
766	2	0.773292	-0.071265	0.0569396
767	2	0.775008	0.0170075	0.0274716
768	0	0.77525	0.0749594	0.01845
769	2	0.776284	0.100962	0.0313592
770	2	0.776902	-0.0210868	0.0370642
771	1	0.779205	-0.0296675	0.0672852
772	1	0.780946	0.142537	0.0691842
773	1	0.781461	0.0971544	0.0847407
774	0	0.781921	-0.0968264	0.00348731
775	0	0.783287	-0.00575452	0.0195377
776	1	0.784246	0.0163117	0.0132925
777	1	0.784356	0.037144	0.122155
778	2	0.784638	0.0483732	0.0241711
779	1	0.785007	-0.0496966	0.0553392
780	1	0.785343	-0.073223	0.035147
781	1	0.786445	-0.113424	0.0448876
782	1	0.78703	0.0617475	0.0489319
783	1	0.787607	-0.0214418	0.0947535
784	2	0.788188	0.0188214	0.00209194
785	0	0.788376	0.0180713	0.067701
786	0	0.790311	-0.0432476	0.0643007
787	2	0.791749	-0.031549	0.0259112
788	2	0.793428	0.0149252	0.0198018
789	2	0.793474	0.0720604	0.0177426
790	0	0.793972	-0.0234883	0.0166488
791	0	0.796486	-0.0217813	0.00115561
792	0	0.796782	0.0277061	0.0244462
793	0	0.799195	-0.0295569	0.0893905
794	0	0.799434	0.12507	0.00145326
795	1	0.805317	0.0503567	0.097301
796	0	0.805417	0.0512593	0.0751605
797	2	0.805951	-0.0301284	0.0403462
798	0	0.807085	-0.0313018	0.0495786
799	2	0.808486	0.0251286	0.00226529
800	0	0.809262	0.034317	0.0330989
801	2	0.810378	0.0544247	0.00428536
802	1	0.813963	-0.0592239	0.0189789
803	0	0.816074	0.0870039	0.0229133
804	1	0.82017	0.0691388	0.0725571
805	2	0.820746	-0.0590164	0.015516
806	2	0.821697	0.0410192	0.109951
807	1	0.821798	-0.00313463	0.110107
808	2	0.822788	-0.0301784	0.11276
809	1	0.827936	0.0425558	0.0258116
810	2	0.828067	0.0516141	0.037155
811	0	0.828076	-0.0388159	0.039043
812	2	0.828511	0.0071338	0.0294503
813	0	0.830044	0.0580952	0.021778
814	0	0.830219	0.0940635	0.0580975
815	2	0.830602	0.00171863	0.0774332
816	2	0.831174	0.105659	0.0568733
817	2	0.831739	0.0557673	0.0519918
818	0	0.833358	0.0261172	0.0334676
819	2	0.83349	-0.00546275	0.0652516
820	2	0.833714	0.0661488	0.0275561
821	0	0.83492	0.0395322	0.0255207
822	0	0.835009	-0.0536031	0.018807
823	0	0.837382	0.0160845	0.00445421
824	0	0.838218	-0.115419	0.0278728
825	0	0.838672	0.0156937	0.0239863
826	1	0.839723	0.0285076	0.0650253
827	1	0.840587	-0.0255221	0.0189432
828	0	0.8422	0.0611836	0.0216534
829	1	0.842322	0.0436064	0.0116529
830	0	0.842816	0.0104188	0.0208132
831	0	0.843071	-0.0205368	0.0069614
832	2	0.843091	-0.00845548	0.113712
833	0	0.84327	0.00938172	0.0278919
834	2	0.844709	0.0527513	0.0849713
835	2	0.845377	-0.0130565	0.016963
836	0	0.845486	0.0355021	0.0382574
837	2	0.846251	0.0146384	0.0417023
838	2	0.846931	0.0107818	0.0387166
839	2	0.847241	0.0398569	0.0752706
840	0	0.847617	0.040995	0.0109342
841	2	0.849753	-0.0504267	0.0112424
842	0	0.850468	0.071755	0.0592254
843	0	0.850862	0.0135125	0.0388568
844	0	0.850906	-0.0373897	0.0874762
845	0	0.851049	0.0219701	0.0336456
846	2	0.851482	0.0768505	0.0539011
847	2	0.851903	-0.114238	0.0122008
848	0	0.852934	0.0443153	0.0242483
849	0	0.85445	-0.0203097	0.00356877
850	0	0.854663	0.0669555	0.0677973
851	2	0.854977	0.0197448	0.0111399
852	2	0.855155	0.0249721	0.0599538
853	1	0.855382	-0.0376875	0.0903684
854	0	0.856016	-0.0158795	0.0495854
855	2	0.856066	0.0323224	0.0632565
856	2	0.857082	0.052362	0.110353
857	1	0.857439	-0.0308158	0.0219645
858	0	0.858822	0.073252	0.00884375
859	1	0.859034	-0.070735	0.0693087
860	2	0.859818	-0.0134594	0.03469
861	2	0.85988	0.0275018	0.0175827
862	2	0.861679	-0.0137577	0.0402431
863	2	0.862864	0.0443815	0.0297752
864	1	0.863628	0.235006	0.0401598
865	2	0.863864	-0.14787	0.00561675
866	0	0.864454	-0.0226278	0.0381581
867	2	0.864937	-0.0141869	0.0308538
868	1	0.866048	0.0322358	0.119498
869	2	0.867934	-0.0190831	0.0948569
870	0	0.868019	0.0221951	0.0340351
871	0	0.868573	0.0904849	0.0563097
872	2	0.86866	0.0654011	0.0576903
873	0	0.869885	0.00620616	0.0322295
874	2	0.870196	0.0222422	0.0374519
875	2	0.871297	-0.0269999	0.00250332
876	2	0.871599	0.0632263	0.0164757
877	1	0.872635	0.0797587	0.00504415
878	0	0.87277	-0.0543218	0.015913
879	0	0.87469	0.0684871	0.0494509
880	2	0.875248	-0.0117454	0.0343994
881	0	0.876349	-0.122552	0.0436667
882	0	0.877981	-0.0573532	0.0421118
883	2	0.878107	-0.0343217	0.00844125
884	0	0.878232	0.0629809	0.0447002
885	2	0.879681	0.0330377	0.00846228
886	0	0.880066	0.0666263	0.000878783
887	2	0.880066	-0.114229	0.0168088
888	2	0.883682	-0.0293876	0.0433704
889	2	0.883966	-0.01539	0.0359017
890	0	0.884164	-0.0137035	0.0295265
891	2	0.884354	-0.0244129	0.0316866
892	0	0.885605	-0.0297079	0.0762847
893	0	0.886432	0.0410316	0.120623
894	2	0.886745	-0.0638504	0.0436642
895	0	0.887418	-0.0208116	0.0397945
896	0	0.888292	-0.0670876	0.00609834
897	2	0.888712	-0.00456728	0.0279033
898	1	0.890106	0.0400073	0.00100121
899	0	0.890286	-0.0239201	0.0701584
900	0	0.894434	0.0536971	0.0325008
901	0	0.895223	-0.0169277	0.0843673
902	0	0.898082	-0.0410979	0.026966
903	2	0.901758	-0.0203813	0.0318246
904	0	0.902565	-0.0207408	0.0132535
905	2	0.905049	0.0565789	0.0473915
906	2	0.905662	0.0385419	0.00077099
907	0	0.906273	-0.0136923	0.07538
908	0	0.906369	0.0123397	0.00430773
909	0	0.906886	-0.0115825	0.0102675
910	2	0.907083	0.0544848	0.00812662
911	2	0.907997	-0.0455382	0.044385
912	1	0.90884	0.125737	0.0137177
913	1	0.910529	0.109959	0.00350699
914	2	0.911899	0.0175367	0.0906972
915	0	0.912945	-0.0234131	0.0445645
916	0	0.913182	0.0768915	0.0340349
917	2	0.91322	-0.136092	0.00694024
918	2	0.917985	0.0155053	0.0309083
919	1	0.918463	0.0402939	0.0520134
920	0	0.919353	0.0349235	0.0606457
921	1	0.921443	0.0140718	0.0510926
922	1	0.921997	-0.0175078	0.098569
923	0	0.922065	0.0214386	0.043819
924	0	0.922608	-0.00791041	0.0190543
925	0	0.923622	0.0126663	0.00695627
926	2	0.925997	-0.0223478	0.0280876
927	0	0.926053	0.0828303	0.031627
928	0	0.92652	0.0109026	0.117253
929	0	0.928341	0.0114635	0.0499624
930	0	0.928701	-0.0401672	0.00346237
931	0	0.928989	0.0359405	0.0367837
932	0	0.930243	-0.0145435	0.0146811
933	1	0.930877	-0.103873	0.163143
934	2	0.931138	0.0375686	0.0076072
935	2	0.932353	0.00984246	0.0552457
936	0	0.934982	-0.0942935	0.0094
937	2	0.937309	-0.0393996	0.0126755
938	2	0.937532	0.0128541	0.123364
939	0	0.938783	-0.0278924	0.0120869
940	2	0.939587	-0.0279344	0.021919
941	2	0.939887	-0.0900236	0.0932857
942	2	0.940936	0.00791528	0.0784484
943	2	0.941566	0.015852	0.0514452
944	2	0.941965	-0.017356	0.0263313
945	2	0.942387	0.0197574	0.0304522
946	1	0.942831	-0.0206187	0.147998
947	0	0.944768	0.068114	0.0288881
948	0	0.94619	-0.0177664	0.0532886
949	1	0.946622	-0.0726008	0.00335288
950	2	0.948219	-0.0150137	0.0249032
951	2	0.949003	-0.0145054	0.0641199
952	1	0.949427	-0.0533058	0.0354701
953	0	0.951036	0.0208682	0.0791112
954	2	0.952075	0.0143256	0.0463177
955	0	0.952215	-0.0236631	0.000107947
956	0	0.952726	-0.042516	0.0378757
957	2	0.953464	-0.0534106	0.0438499
958	2	0.953466	0.0102209	0.0643452
959	1	0.953958	-0.056457	0.038412
960	0	0.954051	-0.0417373	0.00640276
961	2	0.957732	-0.123699	0.0501704
962	1	0.958879	0.0410776	0.043432
963	1	0.964366	-0.0506219	0.0635814
964	1	0.964534	0.0169225	0.0857109
965	2	0.966056	-0.0193578	0.0772488
966	2	0.967022	0.0388692	0.0548552
967	0	0.967054	-0.0233485	0.0420296
968	2	0.967395	-0.0945976	0.0310129
969	0	0.967709	0.0302224	0.010776
970	0	0.968117	0.0498225	0.0283431
971	0	0.970019	0.0454762	0.0344808
972	1	0.97072	-0.0382293	0.00375038
973	2	0.970941	-0.0147409	0.0178239
974	2	0.97257	-0.055253	0.00974023
975	2	0.973948	0.0266203	0.00235093
976	0	0.977327	-0.132701	0.137154
977	0	0.977779	-0.00908308	0.0333271
978	1	0.977888	0.111938	0.0114444
979	2	0.978445	-0.0503391	0.015349
980	0	0.979393	-0.0335809	0.0195856
981	1	0.979494	0.0764242	0.110805
982	2	0.98029	0.0254483	0.0340512
983	2	0.981033	0.0202443	0.0379556
984	0	0.982023	-0.0305846	0.00578366
985	2	0.982111	0.0390033	0.0410107
986	2	0.984198	0.0870624	0.0239691
987	0	0.985038	-0.041773	0.0308977
988	2	0.986284	0.060486	0.0101851
989	0	0.987755	0.0215615	0.00601795
990	2	0.990018	0.0118129	0.0589663
991	2	0.991149	0.00631761	0.0495703
992	2	0.991809	-0.0928021	0.0522081
993	0	0.992266	0.0822389	0.094415
994	1	0.993664	-0.0706767	0.031257
995	1	0.993897	-0.0185196	0.0359969
996	2	0.994186	0.0292813	0.0115294
997	0	0.996514	-0.0314039	0.0599191
998	2	0.999134	0.0574625	0.0217503
999	0	0.999378	0.0367885	0.0339729
1	715	0.0465117
1	108	-0.0479492
1	608	-0.0354456
1	526	0.0527618
1	783	0.0268111
1	620	0.0365338
1	249	-0.0280346
1	913	0.0310813
1	423	-0.0567461
1	214	-0.0526077
1	759	-0.0297649
1	422	-0.0507899
1	703	-0.0463249
1	634	-0.0659853
1	282	-0.0296254
1	141	0.0717165
1	100	0.0361856
1	358	0.0402085
1	949	0.0433119
1	673	-0.0149397
1	777	-0.0282302
1	696	0.0171728
1	596	-0.0380626
1	391	0.0780996
1	428	-0.073308
1	639	0.0160628
1	270	-0.0609413
1	427	0.0600302
1	633	-0.0371909
1	859	-0.0399115
1	857	-0.0518606
1	165	-0.0267354
1	34	0.0420018
1	548	0.0597773
1	654	-0.0423947
1	591	0.0337742
2	955	-0.0189751
2	363	0.0113572
4	334	0.0265274
4	606	-0.0170462
4	158	-0.0211997
4	79	0.0304013
4	848	-0.00994243
4	446	-0.0380043
4	184	-0.0323746
4	724	-0.0374565
4	363	-0.0435249
4	578	-0.0349876
4	685	0.0351021
4	793	0.0129612
4	125	0.0360449
4	328	0.0266789
4	790	-0.0152322
4	321	0.0457523
4	325	-0.0085078
4	362	0.0261461
4	753	-0.0151037
5	315	0.0283996
5	823	0.0102708
5	435	0.0309984
7	445	0.035298
8	247	0.0220161
12	524	0.0318503
12	237	0.0214595
12	144	-0.0201055
12	79	0.0141004
12	261	0.0432515
12	187	0.0285999
12	477	0.0696977
12	119	0.0391391
12	545	-0.0293541
12	800	-0.0188891
12	895	0.0234547
12	125	0.0462207
12	225	0.0261332
12	626	-0.0254029
12	367	0.0139234
12	619	-0.0333042
12	679	-0.0293084
12	316	0.0285762
12	755	0.0142437
12	455	-0.0401537
12	309	0.0158335
40	182	-0.0214406
41	391	0.0294248
41	628	0.041895
41	439	0.0777658
41	733	0.0398867
41	946	-0.0179197
41	406	0.021195
45	145	0.0184855
45	746	-0.0128197
45	896	-0.033491
45	923	0.0139015
47	553	0.0113466
50	93	0.0385643
56	743	0.0130546
57	141	-0.033103
57	501	0.0285395
57	238	0.06733
57	919	0.0412274
57	439	-0.0293278
61	354	-0.00931674
61	580	0.0497344
61	833	0.0337517
61	12	-0.0119166
61	259	0.0292986
61	524	0.0201331
61	73	-0.0237507
61	86	-0.0371315
61	997	0.0392052
61	606	-0.020394
61	840	-0.0265942
61	980	0.0198203
61	79	-0.026147
61	416	-0.050714
61	347	-0.013001
61	97	0.0413842
61	854	0.0283118
61	873	-0.0304303
61	209	0.0518764
61	145	-0.0235107
61	363	0.00950662
61	50	-0.0210048
61	752	-0.0171971
61	904	-0.0163874
61	379	0.01599
61	971	0.0211489
61	575	-0.0128943
61	219	-0.0313802
61	993	0.0234244
61	621	0.0119817
61	88	-0.0320679
61	393	-0.0295812
61	573	0.033625
64	909	0.0337968
66	41	0.0311625
66	596	-0.0270845
66	675	-0.0361164
66	772	-0.0861429
66	271	-0.0753968
73	331	0.0379573
73	699	0.0204056
73	927	-0.0388975
73	873	-0.0684478
73	246	-0.0462544
73	615	-0.0149461
73	627	0.0501404
73	824	0.019017
73	433	0.0249289
73	174	-0.0354606
73	316	-0.0599944
73	878	-0.0371991
73	589	0.0637163
79	169	0.0284655
79	629	-0.0225184
79	895	-0.0413898
79	886	0.0198152
79	303	0.0314017
79	792	-0.0063541
84	509	0.00939978
86	502	0.0432125
86	848	0.0293736
86	336	-0.0260339
86	664	0.0270371
86	329	0.0199705
86	113	-0.036
86	215	0.0618955
86	27	0.0111038
86	886	0.0384738
86	814	-0.0684626
87	93	0.0182319
97	989	0.0368218
97	822	-0.0196966
97	107	0.0215019
97	401	0.0273719
100	65	-0.0327116
100	270	-0.0332523
100	421	-0.0111613
103	97	0.0252829
103	796	-0.0426477
103	825	-0.0208828
103	435	0.0419219
103	790	-0.0498181
103	307	0.0193324
108	608	0.0236997
108	783	0.0408691
108	759	-0.0315523
108	389	-0.0367557
108	56	-0.0359673
108	191	0.0639311
108	949	0.0424844
108	777	0.0690804
108	238	-0.0462277
108	495	-0.0214032
108	550	-0.0294988
108	743	-0.0516943
108	628	-0.0462917
108	922	0.0354036
108	461	0.0318894
108	233	0.0199375
113	929	0.0278689
113	879	-0.0125382
117	48	-0.039037
118	702	0.028487
119	786	-0.0135562
119	702	-0.0160966
125	890	-0.0163205
126	932	-0.0171331
131	848	-0.0504464
131	870	0.0188836
131	625	-0.0225966
131	347	0.024187
131	314	0.0280092
131	711	0.0208121
131	578	0.0201533
131	20	0.033085
131	993	0.014173
131	225	-0.0386538
131	527	-0.0244469
131	947	0.0377223
131	658	-0.0301601
131	568	-0.0272083
131	76	-0.0222677
131	307	0.00958072
133	936	-0.0378203
133	480	-0.0238448
133	158	-0.0236774
133	813	0.0134849
133	731	-0.0131071
133	315	0.0276268
133	142	0.0222026
133	904	-0.0524422
133	899	-0.0386006
133	291	0.0444543
133	798	-0.0131592
133	325	0.0339886
133	91	0.0214735
135	422	-0.0521444
135	754	-0.0604911
135	693	0.0336508
135	605	0.0582232
135	365	0.126262
135	543	0.0522757
135	465	0.099482
141	30	0.0213426
141	628	-0.051549
141	963	-0.0236252
141	456	0.0290472
141	776	-0.0333302
144	103	-0.0142943
144	2	0.0199193
144	939	-0.0216548
144	685	0.00521961
144	353	0.0673537
144	452	-0.0321635
144	901	-0.036086
146	904	-0.0212001
146	96	0.0306962
146	185	-0.0341754
146	785	-0.0136447
149	405	-0.0290927
158	980	0.0205929
158	286	0.0102681
158	831	-0.0235607
158	929	0.043133
158	200	-0.0135337
162	864	0.0526646
162	526	-0.0738599
162	783	-0.0710287
162	995	0.0464128
162	214	0.0332156
162	802	0.0212965
162	223	0.0373968
162	135	-0.0494208
162	389	-0.0570246
162	475	-0.0115395
162	57	-0.0248985
162	743	-0.0389019
162	248	-0.0465365
162	733	0.115352
162	898	-0.036398
162	160	0.0570161
162	877	0.0384679
162	868	-0.0319546
169	603	0.0163108
169	446	-0.0302926
169	64	-0.0378441
169	357	-0.0342283
177	924	0.0196669
177	821	0.0361861
177	666	0.0204196
177	227	0.047704
177	811	-0.0252367
177	460	0.00803283
180	512	0.0584432
180	48	-0.0336187
180	544	0.0407333
184	219	0.0600615
184	63	0.0256256
186	321	0.0086
187	603	-0.0202078
187	752	0.0188799
187	414	0.0620746
187	13	0.0148043
190	220	0.0382696
191	40	-0.059122
191	391	0.0267384
191	675	-0.0473238
191	590	0.0584748
191	779	0.0525182
198	223	-0.0836947
198	389	-0.0644327
198	368	0.0489837
198	490	-0.0207824
198	562	-0.0372829
198	807	-0.0601081
198	827	0.0296836
198	270	-0.0343663
198	427	-0.0547674
198	408	-0.0447829
198	964	-0.0807963
198	181	0.0297308
208	231	-0.0376342
208	261	-0.0255131
208	145	0.00970136
208	236	-0.0373949
208	8	-0.0199424
209	360	0.0392671
209	284	0.0107151
211	723	0.0376669
211	825	-0.00904615
211	900	0.0265153
211	648	0.0262089
214	773	0.0236323
214	475	-0.0247911
214	597	0.0687859
214	963	-0.051369
214	644	-0.041798
214	772	0.030594
214	710	-0.037624
214	183	0.0384832
223	640	0.0542351
223	30	0.0521145
223	262	-0.0447183
223	673	-0.0278771
223	693	-0.0498053
223	668	-0.071103
223	23	0.0401193
223	921	-0.0698043
224	754	-0.039099
224	453	0.0129964
224	517	-0.06338
231	955	-0.0122814
231	896	-0.0316166
231	247	-0.0378571
231	335	-0.023361
235	44	0.0123434
237	997	-0.0061101
237	144	0.0228437
237	416	-0.0397509
237	261	-0.0284738
237	329	-0.0397617
237	488	0.0309046
237	64	-0.025544
237	315	0.0353792
237	280	-0.0336081
237	326	-0.0808954
237	353	0.0194325
237	96	-0.0374858
237	602	0.0143363
238	644	0.0151044
238	704	0.044738
246	813	-0.0421328
246	349	0.037163
249	423	-0.0495685
249	640	0.0150917
249	475	-0.0456325
249	673	0.0100757
249	644	0.0563269
249	668	-0.0202925
249	428	0.068975
249	408	-0.0513366
249	543	-0.0384327
249	17	-0.0287292
249	305	-0.0752215
255	909	-0.076768
255	600	0.0241904
259	4	-0.034934
259	334	-0.0362028
259	131	-0.0239651
259	86	0.0154287
259	531	0.0162487
259	208	0.0154065
259	588	0.0512194
259	989	-0.0237603
259	194	-0.0342645
259	533	-0.0239728
259	353	-0.030569
259	602	0.00814635
259	947	0.0200711
259	747	0.0252565
259	476	-0.054692
259	267	-0.0234561
259	652	-0.0416014
259	884	-0.0393654
259	761	0.0268563
259	836	0.0376405
261	21	0.0300087
261	304	-0.0220064
262	777	-0.0306064
262	804	0.0496306
262	453	0.0506233
262	564	-0.0666051
278	811	-0.0255028
278	619	0.0427955
278	828	0.0480831
282	456	-0.0303125
282	776	-0.0532327
282	165	0.0739831
282	397	0.0736877
284	507	0.04601
286	184	0.0324176
286	890	0.0267926
291	931	-0.0271222
300	724	0.0334148
300	615	0.0333845
300	976	0.0466195
306	545	0.0332013
306	386	0.0415229
306	527	-0.0571735
306	947	-0.0232692
306	277	-0.0269043
306	111	0.00862164
306	267	0.0283436
306	953	0.0285999
308	924	-0.0198698
308	736	0.0328718
308	929	-0.0299858
308	247	-0.0167233
308	185	-0.0318316
313	133	0.0300018
313	845	0.0297608
313	664	0.0286991
313	745	-0.0499598
313	647	-0.00948094
313	64	0.0126118
313	916	-0.0376914
313	113	0.0390869
313	157	0.0484909
313	728	-0.03969
313	405	-0.0347616
313	694	-0.049276
313	295	0.029721
313	14	0.0261412
313	297	0.0372509
314	794	0.0481133
314	731	-0.0328992
314	960	-0.012722
314	726	-0.0507988
314	822	-0.0218416
315	225	0.035122
326	830	0.0147028
329	488	-0.0179144
329	747	0.0202322
329	568	-0.0438537
329	893	0.0286356
331	146	-0.0216831
331	588	-0.0257508
331	858	-0.031123
331	895	-0.026343
331	489	0.0157602
331	295	0.0325516
331	179	-0.024534
334	840	0.0246234
334	158	-0.00764482
334	416	0.01572
334	699	0.027487
334	211	-0.0308974
334	927	0.0184669
334	300	0.0201727
334	113	0.0584334
334	613	0.0159944
334	215	0.0211483
334	489	-0.0312921
334	977	0.0213827
334	75	0.0132592
334	751	-0.0157231
334	78	-0.0129718
336	286	0.0160578
336	737	0.0248958
336	527	0.0327007
336	47	0.0255562
336	976	-0.0267087
341	146	-0.0240862
341	232	0.040659
347	360	-0.0335543
347	194	0.00751554
353	149	-0.0137816
354	259	0.0189532
354	313	-0.0147693
354	73	-0.0287548
354	86	-0.0367283
354	502	0.028911
354	384	0.0128163
354	306	0.026412
354	169	-0.0408812
354	336	0.0361241
354	177	0.0290521
354	261	0.0244144
354	341	-0.0144628
354	211	0.0260179
354	329	0.0429785
354	308	0.0271651
354	794	-0.0359065
354	209	0.0109739
354	64	0.0244589
354	522	-0.00999609
354	219	-0.0239619
354	999	-0.047934
354	437	-0.0289395
354	896	-0.0170077
354	149	0.0137208
354	621	-0.0433457
354	111	-0.0335765
354	321	-0.025171
354	648	-0.0259131
354	196	0.0231584
354	240	0.0442768
354	218	0.0260017
354	537	0.0123582
358	772	-0.0412257
358	461	-0.0464157
360	717	0.0126094
363	52	-0.013742
364	714	-0.0319574
364	110	-0.0365753
365	464	0.0382706
365	964	-0.00941498
368	100	-0.0592576
368	224	-0.06716
368	40	0.0399357
368	413	-0.0348257
368	859	-0.0400389
373	579	-0.0462959
373	800	-0.0262269
373	386	0.0117654
373	8	0.0326466
373	747	-0.0217666
373	738	-0.02809
379	572	0.0245161
380	248	-0.0486428
380	59	-0.0644514
382	525	-0.0436341
382	434	0.0117213
382	61	0.0104499
382	354	0.0229974
382	662	0.0163473
382	881	0.0379066
382	833	-0.00748558
382	12	-0.0317907
382	259	0.0188905
382	586	0.0270083
382	614	-0.0357645
382	936	0.0227567
382	144	-0.037507
382	907	0.0255325
382	840	-0.0225364
382	158	0.0372743
382	980	0.0247102
382	415	-0.0322295
382	103	0.0312083
382	987	0.0237787
382	870	0.0147792
382	678	0.0396428
382	341	-0.0219474
382	187	-0.0230827
382	794	0.0134193
382	446	-0.0253342
382	579	0.0278847
382	300	0.0211147
382	916	-0.0157507
382	545	-0.0141801
382	955	-0.0733234
382	989	0.0124132
382	823	0.0163445
382	583	0.0181061
382	939	0.0323563
382	646	-0.023683
382	967	-0.0103146
382	666	0.0210072
382	890	-0.0302503
382	399	0.0295013
382	126	0.0450195
382	738	-0.0138877
382	7	-0.0236017
382	63	-0.0332107
382	674	0.0186271
382	878	0.0179377
382	52	-0.0194883
384	539	-0.0122577
384	416	0.0448718
384	231	-0.0430036
384	699	-0.040429
384	446	-0.0356706
384	119	-0.0340775
384	786	-0.0401586
384	20	-0.0347286
384	892	0.0300351
389	773	-0.0168496
389	56	0.0927292
389	413	0.049907
389	18	0.0354091
391	270	-0.027112
395	939	0.0203256
395	512	-0.0270557
395	643	0.0270201
399	21	-0.0289927
399	516	0.0201331
409	331	0.0634874
409	980	-0.0687118
409	146	-0.0278553
409	927	-0.0210577
409	395	0.0233176
409	793	0.0206981
409	892	0.0341569
409	63	-0.0222259
409	698	0.0345407
414	758	0.0477549
415	451	-0.0303372
415	347	-0.029943
415	97	0.0678521
415	45	0.0134978
415	989	-0.0231421
415	87	0.0481201
415	304	0.033841
415	791	0.0193815
416	145	-0.0154782
416	235	0.0497429
416	15	-0.0267981
422	358	-0.0231847
422	490	-0.0304926
422	248	-0.0515579
422	776	-0.0269863
422	469	-0.0466962
422	868	-0.0312517
422	972	-0.0273785
423	802	-0.0441807
423	933	0.03563
423	773	-0.0124353
423	949	-0.0236176
423	777	-0.0402292
423	40	-0.0370825
423	959	-0.0328518
423	65	-0.0211531
423	204	0.0365184
423	24	0.0225565
423	517	-0.0126183
427	483	0.0293333
432	886	-0.0156166
434	61	-0.0196721
434	354	0.0108474
434	313	0.0211804
434	470	0.0322257
434	133	0.0260264
434	237	-0.042326
434	86	-0.0296885
434	997	0.0151542
434	606	-0.0509439
434	480	0.0517327
434	144	0.0302914
434	79	-0.0183794
434	531	-0.0553564
434	416	-0.0152975
434	745	-0.0116942
434	625	-0.00885685
434	347	0.0158015
434	177	-0.0261039
434	208	0.0302462
434	711	-0.0135827
434	579	0.0316857
434	615	0.0459571
434	858	0.0479893
434	194	-0.0160902
434	736	0.0214587
434	118	-0.00781407
434	593	0.028027
434	635	-0.0638679
434	999	-0.0171285
434	892	-0.0140044
434	811	-0.0241726
434	367	-0.0163198
434	463	0.048395
434	694	0.0253519
434	850	-0.0481682
434	969	0.0416792
434	371	-0.0182591
434	312	-0.0210469
446	284	0.0354329
446	174	0.0256575
451	373	-0.0300446
451	925	-0.0299247
451	627	0.0217252
451	803	0.0262498
451	190	0.0370212
452	277	-0.0175649
453	59	-0.0626881
470	907	-0.0483058
470	956	0.0258309
470	347	0.0176251
470	603	0.0254697
470	916	0.0149533
470	552	0.027237
470	842	0.0189857
470	955	-0.0163676
470	522	0.0340058
470	666	-0.0297197
470	803	0.0244076
470	476	-0.0107182
470	484	-0.0390779
470	319	-0.0148705
470	317	0.0375604
475	501	0.0260384
475	807	-0.039284
475	380	0.076432
477	157	-0.0261954
477	111	-0.0125887
477	200	-0.0302423
480	306	0.0480096
480	451	-0.0283719
480	336	0.0441086
480	625	0.0206084
480	588	-0.0290166
480	821	0.0196746
480	879	0.0321454
480	727	0.0304597
480	35	-0.0165881
480	311	-0.0231173
488	552	0.0231866
488	20	-0.0186166
489	589	-0.0203375
490	501	-0.040789
490	456	0.0431654
490	519	0.0742235
495	754	-0.0500355
495	439	0.0778236
495	268	-0.0551478
495	877	-0.0351327
502	907	-0.0221565
502	711	0.0304019
502	2	0.0085702
502	858	-0.0312133
502	432	0.0215924
502	118	-0.0294969
502	593	0.0265011
502	219	-0.0125806
502	96	0.0309194
502	843	0.0170621
502	492	0.0344096
511	635	-0.0113308
511	602	-0.0276324
511	658	-0.0303591
524	334	-0.0225049
524	614	-0.0216444
524	502	-0.0167308
524	144	-0.043749
524	331	0.0312531
524	103	0.0191563
524	637	-0.0125291
524	664	-0.0117803
524	314	-0.0301389
524	746	0.0149448
524	235	0.0100695
524	960	-0.0245522
524	117	0.0434395
524	43	0.0182033
524	355	0.0239522
525	434	-0.0203167
525	61	0.0255892
525	354	0.0340467
525	580	0.00807019
525	662	-0.0239379
525	12	-0.0166181
525	259	-0.0318554
525	4	-0.0220083
525	524	-0.0183398
525	313	0.0325464
525	614	0.0218405
525	470	-0.0210259
525	133	0.0490826
525	237	-0.0474223
525	86	-0.0600785
525	144	0.00920721
525	409	-0.0307211
525	169	-0.0554975
525	45	0.0273612
525	647	-0.0417538
525	341	-0.0532661
525	632	0.0226401
525	731	0.011179
525	286	0.0547096
525	821	0.0189981
525	50	0.0142597
525	736	0.0356796
525	118	-0.0363439
525	737	-0.0529988
525	575	0.0247484
525	125	0.0630787
525	977	-0.0311438
525	714	0.0162735
525	803	0.0208072
525	814	0.016487
525	476	0.0463752
525	790	0.0285492
525	433	0.0156668
525	953	-0.0157811
525	652	-0.0565365
525	866	0.0237692
525	493	0.0162251
525	984	0.0208551
526	913	0.0377286
526	223	0.033202
526	773	-0.0419975
526	368	0.0357757
526	57	-0.0392294
526	100	0.0333831
526	30	0.0562974
526	949	0.0396745
526	238	-0.0263871
526	919	0.0119577
526	605	0.0193388
526	963	0.0609892
526	248	-0.0512736
526	795	0.0331438
531	848	0.0308268
531	341	0.0316627
531	794	-0.0208535
531	363	0.0278574
531	737	-0.0179364
531	993	-0.0246968
533	928	-0.0230691
533	310	0.0393272
539	939	-0.0457381
539	522	-0.0137537
539	328	-0.0439728
539	626	0.0118813
539	13	0.0130485
539	107	0.0143154
539	553	-0.0315961
543	182	0.051473
545	831	-0.00908775
550	644	-0.0224892
550	23	-0.0339943
552	842	0.0338197
552	184	0.0330281
552	971	0.018696
552	377	0.0189467
562	418	-0.0583646
562	827	-0.0290475
562	697	-0.0552989
575	170	-0.0167862
576	333	-0.0110503
578	507	0.058646
579	277	0.0574416
580	662	0.047441
580	881	0.0256723
580	12	0.0129812
580	4	0.0385127
580	614	0.051886
580	133	0.0287347
580	997	0.0570523
580	480	0.0284087
580	845	0.0401607
580	373	-0.0260242
580	347	-0.0351704
580	97	0.0255353
580	246	-0.034297
580	64	-0.0191681
580	796	0.0378222
580	632	0.0316961
580	724	0.0346235
580	786	0.0348717
580	194	-0.0316094
580	236	-0.0211745
580	142	0.0450502
580	379	0.0267141
580	255	0.0147416
580	899	0.0112696
580	87	0.0293106
580	726	0.0198051
580	267	-0.0347271
580	39	-0.0121317
580	62	-0.0347003
580	698	-0.034996
580	35	0.0184647
580	74	-0.0180393
583	522	-0.0271582
586	524	0.0177513
586	470	-0.016716
586	606	-0.0250804
586	987	-0.0336646
586	308	0.0280254
586	794	-0.0102716
586	579	-0.0289042
586	278	0.0290968
586	50	0.0291871
586	386	-0.0333285
586	215	0.0187125
586	737	0.0393586
586	931	0.0156717
586	442	0.0356521
586	39	0.037316
586	232	0.032178
586	303	-0.0248756
586	84	-0.0239739
586	849	-0.0253961
586	871	-0.0230175
588	512	0.017278
590	24	-0.044954
596	65	-0.0173442
596	963	0.0563686
596	952	-0.0403947
597	428	-0.0696394
597	102	0.0353914
603	600	0.0217143
603	901	0.0211164
603	893	-0.0405737
604	800	0.0080643
604	48	-0.036573
604	15	0.0381493
605	628	0.0430932
605	427	0.0237972
606	818	-0.0443968
606	840	-0.0458916
606	870	-0.0434944
606	511	0.0262595
606	291	0.0420074
606	433	0.0256368
606	90	-0.0580782
606	792	-0.0269561
606	923	0.0385591
606	196	-0.0509233
608	624	0.0257393
608	368	-0.0250648
608	282	-0.115972
608	56	-0.0344621
608	66	-0.0254342
608	30	-0.0164408
608	490	-0.0456039
608	673	-0.0493875
608	550	-0.0566663
608	639	0.0460144
608	779	0.0447995
608	421	0.0343317
608	337	-0.00957804
608	676	0.0217033
609	541	-0.0439756
609	381	0.0247379
613	858	-0.0113684
613	895	0.0236093
613	721	-0.0251089
613	279	-0.0387201
614	480	0.031072
614	907	0.0521141
614	818	-0.0251831
614	845	0.00805352
614	664	-0.0189953
614	187	-0.0274282
614	246	0.0309118
614	209	-0.0355615
614	488	-0.0670554
614	925	0.0145088
614	255	0.0204011
614	126	0.0289916
614	47	0.0175406
615	76	-0.0300478
615	751	0.0269232
619	727	0.0431112
620	198	0.0303082
620	913	0.0473979
620	214	-0.0296181
620	624	0.0277919
620	389	0.0276481
620	368	0.0568953
620	66	0.0272741
620	495	-0.0216349
620	439	0.016448
620	962	-0.0518798
620	408	-0.0362007
620	633	0.0638216
620	469	0.0342648
620	510	-0.0316974
620	716	-0.0587665
621	44	-0.0279337
624	358	0.0600531
624	912	-0.0162722
624	919	0.0307502
624	804	0.0536649
624	380	0.0267703
624	782	0.0434408
624	150	0.025527
624	429	-0.025093
625	246	0.0200872
625	629	-0.0324619
625	194	-0.0723233
625	280	-0.0157584
627	90	0.0171635
628	548	0.0261491
629	386	-0.0135275
629	544	-0.0407353
632	741	-0.0366641
632	685	0.0108521
632	27	0.0354259
634	56	0.00975333
634	562	0.0309825
634	597	0.0221044
634	365	-0.0313905
634	782	0.0431405
634	23	0.03658
634	563	0.0934041
635	627	0.0143948
637	625	0.0408503
637	647	0.0303648
637	300	0.0502794
637	821	-0.0337869
637	437	-0.0253615
637	902	0.0485809
637	581	0.0489009
639	233	0.0381841
640	56	-0.0572501
640	358	-0.0284889
640	501	0.0317148
640	224	-0.0245472
640	40	-0.0359627
640	418	-0.0168088
640	439	-0.0685844
640	268	-0.0472924
640	952	0.0254024
646	174	-0.0401672
646	463	0.0496583
647	236	0.0234417
647	593	0.0209878
647	928	-0.015331
647	442	-0.0208758
657	162	0.0221121
657	108	0.0452123
657	864	0.0367142
657	608	0.0194238
657	526	-0.0632943
657	783	0.0641278
657	995	-0.0553872
657	722	-0.031572
657	933	-0.0261086
657	634	-0.0533048
657	30	-0.0346367
657	597	0.0496505
657	696	-0.0432428
657	380	0.038441
657	776	-0.0192759
657	461	-0.0295321
657	351	-0.0203178
657	779	-0.0416501
657	898	0.0420116
657	290	-0.0238028
662	12	-0.0222007
662	614	0.0172567
662	131	0.0319283
662	845	0.0313225
662	531	-0.0262716
662	637	-0.0388598
662	987	0.0208873
662	45	-0.0243577
662	699	0.018224
662	854	0.0113807
662	341	-0.0215351
662	711	0.0155862
662	211	0.0161891
662	873	-0.0369747
662	604	0.0242428
662	50	-0.0301069
662	326	-0.0406966
662	971	-0.0279178
662	575	-0.0407004
662	825	0.038369
662	896	-0.0296407
662	117	0.0303369
662	658	0.0371402
662	738	-0.0218621
662	482	0.0223211
662	486	0.0411739
662	94	0.0220427
664	927	0.0381289
664	545	0.0238213
664	280	0.0217589
664	723	-0.0212217
668	697	0.0494465
673	693	-0.051409
675	946	0.0268457
678	724	-0.0203517
678	533	0.0574883
678	235	0.0317998
678	349	-0.0414267
685	814	0.0206403
689	829	0.0496435
693	418	0.0197167
693	204	-0.0725195
693	561	0.0510256
696	40	-0.0443906
699	603	-0.0234354
699	507	-0.0552983
703	389	0.0238854
703	696	0.0282225
703	550	-0.018799
703	780	-0.0185267
703	952	-0.0379995
703	541	-0.031605
703	271	-0.0618589
703	83	-0.0433371
706	866	-0.045906
708	600	0.043405
708	90	0.0277047
711	960	0.048307
711	900	0.0270037
711	7	-0.00802049
714	452	0.0213702
715	162	0.107857
715	864	-0.0476192
715	608	0.0255015
715	249	-0.019468
715	198	-0.0405379
715	802	0.039415
715	759	-0.0834699
715	422	0.0255357
715	475	0.0216999
715	57	-0.0288203
715	100	0.0352535
715	30	-0.0124766
715	562	-0.0470078
715	912	-0.0297037
715	959	0.0387011
715	418	-0.0643498
715	644	0.052054
715	268	0.0159408
715	762	0.0368732
715	456	0.0209187
715	978	0.0235737
715	576	0.0424488
715	609	0.0254286
715	24	0.0364128
715	859	-0.0398264
715	271	0.059219
715	290	-0.0251196
715	150	-0.0469147
715	429	-0.0350116
715	829	-0.0813162
715	563	0.0544415
715	431	0.0256707
715	80	0.0166754
715	383	0.0215457
717	317	0.0129522
722	759	-0.0115372
722	933	-0.0419567
722	634	0.043775
722	191	-0.107655
722	959	0.0282851
722	804	-0.049616
722	590	0.0136678
722	408	-0.0870971
722	978	-0.0336922
722	697	-0.0387917
722	233	-0.0374912
722	182	-0.0418012
723	93	0.0359536
731	180	0.0355079
736	414	0.0140007
741	890	0.0458975
741	824	-0.0209605
741	953	0.0184955
745	45	-0.0347396
745	5	-0.0200605
745	909	0.0233918
745	999	-0.0159073
745	721	-0.0331125
745	210	-0.0208288
746	967	0.0280721
746	13	-0.0309471
752	227	-0.032609
754	919	-0.068786
754	413	0.0242832
754	34	0.0185983
759	453	-0.0405967
759	978	-0.0379595
759	464	0.0355444
759	483	-0.0824838
759	809	0.0388708
771	108	0.0454282
771	864	-0.0771288
771	608	0.0284436
771	423	-0.0326463
771	135	-0.0501004
771	759	0.0350368
771	475	0.036048
771	282	-0.0244147
771	56	0.0314731
771	501	0.0135218
771	224	-0.0461908
771	743	0.0335013
771	804	-0.0352312
771	65	-0.0405322
771	675	-0.0331476
771	697	0.0311392
771	324	-0.0268745
771	160	0.0439886
771	54	-0.023509
771	473	-0.0253777
772	762	0.0219425
773	191	0.0551438
773	949	-0.0566194
773	780	0.0327427
773	743	-0.0266192
773	782	-0.0326888
773	623	-0.0269889
777	351	-0.0381548
777	421	0.0226099
780	762	-0.024678
780	921	0.049499
782	59	0.0282961
782	510	-0.0472046
783	995	0.0384591
783	249	-0.0382532
783	802	-0.0500457
783	135	-0.0668573
783	703	0.0422387
783	949	-0.0245768
783	262	-0.0744227
783	959	-0.0324802
783	780	-0.0722551
783	324	0.0300762
783	83	0.0338268
783	54	0.02958
783	519	0.0307365
793	186	0.0379884
794	842	0.0119891
794	568	-0.0391415
796	280	-0.0500911
796	726	-0.0235531
796	319	-0.00654253
798	768	0.0252397
800	830	0.018993
800	357	0.0163693
802	759	-0.0399425
802	490	-0.0367738
802	597	0.0223317
802	418	0.0370356
802	590	0.0321366
802	333	-0.0486282
807	696	-0.0745147
807	795	-0.0636098
807	320	0.0374911
807	689	-0.0185466
813	741	-0.0340049
813	858	0.0245775
813	360	0.0265032
818	119	0.0452941
818	2	0.0237731
818	928	0.0382168
818	364	-0.0587377
818	723	0.0170578
818	489	0.0227655
818	902	0.0337642
818	484	0.0419358
818	88	-0.0239304
821	197	0.0522178
823	755	0.066946
823	81	0.0204711
823	930	-0.0329255
824	728	0.0366406
827	762	-0.0320575
831	717	0.0343088
833	524	-0.038832
833	334	0.0176781
833	936	-0.0202173
833	158	0.0277781
833	980	-0.0168013
833	415	0.0162188
833	231	0.0294504
833	699	-0.0320291
833	678	-0.0190105
833	261	0.0102342
833	927	0.0324495
833	477	-0.0687876
833	813	-0.0476284
833	632	-0.0313837
833	395	0.0530879
833	278	0.0329573
833	432	-0.0234618
833	746	-0.0332342
833	280	0.0156576
833	967	-0.0447775
833	190	0.0591233
833	157	0.067893
833	843	-0.0325438
833	328	-0.0214329
833	758	-0.0295459
833	618	0.0284125
833	460	-0.02175
840	5	-0.0173129
840	731	0.0495134
840	604	-0.043939
840	931	-0.0141252
840	435	-0.0210194
840	185	0.0170397
840	618	0.0117101
842	786	0.0356675
842	432	-0.0171569
842	629	-0.0150161
843	828	-0.0245405
845	539	0.0286074
845	209	-0.0448487
845	796	0.0214663
845	752	-0.0403717
845	593	0.0423889
845	967	-0.0147713
845	445	-0.0266713
848	145	0.0309214
848	928	0.0234315
848	291	0.0318153
848	497	-0.0249165
848	558	-0.0544596
854	583	-0.0266617
854	825	0.0188566
854	186	-0.0325891
854	728	0.0486387
854	486	0.0641999
864	526	-0.0469294
864	620	0.109232
864	995	0.0183299
864	249	0.0216667
864	135	-0.0416429
864	422	0.0407845
864	282	0.044127
864	501	-0.0379256
864	696	-0.0433021
864	65	-0.0188654
864	922	-0.0196184
864	204	-0.0520663
864	517	0.0314486
864	857	-0.0444038
864	95	0.0410067
870	5	0.0260185
870	286	0.0297683
870	484	0.0138334
870	310	-0.0230787
870	14	0.0313293
873	2	0.0136487
873	895	-0.0318567
873	11	-0.0280654
879	901	-0.0340877
881	833	-0.0124
881	259	-0.0503889
881	4	0.043642
881	313	-0.0457131
881	73	0.0247885
881	409	-0.0348005
881	5	0.0289437
881	678	0.0249854
881	477	0.0732716
881	924	-0.017301
881	916	-0.0135314
881	786	-0.0245799
881	315	0.0189624
881	583	-0.0293791
881	236	0.0487749
881	215	0.0407327
881	793	0.0443433
881	635	0.0190255
881	437	0.0230047
881	714	0.0326758
881	931	0.040801
881	798	0.0195434
881	900	0.031105
881	902	0.0420479
881	349	-0.00753942
881	36	-0.0202369
881	91	0.0323667
881	774	0.0181779
898	465	-0.0323841
899	364	0.0541723
899	768	-0.0215943
904	299	0.0222363
907	451	-0.0185927
907	579	-0.0366298
907	488	-0.0242774
907	414	-0.0387625
907	512	0.0465212
907	708	-0.0273322
907	497	0.0377002
909	666	0.0300084
912	639	0.0186798
912	827	0.0304555
912	351	0.0258566
913	358	0.0463582
913	912	0.0260504
913	673	-0.0152307
913	550	-0.044441
913	804	0.0434766
913	391	-0.0129755
913	428	0.0266099
913	204	-0.0216066
913	541	0.0498878
913	503	0.0414836
913	256	0.0727116
916	27	0.0359281
916	509	0.020914
919	978	0.0431884
919	337	-0.0213637
921	853	0.03381
922	268	0.034026
924	741	-0.0312616
924	724	0.0407932
924	36	0.00993792
925	583	0.0203491
925	929	0.0267806
925	221	0.0388866
927	731	0.0570598
927	379	-0.0206861
933	389	0.0729855
933	56	-0.0618039
933	562	-0.0587656
933	596	-0.0222169
933	675	-0.0542831
933	795	0.0230395
933	691	-0.055334
936	907	0.0121276
936	360	0.0250525
936	142	0.0180259
936	708	-0.0400645
936	27	-0.0166559
936	706	-0.0320399
936	702	-0.00543149
936	544	0.0175694
936	367	-0.0143445
936	774	-0.0513423
936	220	0.0164389
936	75	-0.0384229
946	781	0.0225341
949	413	0.0605057
952	576	-0.0725027
955	960	0.0145886
956	588	0.0656246
956	119	0.0158596
956	184	-0.0169556
956	142	-0.02511
956	96	-0.0404787
956	626	-0.0295568
956	319	-0.0442763
956	442	-0.0153338
959	962	-0.0204803
959	733	0.0546773
962	320	-0.0118493
962	17	-0.0231373
963	922	-0.0520103
971	437	-0.0213379
977	21	-0.0365573
977	482	-0.0305297
980	169	-0.0620403
980	588	0.0216428
980	511	-0.0250977
980	110	0.0308878
987	432	-0.0623357
987	752	-0.0412725
987	326	-0.0241086
987	20	0.0311045
987	69	-0.024351
989	831	0.0272453
993	227	-0.012668
995	214	0.0354391
995	802	0.0683969
995	703	0.0270598
995	30	0.0351152
995	238	0.031933
995	605	0.0219256
995	365	-0.0323929
995	668	-0.0290409
995	461	-0.0137119
995	633	0.0429627
995	649	-0.0478871
995	994	-0.0331629
997	818	0.0485783
997	980	0.0195812
997	578	-0.0343061
997	646	0.037311
997	706	0.0347156
997	110	0.0215986
997	15	-0.024266
997	679	-0.0200144
997	62	0.0480368
997	674	-0.0355494
997	948	0.0439398
999	225	-0.0337653
