400
200
400
1000
500
3
0.333333	0.666667	
0	2	0.000683402	-0.0194306	0.040449
1	2	0.00153294	0.0097593	0.0169274
2	2	0.00218908	0.0338169	0.00722005
3	1	0.00285398	0.043315	0.0193461
4	0	0.0042487	0.0340511	0.0189042
5	0	0.0043249	-0.0671425	0.0280921
6	0	0.00459695	-0.0782845	0.0391824
7	2	0.00470123	0.0432848	0.0157446
8	2	0.00489402	0.017659	0.0457565
9	1	0.00618798	-0.0231217	0.0173286
10	1	0.00787284	-0.0472912	0.0721351
11	2	0.00911266	0.0359838	0.029597
12	1	0.00923571	-0.0105379	0.0155889
13	2	0.00996304	0.0850889	0.0130225
14	1	0.010784	-0.0725356	0.0850952
15	0	0.0107931	-0.0819394	0.0110451
16	2	0.0117086	-0.00870436	0.0431133
17	1	0.0123507	0.036027	0.000436786
18	0	0.0124021	-0.00368883	0.0616195
19	2	0.0128418	0.0147431	0.0113955
20	2	0.0153301	0.0297122	0.0677793
21	2	0.0155559	0.0703475	0.00828172
22	2	0.016501	0.0514682	0.045266
23	2	0.0180485	-0.0110447	0.065473
24	2	0.0182046	0.00702888	0.052414
25	0	0.0188812	0.022093	0.0869968
26	0	0.0193984	0.104487	0.0391843
27	2	0.0225445	0.00859424	0.0317355
28	2	0.0228855	0.0498273	0.0495377
29	2	0.0235546	-0.0541326	0.0184433
30	0	0.0251753	-0.0146226	0.0345184
31	1	0.0260559	0.0622124	0.0651932
32	0	0.0260673	-0.0343908	0.0783771
33	0	0.0260809	0.0279763	0.0496877
34	2	0.0263412	0.0154717	0.0406522
35	0	0.0278218	0.0363266	0.0044845
36	2	0.0307413	0.00938015	0.0416444
37	0	0.0307425	-0.0815714	0.0617089
38	0	0.0314091	0.0411424	0.0891213
39	2	0.0360532	-0.035683	0.0409449
40	2	0.0385583	0.0159125	0.0822158
41	0	0.0386823	0.0511708	0.0724355
42	0	0.039924	-0.0222723	0.0398589
43	1	0.0407302	-0.0348892	0.0102413
44	2	0.0414139	-0.0159826	0.0791639
45	0	0.0416603	-0.025337	0.00868174
46	2	0.0417352	-0.053024	0.0841695
47	1	0.0431065	-0.0566311	0.0356883
48	0	0.0444099	-0.0115844	0.0453707
49	2	0.0461069	0.01856	0.0631052
50	0	0.046917	0.0178567	0.0569264
51	2	0.0470333	-0.0157261	0.0105264
52	2	0.047096	-0.000885837	0.0275632
53	0	0.0489133	0.00414746	0.0129482
54	1	0.0489296	0.0115896	0.0405943
55	0	0.0490802	0.0463693	0.0414372
56	0	0.0491778	0.0111499	0.0166472
57	2	0.0495478	0.0113189	0.0476516
58	0	0.0519129	-0.0176407	0.0390688
59	2	0.0539911	0.134948	0.0100637
60	0	0.0543255	-0.0265587	0.0403687
61	1	0.055296	-0.0327263	0.0457409
62	1	0.0561646	0.0241731	0.0213756
63	2	0.0568832	0.0229699	0.0167017
64	0	0.0569735	-0.0231641	0.0320783
65	2	0.0580593	0.019585	0.0334155
66	0	0.0585198	0.0154923	0.100155
67	1	0.0593804	-0.105641	0.0446984
68	0	0.0598033	0.0358963	0.029562
69	0	0.0601332	-0.0532627	0.0107308
70	0	0.0613	-0.012832	0.0482451
71	0	0.061649	-0.0569446	0.0124549
72	2	0.0620437	0.0139329	0.0483123
73	1	0.0637593	-0.0417365	0.0632183
74	1	0.0639079	0.0642181	0.0671465
75	1	0.0655356	-0.0634305	0.0457124
76	0	0.0706627	-0.00257258	0.0144081
77	2	0.0718503	0.00500039	0.0688921
78	2	0.072125	0.0316311	0.0457277
79	2	0.0725115	0.0397193	0.0327605
80	0	0.0727478	0.00736343	0.00789933
81	1	0.0729969	-0.0245149	0.040528
82	2	0.0731727	-0.0967701	0.0437749
83	1	0.075293	-0.0956869	0.0418292
84	2	0.0756223	0.00733495	0.0995401
85	2	0.077241	0.0555731	0.106438
86	1	0.0785864	-0.00790689	0.0765014
87	2	0.0787109	0.0801795	0.0558166
88	1	0.079478	0.0465698	0.0621261
89	0	0.0805091	0.00426508	0.123787
90	0	0.0827538	-0.0228653	0.0564175
91	2	0.0840778	0.0159007	0.0598479
92	0	0.0849067	0.0586554	0.0278882
93	0	0.0904166	-0.0637568	0.0214257
94	0	0.0904799	-0.0202575	0.0436752
95	2	0.0922356	-0.041633	0.035139
96	1	0.093445	-0.030564	0.0293564
97	0	0.0943802	-0.0111578	0.00744588
98	2	0.0956921	-0.0384757	0.0184549
99	1	0.0959515	0.0339216	0.00387107
100	1	0.0979873	0.0574379	0.144029
101	2	0.0980216	-0.0400534	0.0918809
102	0	0.0982089	-0.10745	0.0194157
103	0	0.099064	-0.0350619	0.0674044
104	1	0.0996733	0.0706467	0.0451836
105	2	0.102282	0.0128589	0.0381684
106	1	0.103155	-0.025748	0.193978
107	2	0.103166	0.088017	0.0066458
108	2	0.104075	0.0197834	0.0108669
109	2	0.105556	-0.029704	0.0245892
110	2	0.106841	-0.0647086	0.000732518
111	0	0.107762	0.082602	0.0123899
112	1	0.108195	-0.154112	0.0118778
113	0	0.108207	-0.0193254	0.0042978
114	2	0.109135	0.0347846	0.0123187
115	0	0.111846	0.0213714	0.0565694
116	0	0.113096	0.0497634	0.0392327
117	2	0.114215	0.059456	0.0229757
118	0	0.118174	0.019386	0.0190315
119	1	0.119571	0.106945	0.0042442
120	0	0.120525	-0.0650103	0.0200002
121	2	0.122052	0.027653	0.031997
122	0	0.123836	0.122185	0.0115469
123	2	0.124052	0.0574056	0.00899037
124	0	0.12587	-0.0476147	0.0475241
125	0	0.126257	-0.011258	0.00738371
126	2	0.127296	0.0160359	0.0221699
127	0	0.127437	0.0441436	0.0536001
128	2	0.129538	0.0649153	0.069535
129	2	0.131033	-0.0693429	0.0513332
130	1	0.131515	-0.0303032	0.0486646
131	0	0.13163	-0.00800843	0.0837799
132	0	0.13243	0.0287242	0.0247753
133	0	0.132588	0.00778927	0.0984476
134	1	0.136335	0.0345683	0.0338905
135	2	0.137429	-0.0162682	0.107226
136	0	0.137718	0.0257958	0.0244321
137	1	0.138482	-0.0221248	0.0159763
138	0	0.139605	-0.0214052	0.0737098
139	2	0.141502	0.058522	0.00146199
140	0	0.143654	-0.0489086	0.0750133
141	1	0.144729	0.100266	0.0159721
142	0	0.144772	-0.00353888	0.0151588
143	1	0.144816	-0.0388738	0.0390326
144	2	0.144879	0.0117391	0.0638077
145	2	0.145028	-0.124132	0.0399586
146	2	0.145105	-0.0511832	0.0263387
147	2	0.145398	-0.0730522	0.0539783
148	2	0.145429	0.0388639	0.0158828
149	0	0.145854	0.111644	0.0108937
150	2	0.147155	0.0722675	0.0899866
151	1	0.147331	0.108305	0.0270273
152	2	0.147811	0.0362944	0.0142227
153	0	0.149253	0.0517442	0.0841899
154	0	0.15219	-0.0115197	0.000729502
155	2	0.152417	-0.031382	0.0229543
156	2	0.153171	0.0836421	0.0732283
157	2	0.154895	0.0327077	0.0698097
158	0	0.15511	0.00450697	0.100296
159	1	0.155625	-0.010118	0.07858
160	1	0.156303	0.0124456	0.0248679
161	2	0.158565	0.0203586	0.0324815
162	1	0.159577	-0.0135958	0.0660121
163	1	0.159951	-0.00634554	0.0272118
164	2	0.161851	-0.00562641	0.0119237
165	1	0.162773	0.0689985	0.0295577
166	0	0.167016	0.123353	0.0173599
167	2	0.16744	0.0480294	0.0474528
168	2	0.167453	-0.0210366	0.00315526
169	0	0.169275	0.0125171	0.0401914
170	0	0.169855	-0.0647717	0.0645576
171	2	0.17019	0.0535758	0.0177434
172	0	0.171359	0.0405426	0.0238368
173	0	0.171364	-0.0369575	0.0254547
174	2	0.171747	-0.0394119	0.0435229
175	0	0.172941	-0.0207092	0.00581729
176	2	0.173322	0.00866674	0.0293576
177	0	0.173513	0.0586151	0.0383173
178	2	0.173554	0.0391828	0.0860565
179	1	0.17356	-0.0302742	0.0602601
180	2	0.174865	-0.00330619	0.0629531
181	0	0.176945	-0.0523551	0.0427236
182	2	0.177391	0.0186447	0.0109789
183	0	0.179118	-0.0526116	0.00136233
184	1	0.180311	-0.00927687	0.0886082
185	2	0.181427	-0.078322	0.0287932
186	2	0.181627	0.0354911	0.0113028
187	2	0.183478	-0.0251091	0.0487296
188	0	0.185688	-0.0261154	0.0632998
189	0	0.186025	0.0415009	0.0262113
190	1	0.186253	-0.115356	0.00140577
191	1	0.187444	-0.0932033	0.0794744
192	0	0.187789	0.0275263	0.0392881
193	1	0.188087	0.024273	0.0131055
194	1	0.189717	-0.0278957	0.0740803
195	0	0.191872	0.024368	0.0138437
196	2	0.191948	0.0364001	0.101943
197	0	0.193076	-0.0373163	0.00169258
198	2	0.193655	-0.141046	0.0142321
199	2	0.193961	0.0314199	0.0190483
200	2	0.194117	-0.00387515	0.0228795
201	1	0.194486	0.0871396	0.0655972
202	1	0.195238	0.0483332	0.010676
203	1	0.195682	-0.0450885	0.00737346
204	1	0.196037	0.0467455	0.135465
205	0	0.197941	0.0348786	0.00548517
206	2	0.198289	0.0223904	0.00139123
207	1	0.19839	-0.169161	0.0576665
208	2	0.1987	0.0546805	0.0337719
209	1	0.199083	0.0917064	0.0653633
210	2	0.199846	-0.0317889	0.0705514
211	2	0.202679	0.0209098	0.0355386
212	2	0.202725	0.0174393	0.0743562
213	0	0.203294	0.0169444	0.0590588
214	0	0.204149	0.106655	0.0964772
215	0	0.204562	0.0463713	0.0311769
216	2	0.204666	0.042496	0.0161045
217	2	0.204934	-0.0455796	0.0126402
218	0	0.20559	-0.0124982	0.0301998
219	2	0.206156	-0.00511539	0.0454013
220	1	0.209328	0.146814	0.0447019
221	2	0.212849	0.0343999	0.010825
222	2	0.215331	-0.0127535	0.0176098
223	0	0.21537	0.0329745	0.0116683
224	2	0.216204	0.00840442	0.0619383
225	0	0.216673	-0.0391835	0.0542045
226	2	0.216707	-0.0275302	0.0320694
227	0	0.21723	-0.0240919	0.041652
228	0	0.219769	0.108736	0.0104938
229	2	0.220736	0.0395478	0.0657874
230	2	0.221086	-0.0820356	0.000548524
231	0	0.221135	-0.0273162	0.00771925
232	2	0.221625	-0.079907	0.0501926
233	1	0.222875	-0.0427304	0.0222911
234	2	0.225819	0.0217175	0.0350852
235	0	0.225885	-0.0598524	0.0336865
236	2	0.22639	0.038834	0.0485652
237	2	0.226521	-0.0642997	0.055302
238	0	0.227553	0.0124354	0.166747
239	2	0.227941	-0.053017	0.0245392
240	0	0.22801	-0.0293036	0.0553186
241	0	0.229412	0.089051	0.0840748
242	2	0.229616	-0.0499628	0.0179128
243	2	0.232323	-0.0335097	0.0278398
244	2	0.232406	0.0797287	0.00798588
245	1	0.236447	-0.106619	0.0903555
246	1	0.236606	-0.0467244	0.0977228
247	1	0.237406	0.0183135	0.0615274
248	2	0.23814	-0.0232653	0.00624706
249	2	0.238191	0.0300833	0.00506477
250	2	0.239113	-0.0367733	0.0489835
251	0	0.240106	0.036761	0.0476473
252	0	0.240153	-0.0265904	0.0560652
253	2	0.242215	-0.0405654	0.0374187
254	1	0.242854	0.00924076	0.0683527
255	0	0.243048	-0.0300358	0.0212283
256	1	0.249418	0.0363598	0.10539
257	2	0.249886	-0.0308301	0.0393194
258	0	0.25007	0.0432212	0.0115098
259	1	0.250208	0.0559675	0.0156793
260	0	0.25061	0.0291334	0.0170621
261	2	0.251717	0.0175771	0.0999157
262	0	0.254771	0.0316498	0.0433204
263	2	0.255476	0.0295568	0.0601554
264	2	0.255586	0.00873379	0.00410891
265	2	0.25681	-0.0499629	0.0759313
266	0	0.257023	0.0124241	0.0284189
267	0	0.257256	-0.0350944	0.0205013
268	0	0.258202	-0.0483414	0.0440155
269	0	0.258636	-0.0108474	0.010151
270	2	0.259038	-0.0189314	0.042004
271	2	0.260591	-0.0175918	0.0306796
272	0	0.260725	0.0393977	0.023388
273	0	0.261534	0.0140018	0.0269771
274	1	0.262891	-0.00826341	0.000113025
275	2	0.264455	-0.0487162	0.0101511
276	0	0.264939	-0.020828	0.000116994
277	0	0.265216	0.0193774	0.0546838
278	2	0.26662	-0.0258709	0.0010268
279	0	0.268276	0.0351943	0.0732351
280	1	0.269045	-0.0766317	0.00895701
281	0	0.269523	0.0455895	0.0764494
282	1	0.269909	0.09249	0.0957754
283	0	0.271089	-0.0382178	0.0440181
284	2	0.272078	0.0390937	0.0624701
285	1	0.272555	0.0157825	0.081865
286	0	0.273347	-0.0199433	0.0755694
287	1	0.275468	-0.0258475	0.0270275
288	0	0.276634	0.00841165	0.0386355
289	0	0.276819	0.0118052	0.0527278
290	2	0.277419	-0.0207995	0.0671468
291	2	0.278149	0.00379263	0.0119248
292	0	0.281021	0.143127	1.39126e-05
293	0	0.281609	0.0371808	0.00465815
294	2	0.283846	0.0172367	0.0858059
295	1	0.285824	-0.0352406	0.0506191
296	1	0.287835	0.0322469	0.148857
297	1	0.28807	0.0384513	0.0366386
298	2	0.2883	0.0410482	0.132513
299	0	0.288427	0.0330683	0.0291451
300	2	0.288453	0.0413377	0.00069245
301	1	0.288797	-0.128102	0.00995129
302	2	0.288973	-0.0116613	0.00373756
303	2	0.29223	0.0352165	0.174051
304	0	0.293641	-0.0328041	0.041469
305	1	0.293782	-0.140951	0.0276121
306	1	0.295248	0.0329704	0.0267756
307	1	0.295513	-0.0733269	0.0352625
308	2	0.295766	0.0214056	0.0793751
309	2	0.296764	0.0683482	0.0557282
310	2	0.297316	-0.054504	0.0064097
311	0	0.29742	-0.0860052	0.0343784
312	1	0.300691	0.119067	0.0781555
313	2	0.301324	0.0676883	0.0283035
314	0	0.302324	-0.0319153	0.0768148
315	1	0.304842	0.016706	0.0538197
316	0	0.304951	0.043733	0.0437853
317	2	0.305392	0.0334165	0.0207277
318	1	0.307223	0.0478964	0.0783569
319	1	0.307329	-0.00327588	0.0647497
320	0	0.308399	0.0392963	0.0478466
321	0	0.309122	-0.0776295	0.0611583
322	2	0.309769	0.00984991	0.0327536
323	0	0.311493	-0.0832066	0.048401
324	2	0.311524	0.0690671	0.0682359
325	2	0.312673	0.0271204	0.117405
326	1	0.312702	-0.0504073	0.0362824
327	2	0.313628	0.00828136	0.00855715
328	0	0.313774	0.0128251	0.0349749
329	0	0.313839	-0.0108791	0.086375
330	0	0.314414	-0.0416709	0.0108966
331	2	0.317085	0.0572696	0.0636417
332	2	0.317772	-0.00489558	0.0293922
333	0	0.318743	-0.0558379	0.0127897
334	0	0.320081	-0.0258269	0.020584
335	0	0.320672	0.0664628	0.0449663
336	2	0.322063	-0.0340657	0.0171326
337	2	0.322876	0.0326496	0.089674
338	1	0.323305	-0.0934186	0.143451
339	1	0.327206	0.0294996	0.0636039
340	0	0.328359	-0.0255784	0.0201926
341	2	0.329688	0.0202116	0.0588694
342	0	0.329856	-0.0330957	0.0127441
343	0	0.331459	-0.0102426	0.0415026
344	2	0.331747	0.0778251	0.0171417
345	2	0.332238	-0.00681286	0.0558714
346	0	0.333851	-0.0312661	0.0403229
347	0	0.333997	0.0687156	0.0799396
348	2	0.334952	0.0351764	0.0527185
349	0	0.335131	0.00372348	0.0754981
350	0	0.335558	-0.025058	0.0141347
351	1	0.336274	-0.0305906	0.147696
352	1	0.336749	0.0765683	0.0766804
353	1	0.337591	-0.0490018	0.016858
354	0	0.338215	-0.0932364	0.0391498
355	2	0.339207	0.0341604	0.0970215
356	0	0.342389	0.0993252	0.00388441
357	2	0.342664	-0.0466484	0.100683
358	2	0.342726	-0.0506964	0.101617
359	0	0.343049	0.0635412	0.0321188
360	2	0.344572	-0.0463383	0.0185338
361	2	0.345242	-0.0775965	0.0401349
362	2	0.345406	0.0504595	0.0117538
363	1	0.345533	0.0619794	0.0771176
364	1	0.346999	0.164126	0.0676031
365	0	0.348797	0.0176983	0.0182604
366	0	0.350198	0.0457835	0.00991354
367	0	0.35078	0.0541886	0.0892924
368	0	0.352317	0.0179793	0.00818708
369	0	0.352386	-0.0266878	0.00882313
370	2	0.353735	-0.13043	0.0106149
371	0	0.357744	0.0216815	0.0010252
372	0	0.360355	0.077816	0.0167748
373	0	0.360574	0.0205669	0.0378849
374	2	0.360613	0.0473338	0.00539744
375	0	0.360886	-0.0352936	0.0134595
376	0	0.360984	-0.00770931	0.071363
377	1	0.364452	-0.0479695	0.0551559
378	2	0.365023	0.0315546	0.108008
379	1	0.365259	-0.0535287	0.0983748
380	1	0.366355	-0.107474	0.034038
381	0	0.366916	0.0283867	0.00815538
382	0	0.3698	-0.0415283	0.0149605
383	1	0.372754	-0.0748465	0.178552
384	0	0.373871	-0.0399126	0.03613
385	1	0.374653	-0.022	0.0989889
386	2	0.374776	-0.0135333	0.0438196
387	2	0.374879	-0.0397217	0.0145228
388	0	0.374919	-0.0333476	0.0500151
389	2	0.375206	0.0617271	0.00199348
390	0	0.377524	0.0133268	0.0660063
391	0	0.37891	0.0293363	0.0489369
392	2	0.380558	0.086659	0.0101336
393	0	0.385094	0.0531185	0.0439399
394	1	0.385518	0.0795025	0.00130052
395	2	0.38732	0.0167754	0.0395241
396	0	0.392409	-0.00152868	0.0544545
397	0	0.393866	-0.01969	0.00540346
398	2	0.394257	-0.0335465	0.0236251
399	1	0.394604	0.0503227	0.0128948
400	2	0.394788	-0.106181	0.0497774
401	1	0.397113	0.0447428	0.105513
402	2	0.397992	-0.00923897	0.0588515
403	0	0.399068	-0.0351825	0.0206012
404	0	0.400242	0.0656848	0.103159
405	0	0.400395	-0.116863	0.0672634
406	2	0.400924	-0.0280527	0.0236417
407	2	0.40228	0.0739431	0.0242042
408	0	0.402872	-0.0246344	0.0310265
409	1	0.403616	0.0632388	0.0695747
410	2	0.403724	-0.00128273	0.0101962
411	0	0.404883	-0.0254561	0.000946983
412	0	0.406294	-0.0651991	0.00320995
413	0	0.409108	0.0496638	0.0207917
414	2	0.409323	-0.0248654	0.00666395
415	1	0.410325	0.0261085	0.0215154
416	2	0.411142	-0.0288609	0.00376638
417	2	0.411485	-0.0146634	0.1074
418	1	0.411583	-0.0104626	0.0541642
419	1	0.412249	-0.0272476	0.0207444
420	1	0.412701	0.012465	0.00424525
421	2	0.414401	0.0693602	0.0786043
422	0	0.41527	-0.0581519	0.00163271
423	2	0.416253	0.0306007	0.0116767
424	0	0.416882	0.00334191	0.0588437
425	2	0.417234	-0.0049076	0.0035496
426	2	0.418046	-0.0467825	0.0197683
427	0	0.418973	-0.0208454	0.0352657
428	2	0.421123	-0.018324	0.0352681
429	1	0.42256	0.0311555	0.100836
430	2	0.423359	0.0683945	0.0254523
431	0	0.424174	-0.0386052	0.00371305
432	0	0.425128	0.092831	0.0237641
433	1	0.427059	-0.0464601	0.0494396
434	1	0.427299	0.060681	0.0669161
435	2	0.428372	-0.0245157	0.0415006
436	2	0.428749	0.011661	0.0634215
437	0	0.42901	0.037752	0.00924938
438	2	0.429196	-0.091517	0.0737586
439	0	0.431531	-0.064219	0.104169
440	2	0.431784	-0.0502833	0.0116803
441	2	0.43327	-0.0558251	0.0888475
442	0	0.43352	-0.0176129	0.0167313
443	1	0.433539	-0.0453608	0.119956
444	1	0.434012	-0.0396594	0.0237641
445	0	0.43819	0.0285146	0.00822588
446	0	0.438369	0.035496	0.0476382
447	2	0.439019	0.148021	0.0391647
448	0	0.439932	-0.0955326	0.053722
449	0	0.44127	0.00944356	0.0449371
450	0	0.441554	-0.0479798	0.0390383
451	2	0.444451	0.0945335	0.087779
452	2	0.444644	-0.030868	0.0097061
453	0	0.445007	0.0494522	0.0189318
454	2	0.446349	-0.0449185	0.0442533
455	0	0.447215	-0.0427091	0.0102204
456	0	0.448118	0.0146945	0.0118394
457	0	0.44813	0.034963	0.0356813
458	2	0.449122	-0.0540583	0.0452188
459	2	0.449157	-0.109044	0.0136291
460	2	0.450508	-0.0570385	0.11864
461	0	0.45161	-0.00581211	0.108584
462	0	0.453626	0.0393382	0.0532517
463	2	0.453683	-0.00314568	0.0637737
464	2	0.453776	-0.0272444	0.0333391
465	0	0.45393	-0.0145197	0.0160305
466	0	0.454264	-0.0126856	0.0284143
467	0	0.454539	0.109493	0.0785039
468	1	0.455	0.0966271	0.0186929
469	1	0.455969	-0.0270234	0.118647
470	0	0.456732	-0.0732792	0.0997955
471	2	0.456947	0.00790341	0.0491346
472	0	0.458405	-0.0549437	0.0161192
473	2	0.458826	-0.0199929	0.0371873
474	2	0.462557	0.00804441	0.0159704
475	2	0.466145	-0.0294154	0.0645129
476	0	0.466616	0.0568423	0.0648336
477	2	0.468435	-0.00650974	0.0380548
478	2	0.468441	0.0431116	0.0787665
479	0	0.469175	0.017773	0.0198892
480	0	0.469855	0.0255963	0.0236814
481	2	0.470315	0.0512518	0.0509493
482	1	0.472907	0.0810808	0.0430086
483	1	0.473164	-0.0747887	0.120117
484	2	0.475271	-0.0261587	0.00595355
485	2	0.476766	0.0679987	0.00389406
486	2	0.479105	-0.0068467	0.0881698
487	1	0.481253	-0.148241	0.0074164
488	0	0.481311	0.0416143	0.0478903
489	2	0.482164	0.0282513	0.0200643
490	1	0.482466	0.0349513	0.026094
491	2	0.482789	-0.041831	0.00305151
492	0	0.483436	0.028017	0.00722918
493	2	0.48369	-0.0158271	0.089422
494	0	0.486344	-0.0834605	0.0203895
495	2	0.486474	0.0787029	0.114864
496	2	0.486942	0.0145568	0.0334833
497	1	0.487176	-0.0263799	0.043576
498	2	0.487376	0.0322987	0.0799037
499	2	0.490045	0.0467683	0.109451
500	0	0.490086	-0.037736	0.0682184
501	1	0.490824	0.0365995	0.00282429
502	0	0.491363	-0.0450759	0.0397528
503	2	0.494964	-0.039174	0.0476767
504	0	0.495389	0.034629	0.0784497
505	0	0.497155	-0.0726868	0.0159155
506	0	0.498677	0.0616684	0.137238
507	1	0.49912	0.0156306	0.0521297
508	2	0.500376	-0.021645	0.0427906
509	0	0.500834	-0.0433546	0.016841
510	1	0.506014	-0.0207728	0.0430605
511	2	0.507262	0.00976325	0.0157896
512	2	0.509378	0.0488385	0.012445
513	2	0.509533	-0.0721187	0.00501136
514	1	0.510706	-0.00596463	0.0068836
515	2	0.511901	0.1357	0.0106733
516	0	0.512614	-0.0526871	0.0099935
517	1	0.51287	-0.0258231	0.0535174
518	0	0.513755	-0.0188999	0.0493691
519	2	0.513921	-0.0397312	0.0497831
520	1	0.515103	0.00880656	0.169095
521	2	0.517762	-0.0374404	0.0190452
522	1	0.517797	0.0765345	0.0878591
523	1	0.51922	-0.0215591	0.0183197
524	2	0.520957	0.0298707	0.057696
525	2	0.521283	0.065812	0.0249173
526	2	0.521443	-0.0659674	0.0305932
527	0	0.522112	0.0170515	0.0342244
528	2	0.523872	-0.0687304	0.00642226
529	0	0.525549	0.0585666	0.0920595
530	2	0.52735	0.0976358	0.0702573
531	2	0.528263	0.0131802	0.0158221
532	1	0.528506	0.0728268	0.0111224
533	2	0.528975	-0.0501543	0.0504132
534	1	0.528982	0.0973197	0.143607
535	0	0.530571	0.0612607	0.0232263
536	2	0.532367	-0.0813164	0.0703779
537	0	0.532789	-0.0819521	0.127565
538	0	0.53282	0.00956554	0.0166814
539	2	0.53297	0.0215866	0.0210239
540	2	0.534143	0.0536651	0.0103745
541	2	0.535434	-0.0994928	0.0361083
542	2	0.539631	0.0157808	0.0625216
543	2	0.540373	-0.0191254	0.111381
544	2	0.542337	-0.0172978	0.0219034
545	2	0.5431	0.0405404	0.0165543
546	1	0.545305	-0.205531	0.081732
547	0	0.545387	-0.0572593	0.0275074
548	2	0.545876	-0.173326	0.0783042
549	0	0.548377	-0.0341662	0.0112123
550	0	0.548384	-0.0301385	0.0139693
551	0	0.548953	-0.0156432	0.0702291
552	1	0.549394	0.260495	0.118967
553	2	0.551923	0.0331113	0.0259392
554	0	0.552244	-0.014997	0.0597429
555	2	0.554732	-0.0613579	0.014785
556	2	0.554843	0.0107163	0.00460478
557	1	0.556891	0.135888	0.0116162
558	2	0.557352	0.0209624	0.128766
559	0	0.557977	0.0239458	0.0504744
560	0	0.559073	-0.033803	0.0355941
561	0	0.559921	0.0642702	0.0370214
562	2	0.560758	0.0448298	0.00579054
563	1	0.560869	0.0889227	0.0373328
564	0	0.562648	0.0326841	0.0585998
565	1	0.56338	-0.0541566	0.176157
566	1	0.564124	0.0324466	0.0238875
567	0	0.565654	0.0520668	0.0336294
568	0	0.566046	0.00557784	0.0078952
569	0	0.566941	0.0910371	0.0547455
570	0	0.567166	0.0289879	0.0722937
571	2	0.569893	0.024307	0.0652893
572	0	0.570612	0.0580628	0.0527373
573	2	0.572191	0.044139	0.023642
574	2	0.572207	-0.0559623	0.0802545
575	0	0.574185	0.0830447	0.051443
576	2	0.574301	-0.10116	0.0134059
577	2	0.574476	0.0237981	0.0214858
578	2	0.574993	0.00933883	0.0453378
579	2	0.575073	-0.0111456	0.0793078
580	2	0.575403	-0.0929918	0.0476573
581	0	0.578667	-0.0122118	0.0418911
582	2	0.580583	0.0351879	0.0601157
583	2	0.581404	0.0114796	0.0239693
584	0	0.581669	-0.00212546	0.0786293
585	2	0.582719	0.0657648	0.0300569
586	1	0.582989	0.0526185	0.0329258
587	1	0.583112	-0.0851719	0.0469887
588	2	0.583542	-0.0181277	0.15338
589	1	0.584268	-0.0356796	0.00596762
590	1	0.585004	0.0931068	0.0302619
591	0	0.58523	-0.0607738	0.00105888
592	0	0.585801	0.0478537	0.0444504
593	2	0.585831	0.00775884	0.0195587
594	0	0.587554	0.00926704	0.0185955
595	0	0.587759	-0.0512097	0.00656353
596	1	0.589406	-0.036498	0.0350585
597	2	0.58966	-0.00833505	0.0185908
598	0	0.590939	0.0305732	0.0155376
599	0	0.592216	-0.039804	0.0450298
600	2	0.59232	-0.0367627	0.0107539
601	0	0.592685	0.00964368	0.0562947
602	1	0.593768	0.0157737	0.00517767
603	1	0.594012	0.108567	0.0948912
604	2	0.594311	0.0117069	0.0194687
605	0	0.595716	-0.0298582	0.142214
606	2	0.597068	0.0412	0.0195143
607	0	0.598517	-0.0321514	0.022563
608	0	0.598689	0.0527794	0.0730922
609	2	0.600653	0.0533916	0.0068046
610	0	0.601385	-0.0264708	0.0684503
611	2	0.601759	-0.0407879	0.0533523
612	2	0.6035	-0.0699612	0.0120978
613	0	0.605518	-0.0173568	0.0253133
614	0	0.607158	-0.0778583	0.0889373
615	0	0.610062	0.0132394	0.00292511
616	2	0.610549	0.0634407	0.0919412
617	1	0.610728	-0.0390193	0.0194343
618	0	0.615375	-0.0318589	0.0224883
619	0	0.615854	-0.132329	0.0528378
620	2	0.616339	0.00807381	0.026148
621	2	0.617872	0.0147034	8.06885e-05
622	1	0.618099	0.0290799	0.0261725
623	2	0.61868	-0.0253819	0.00906302
624	0	0.619661	0.012229	0.0324538
625	2	0.620341	0.0154597	0.00586695
626	2	0.620621	-0.00905337	0.0368338
627	0	0.620988	0.068297	0.00653529
628	0	0.621244	-0.0246481	0.00757649
629	1	0.62519	-0.0421217	0.1208
630	0	0.625229	0.0889933	0.0656144
631	2	0.626737	-0.0343408	0.0276739
632	1	0.627585	0.0381222	0.00529783
633	2	0.628693	-0.0343644	0.0631432
634	2	0.630244	0.0410028	0.0366026
635	2	0.630372	0.0110132	0.0297657
636	0	0.630827	0.0256179	0.0367662
637	2	0.631793	0.0661205	0.05735
638	2	0.632305	-0.0898832	0.0511843
639	2	0.632339	-0.0257739	0.0275713
640	0	0.634181	0.0365369	0.0195477
641	2	0.634765	-0.040346	0.0304912
642	0	0.634859	0.0453832	0.0666635
643	0	0.635926	0.00633655	0.02634
644	0	0.636131	0.0631546	0.0439242
645	2	0.636291	-0.0410788	0.0526581
646	0	0.638534	0.0675316	0.127354
647	2	0.638635	-0.0882012	0.032298
648	0	0.63924	0.0109944	0.0371971
649	0	0.641009	-0.0366911	0.113606
650	1	0.643156	-0.0318802	0.0174623
651	2	0.643624	-0.0808071	0.0087014
652	0	0.643654	-0.0204558	0.0337158
653	2	0.643899	0.0444261	0.00478977
654	0	0.644581	0.0906721	0.0292737
655	0	0.646582	0.0519418	0.0887486
656	2	0.647045	0.016448	0.0413319
657	0	0.648663	0.0327155	0.148798
658	0	0.649052	-0.0113024	0.0104067
659	2	0.651055	-0.0742243	0.00632197
660	0	0.65125	0.0318463	0.0139252
661	2	0.651428	0.0287121	0.0357753
662	0	0.652139	0.0281317	0.0118581
663	0	0.654811	0.0396945	0.0309865
664	2	0.655319	0.0333226	0.000539691
665	2	0.655655	-0.12599	0.0353641
666	0	0.657587	0.0961629	0.0722695
667	1	0.658223	-0.129968	0.0464553
668	0	0.660695	0.0284924	0.000760514
669	1	0.661495	-0.0526879	0.00820662
670	1	0.663664	-0.0228322	0.00726391
671	1	0.664192	-0.0415485	0.0838899
672	2	0.665661	0.00705135	0.0196408
673	2	0.666285	0.0314787	0.00982782
674	2	0.666432	-0.0117091	0.0274112
675	0	0.669412	-0.0094617	0.11856
676	2	0.673038	0.0498129	0.0293388
677	0	0.67344	-0.0169204	0.0361886
678	2	0.673777	0.00379049	0.0266877
679	2	0.675671	0.0229271	0.0565326
680	1	0.675719	-0.0361367	0.100667
681	2	0.677029	0.0207661	0.0936894
682	2	0.679432	0.00456492	0.0654804
683	0	0.680059	0.0568766	0.00478529
684	2	0.680225	-0.00276364	0.0206065
685	2	0.681121	0.0513568	0.0153707
686	2	0.681716	0.0282833	0.0896832
687	2	0.682066	-0.0164786	0.0324492
688	1	0.682374	0.0543707	0.00195963
689	0	0.683474	-0.00198212	0.0360907
690	0	0.684295	-0.0221569	0.0391347
691	2	0.685859	0.0579889	0.0961171
692	0	0.687874	0.0292601	0.0587933
693	2	0.688501	0.033799	0.00299949
694	2	0.689142	0.0263635	0.0787676
695	0	0.689299	-0.0204744	0.00532811
696	0	0.689626	0.211611	0.00980036
697	0	0.689935	-0.0535173	0.0321539
698	1	0.691449	-0.0501512	0.0272737
699	2	0.692336	0.0326812	0.0325641
700	0	0.692738	-0.023792	0.0360984
701	2	0.69339	-0.0484477	0.0193199
702	1	0.694738	-0.0194758	0.104813
703	0	0.69514	-0.134107	0.0298746
704	0	0.695306	-0.00862246	0.156425
705	0	0.699012	0.0144987	0.0138957
706	2	0.700708	-0.0181524	0.0316878
707	2	0.700797	-0.0420737	0.041471
708	0	0.701286	-0.0750957	0.0692038
709	1	0.701473	0.0499239	0.00707272
710	0	0.701881	0.0188317	0.0175582
711	0	0.702162	0.0775802	0.00450979
712	0	0.703671	0.0186009	0.0619127
713	2	0.70444	0.0103754	0.0323211
714	2	0.704474	-0.0174173	0.0463176
715	1	0.704548	-0.0793628	0.130287
716	1	0.707429	-0.136604	0.028999
717	0	0.708327	-0.106991	0.0634282
718	1	0.708885	-0.0917133	0.115183
719	2	0.709222	0.0471837	0.00983916
720	1	0.709773	0.0741671	0.195468
721	2	0.71081	0.026945	0.0185341
722	0	0.711843	-0.0345149	0.0811543
723	0	0.713008	0.0227783	0.061663
724	0	0.716566	-0.011453	0.0218858
725	2	0.716592	-0.0121484	0.129952
726	2	0.719283	-0.0366167	0.0233425
727	1	0.719919	-0.0024074	0.0143593
728	0	0.720007	0.0239116	0.0302661
729	2	0.720181	-0.0412662	0.0192644
730	0	0.722069	-0.0337703	0.0298783
731	2	0.723669	0.0673977	0.0245639
732	2	0.723866	0.102529	0.052418
733	1	0.725167	0.0446387	0.0427537
734	0	0.726252	0.0390492	0.0400749
735	1	0.726562	0.0817797	0.122851
736	1	0.72718	0.0599521	0.120968
737	1	0.728502	-0.192507	0.00654972
738	0	0.729506	0.0434945	0.00751711
739	2	0.733139	-0.0615876	0.058445
740	1	0.736186	0.0531035	0.0275857
741	2	0.738336	0.0119465	0.02547
742	0	0.738421	0.125444	0.0433799
743	2	0.738428	-0.0626843	0.0384565
744	2	0.73983	0.0547103	0.0718615
745	0	0.741658	0.105527	0.0324486
746	0	0.743416	-0.0318235	0.0473701
747	0	0.74378	-0.0191479	0.0262454
748	1	0.744142	-0.0209118	0.0356197
749	2	0.75221	0.0554535	0.01504
750	0	0.752964	0.0371789	0.0533376
751	1	0.753565	0.0568853	0.0498661
752	2	0.754361	-0.00344935	0.0413587
753	0	0.755358	0.0456673	0.0492939
754	2	0.75649	0.0261169	0.0193177
755	0	0.756941	0.010054	0.000632904
756	2	0.756944	0.0468218	0.0194481
757	0	0.758638	0.0656724	0.0411753
758	0	0.76117	-0.0471365	0.030463
759	0	0.762748	-0.0738356	0.0262236
760	1	0.765184	-0.0608031	0.0395117
761	2	0.765708	-0.102085	0.0527229
762	0	0.765743	-0.0395444	0.100243
763	0	0.766329	-0.0050682	0.0293994
764	2	0.766651	0.0259395	0.0333341
765	0	0.768662	-0.0383373	0.0254433
766	0	0.768768	-0.0238994	0.0643583
767	2	0.770187	-0.0189784	0.0174291
768	0	0.771365	0.109604	0.0444472
769	2	0.772784	0.0403874	0.0176022
770	0	0.772863	-0.0802721	0.00792689
771	0	0.773121	-0.101363	0.0607766
772	0	0.773626	0.00974481	0.0356057
773	0	0.775654	0.039552	0.00218582
774	0	0.775927	0.0486782	0.0995546
775	2	0.776236	0.0590307	0.0793916
776	0	0.7764	0.0155874	0.0256538
777	2	0.779705	-0.0228585	0.0578521
778	0	0.780618	0.0281166	0.0178574
779	0	0.783857	0.0103719	0.123367
780	0	0.786281	0.0375159	0.0618459
781	0	0.786839	0.0101584	0.0396059
782	0	0.78842	0.0307951	0.015452
783	0	0.791447	-0.0246934	0.0256966
784	1	0.792144	0.0252288	0.0382767
785	2	0.792241	-0.015514	0.0566383
786	0	0.792348	-0.0165465	0.0416234
787	0	0.794516	-0.091654	0.0150449
788	1	0.795161	-0.0937366	0.00184864
789	2	0.798945	0.0324831	0.0441404
790	1	0.799635	-0.0661417	0.0377883
791	1	0.800401	-0.0248475	0.0632411
792	2	0.801564	0.0739885	0.0368609
793	1	0.801861	-0.021462	0.112713
794	1	0.804466	-0.0155826	0.0330647
795	0	0.805551	0.0691801	0.023611
796	0	0.805756	0.0258807	0.0466643
797	0	0.807685	0.040053	0.0120678
798	2	0.810191	-0.026935	0.0630326
799	0	0.810527	-0.010502	0.0499883
800	0	0.815526	0.0768042	0.0270306
801	1	0.81631	-0.0479433	0.0237118
802	1	0.816819	0.0786969	0.00357288
803	0	0.818596	0.00720512	0.0840875
804	1	0.818658	0.089441	0.051122
805	0	0.819417	0.0112112	0.0610421
806	1	0.819814	-0.0832461	0.0295172
807	2	0.819948	-0.0435747	0.00059287
808	1	0.82119	0.0199026	0.0801608
809	0	0.822337	0.0272126	0.0465139
810	2	0.822674	-0.0271179	0.0824578
811	0	0.822764	-0.0315385	0.0415597
812	0	0.823709	-0.0696614	0.0996892
813	1	0.824168	0.0254928	0.00870317
814	0	0.824389	0.0515171	0.0942271
815	2	0.825945	-0.0793745	0.00562901
816	0	0.827399	-0.124334	0.0472907
817	2	0.829474	-0.046571	0.100663
818	2	0.829499	-0.0210529	0.0321905
819	1	0.829809	0.025746	0.0180311
820	2	0.829865	-0.00648506	0.0179883
821	0	0.830363	-0.0411467	0.0284699
822	1	0.831377	0.0259062	0.12171
823	0	0.83349	-0.0110896	0.00978511
824	2	0.833758	-0.0237067	0.0467635
825	0	0.834224	-0.0660427	0.0069938
826	1	0.834826	-0.0148094	0.00161846
827	0	0.835612	0.0121918	0.00325431
828	2	0.835939	0.0341951	0.0388255
829	0	0.837499	-0.0768022	0.0147803
830	0	0.837706	-0.0247926	0.0326377
831	0	0.838961	0.0449471	0.0426093
832	2	0.839129	0.0185764	0.0450495
833	2	0.840561	0.033898	0.0156308
834	1	0.841047	-0.229435	0.0074038
835	2	0.841296	-0.0200733	0.0476941
836	1	0.842054	0.0692199	0.0876425
837	2	0.842867	-0.104752	0.0372224
838	0	0.84455	-0.0833821	0.00565662
839	2	0.845775	-0.0849989	0.016779
840	0	0.847397	-0.0591228	0.0605575
841	1	0.847868	0.037801	0.000598393
842	0	0.848279	0.0447651	0.0127401
843	2	0.848965	0.0980511	0.00901655
844	0	0.850758	0.00143547	0.0141288
845	2	0.85103	0.00415988	0.0442426
846	2	0.851155	-0.110821	0.00742973
847	0	0.852112	-0.033387	0.0252133
848	0	0.852399	0.0733784	0.0283538
849	0	0.854029	0.0301899	0.0961977
850	2	0.854828	-0.0195693	0.0570939
851	2	0.854939	0.0595844	0.0356381
852	0	0.85593	0.0459552	0.0108529
853	0	0.856568	-0.0130009	0.0162903
854	1	0.857162	-0.0290886	0.116226
855	0	0.857337	-0.0239458	0.0270605
856	2	0.858962	0.131756	0.0582056
857	0	0.859594	-0.0643047	0.00956328
858	2	0.860128	-0.0117031	0.0218471
859	2	0.862061	0.0159316	0.0251142
860	0	0.862573	0.0974278	0.0175004
861	2	0.862889	0.0317997	0.0413509
862	0	0.863222	-0.0124662	0.0296976
863	2	0.864606	-0.068144	0.0600646
864	0	0.867189	0.0586572	0.00165859
865	0	0.868266	0.0362984	0.00314858
866	1	0.868922	-0.0598138	0.0161811
867	0	0.869372	-0.0486667	0.0510589
868	0	0.870188	0.0216636	0.00856952
869	2	0.871691	0.0197075	0.0798026
870	2	0.872206	0.0433494	0.0171696
871	2	0.874465	0.0129085	0.0489283
872	0	0.876037	-0.0708843	0.0680202
873	1	0.877339	0.0437492	0.0707208
874	0	0.877883	0.023912	0.040833
875	2	0.879518	0.035052	0.0263931
876	1	0.88109	-0.0697405	0.0378151
877	2	0.881376	-0.0127399	0.013501
878	0	0.881892	0.0242197	0.0258215
879	0	0.882301	-0.0413351	0.0444151
880	0	0.882602	0.0416882	0.000555378
881	2	0.883304	0.0206985	0.072468
882	2	0.884561	0.0298402	0.00827612
883	2	0.885236	0.0515506	0.148074
884	2	0.885906	0.0423761	0.0325985
885	2	0.885966	0.0423347	0.0352518
886	2	0.886566	0.0339903	0.0549048
887	1	0.887139	-0.0118053	0.0499951
888	2	0.888436	0.0165531	0.0402152
889	2	0.888687	0.0288853	0.0990372
890	2	0.888827	-0.0939138	0.0191907
891	0	0.889601	0.0374472	0.0313887
892	0	0.891787	0.0414943	0.065802
893	0	0.899719	0.0496197	0.0165073
894	0	0.8998	0.0340575	0.0280107
895	2	0.899833	-0.0809639	0.0283115
896	1	0.901005	-0.131141	0.0419102
897	2	0.901859	0.00920735	0.0413042
898	2	0.9041	0.0341766	0.024718
899	2	0.905336	0.053399	0.0176333
900	1	0.905802	-0.0475332	0.0560717
901	2	0.906223	-0.00793137	0.0276971
902	0	0.907779	-0.101098	0.0946482
903	2	0.909605	0.0333021	0.0203111
904	1	0.910051	-0.0949504	0.0321818
905	0	0.910472	-0.070471	0.0212387
906	1	0.912281	-0.0583969	0.0544446
907	2	0.913125	-0.0844156	0.0487966
908	1	0.913745	0.0353448	0.148721
909	0	0.915927	-0.0228011	0.0769372
910	2	0.91598	-0.0185881	0.00988923
911	0	0.919589	-0.0211918	0.00142321
912	0	0.919939	0.0248128	0.0379745
913	1	0.920048	-0.017053	0.0742176
914	0	0.920186	-0.0166993	0.112782
915	0	0.921349	0.0405174	0.0326791
916	2	0.922183	0.0412043	0.0407759
917	0	0.923015	-0.0722327	0.0206755
918	1	0.923998	0.0399728	0.0373292
919	0	0.924167	-0.0388745	0.0234246
920	0	0.924491	0.0389607	0.059165
921	1	0.924792	0.0220987	0.091304
922	2	0.925747	-0.00928505	0.0167891
923	0	0.926304	0.0142145	0.0546257
924	2	0.92756	0.00776984	0.00838738
925	0	0.929714	0.00356959	0.077802
926	0	0.931943	0.0178599	0.0152566
927	0	0.932143	-0.0263123	0.0300686
928	2	0.932521	-0.0406711	0.0389141
929	0	0.932755	-0.0332681	0.00585261
930	2	0.932857	-0.0116207	0.0525671
931	0	0.934433	-0.0307007	0.0388802
932	2	0.935027	-0.0723071	0.0148641
933	0	0.935908	0.0303505	0.0190003
934	2	0.938828	-0.0221838	0.0445026
935	2	0.93961	0.13903	0.00921671
936	0	0.939686	0.0259051	0.078865
937	0	0.940439	0.0488297	0.0477262
938	1	0.940796	0.0628704	0.0833439
939	2	0.940848	0.026685	0.0380041
940	2	0.941079	-0.0225086	0.0330946
941	0	0.941603	-0.00659265	0.0302928
942	2	0.942732	-0.0314782	0.0756046
943	2	0.944547	0.0213506	0.0255863
944	0	0.944665	-0.0370385	0.00657179
945	2	0.949964	0.0119957	0.022962
946	1	0.95037	0.107496	0.145995
947	0	0.952034	-0.0290763	0.0088248
948	0	0.953051	-0.0354704	0.00120559
949	2	0.95307	0.0418056	0.0353445
950	1	0.953416	-0.0310604	0.0189125
951	2	0.954331	-0.178974	0.0853207
952	0	0.954557	-0.032817	0.0686466
953	2	0.955674	0.0053112	0.0771111
954	0	0.957005	0.039797	0.0541158
955	0	0.958226	0.0175182	0.0710365
956	2	0.961074	0.115958	0.0163934
957	2	0.961107	0.0147767	0.0262203
958	2	0.962327	-0.0276185	0.0484793
959	0	0.964221	0.011706	0.0419963
960	0	0.964307	0.050612	0.0270502
961	0	0.96443	0.0865365	0.0600077
962	2	0.964785	-0.0380129	0.00675462
963	2	0.964978	0.0537816	0.0215835
964	0	0.965305	-0.0542602	0.0391925
965	2	0.965609	-0.0327707	0.0192982
966	2	0.966267	0.0142048	0.0129417
967	0	0.966336	0.0729705	0.0233867
968	1	0.966799	0.0390452	0.0832196
969	1	0.968147	-0.0904183	0.0980121
970	0	0.968888	-0.0271168	0.00634529
971	2	0.969922	-0.00265043	0.00790991
972	0	0.970349	0.0498863	0.040732
973	2	0.970645	-0.0127157	0.0118308
974	0	0.970816	0.0763626	0.0252329
975	0	0.971249	0.0247778	0.0878958
976	0	0.972307	0.031599	0.0205428
977	0	0.973276	0.01647	0.0831429
978	2	0.973607	-0.0398291	0.0787266
979	2	0.97564	0.0137679	0.0170227
980	2	0.975838	0.00491065	0.0243639
981	1	0.975941	-0.0146165	0.0653913
982	2	0.979169	0.0728205	0.0258305
983	0	0.979226	-0.0281999	0.00763754
984	0	0.979321	-0.0657776	0.0372973
985	2	0.981524	0.0269734	0.0686356
986	1	0.984933	0.0774561	0.124583
987	1	0.985165	-0.0622134	0.0451183
988	0	0.986105	-0.0516585	0.023194
989	2	0.9864	0.0205755	0.0561362
990	0	0.986827	0.0170469	0.0518381
991	1	0.987271	-0.0665475	0.0995557
992	0	0.988769	-0.00745449	0.0264446
993	1	0.989661	0.0141386	0.0300574
994	1	0.990676	-0.0303076	0.0944961
995	2	0.990979	-0.0583511	0.0365013
996	2	0.99145	-0.0269615	0.0047512
997	1	0.994077	0.035065	0.0942648
998	0	0.994572	0.0374137	0.0175172
999	2	0.998604	-0.0454509	0.0523375
9	487	-0.0264013
9	482	-0.0297809
9	760	0.0529956
9	61	-0.0201836
9	162	0.0391833
9	363	0.0409684
9	751	0.0458682
9	822	0.0503057
9	179	-0.0668508
9	552	0.0309628
9	908	-0.0583359
9	950	0.0261082
9	586	-0.0462481
9	993	0.0222281
9	194	-0.0158187
9	106	0.038601
10	482	0.0521332
10	17	0.103714
10	119	-0.034691
10	301	0.0264077
10	866	-0.0371646
10	326	-0.0977216
10	305	0.0271871
10	629	-0.0796946
10	75	-0.0346747
10	339	-0.0242827
10	419	-0.0441593
10	587	0.0183531
10	165	-0.0401642
10	285	0.0488467
10	203	-0.0247725
10	946	0.0249674
12	826	-0.0267087
12	141	-0.0439714
12	385	-0.0663687
12	190	-0.0255391
17	836	-0.0254141
17	119	0.0313445
17	680	-0.0183632
17	137	0.0594733
17	443	-0.0131465
17	159	-0.0190906
17	501	0.0793849
25	80	0.00843129
25	768	-0.0104251
25	763	0.0178245
25	919	0.0230419
26	89	-0.0202557
26	663	-0.0300192
26	371	-0.0509704
26	235	-0.0195596
26	842	0.0274177
26	926	-0.018312
26	591	-0.0110426
26	923	0.026323
26	505	-0.037158
26	614	0.0215889
26	624	0.020445
26	45	0.00916098
26	427	0.0125815
26	356	-0.0583083
26	700	-0.047447
26	811	-0.0383347
26	723	-0.0206809
26	759	0.0218146
26	6	0.0361305
26	658	0.0275222
26	891	-0.0341999
30	770	-0.0249804
30	205	0.0131651
30	936	-0.0259391
30	371	0.0321195
30	857	-0.0174712
30	53	0.0310667
30	213	-0.0170028
30	25	-0.0332224
30	80	0.0308422
30	703	-0.0123507
30	241	-0.0235547
30	37	-0.0113799
30	258	0.0164113
30	827	-0.0192888
30	68	0.00583743
30	333	-0.040205
30	279	0.0491901
30	175	-0.0259144
30	170	-0.0253721
30	570	-0.0302191
30	549	-0.0164529
30	763	0.0443482
30	781	-0.0423451
30	941	0.0329046
30	289	0.0261416
30	228	-0.024788
30	902	-0.0459077
30	814	0.0532305
30	347	-0.0277117
30	595	-0.0201897
32	68	0.0319963
32	333	0.0198261
32	780	-0.0210803
32	710	0.0364107
32	627	0.0461406
32	432	0.0212599
32	778	-0.0109103
33	277	-0.030732
33	340	0.0363636
33	852	-0.033974
33	506	-0.027337
33	919	-0.0563333
33	439	0.018184
33	183	0.0269124
37	476	0.0199852
37	405	-0.0195306
38	750	0.0393525
43	632	-0.0324086
45	390	0.0159246
48	780	-0.00565368
48	140	0.0292037
48	668	0.0233782
48	427	-0.0208793
48	652	-0.020968
48	376	-0.0382303
50	893	0.0163348
53	33	0.0347099
53	568	-0.0351938
53	384	-0.0141131
53	177	0.0149207
53	138	-0.0437718
53	852	0.0276848
53	189	-0.0231718
53	771	0.0466991
53	909	0.0422133
53	446	-0.0467303
53	397	0.0374269
53	809	-0.0418658
54	669	0.0573845
54	791	0.0350657
54	338	-0.029138
54	99	-0.0286619
54	74	0.0296367
54	589	-0.021808
54	718	0.0179706
54	751	0.0295203
54	305	-0.0626587
54	220	-0.120998
54	790	-0.01626
54	179	-0.053262
54	297	-0.0485959
54	191	-0.0753725
54	256	0.0601933
54	209	0.042109
54	904	-0.0195016
54	295	-0.0457617
54	993	0.0357841
54	748	0.0645453
54	43	-0.0594825
54	727	0.0504486
54	520	0.0202743
55	276	-0.00821215
56	205	0.015064
56	663	0.0304142
56	842	-0.0368893
56	591	0.0264386
56	923	0.0355719
56	154	0.038035
56	334	0.0407862
56	827	0.0383607
56	405	0.0295878
56	218	0.0282293
56	710	-0.0275338
56	643	-0.0207802
56	335	0.0290764
56	316	0.0212645
56	717	-0.0396653
56	120	0.0141099
56	509	0.0239728
56	765	0.0154928
56	778	-0.0436028
56	231	-0.0265957
56	504	0.02354
56	408	-0.033784
60	860	0.0228815
61	363	0.018024
61	326	-0.00932622
61	534	0.0367999
61	307	0.0402467
61	981	-0.0382977
64	644	0.0299944
64	373	-0.0129129
64	48	-0.0201589
64	181	0.0362369
64	812	0.0549893
64	427	-0.0267036
64	518	0.019195
64	847	-0.0170074
64	38	-0.0233803
64	500	0.0107857
64	158	0.0166915
67	306	0.0344031
67	259	0.0516401
67	380	0.0165419
68	70	-0.0298517
68	771	-0.0238323
68	984	0.0202158
70	500	0.0323779
73	709	0.0734662
74	67	-0.0525765
74	363	-0.0137244
74	813	0.0232737
74	383	-0.065385
75	906	0.0192579
76	695	0.0215931
76	984	-0.0279435
80	823	-0.0462715
80	955	-0.0423127
80	844	0.0410099
80	560	-0.02044
89	947	0.0335129
89	455	0.00988293
89	25	0.0258459
89	628	0.0494201
89	258	0.0157909
89	894	-0.0322793
89	279	0.0446265
89	613	0.0542485
89	570	-0.0190003
89	961	-0.0136139
89	640	0.0509094
89	276	-0.0565142
89	905	-0.0294241
97	657	-0.0177777
97	502	-0.0248393
99	141	0.026157
99	306	0.0233778
99	352	-0.00988269
99	987	-0.0572696
99	632	0.0478813
100	487	0.0513417
100	791	0.0434485
100	497	0.0268483
100	301	0.0244987
100	522	0.0422038
100	913	-0.0243743
100	716	-0.0306412
100	733	-0.0229914
100	532	0.069304
100	790	0.0381361
100	201	0.0503064
100	517	-0.0404152
100	808	0.05095
100	950	-0.0756829
100	523	0.0309434
100	715	0.0584295
100	565	-0.0411053
103	252	-0.0253856
112	86	0.0580457
113	37	-0.0268946
113	169	-0.0640324
113	812	0.0168705
113	457	-0.0422799
113	960	-0.0129228
113	874	0.0443137
113	102	-0.0408118
118	277	-0.0147751
118	984	0.033253
118	821	-0.0250703
119	363	0.0308868
119	804	-0.0245782
119	793	-0.0223188
119	586	0.0249764
119	514	-0.0276182
124	988	0.0424489
124	403	-0.042055
127	132	-0.0483767
131	779	-0.0222775
131	457	-0.0245552
131	849	-0.0165739
131	335	0.0574572
133	449	-0.026989
133	925	0.0432433
133	5	-0.028535
133	461	-0.023252
136	214	0.0379761
136	465	0.0290585
136	592	-0.0268329
136	223	0.0321662
136	954	-0.0161107
136	559	-0.0145699
138	223	0.0303509
138	529	-0.0137731
138	127	0.0162789
140	795	-0.0371492
141	220	0.0500129
143	282	0.0445142
143	482	-0.0229958
143	968	-0.0852882
143	802	0.0388807
143	301	-0.0213277
143	141	0.039223
143	680	-0.0725458
143	866	-0.0110249
143	900	0.019322
143	429	-0.023086
143	794	0.0428822
143	297	0.0501928
143	207	-0.0273369
143	307	0.0624633
153	213	-0.0835531
153	136	-0.0239801
153	462	-0.0292779
153	328	0.0358813
153	628	-0.00775911
153	241	-0.0296918
153	527	-0.0132202
153	480	0.0241792
153	6	-0.0209492
154	342	-0.0308152
154	829	0.0251219
154	343	-0.0278591
162	319	-0.0264051
162	233	0.0321043
169	140	-0.0808644
169	998	0.0235691
169	550	-0.0403964
170	766	0.0262286
170	38	0.0194083
170	58	0.0238121
173	666	-0.0188142
173	799	0.0398801
177	68	-0.0207556
177	431	0.0267673
177	368	0.0324916
179	688	-0.049286
181	450	0.0258016
181	446	0.0487783
181	734	-0.0375942
181	931	0.0315865
184	326	0.0199038
184	254	0.049926
184	380	0.0289427
188	166	-0.0118697
189	446	-0.0267472
193	12	0.0673205
193	680	-0.0258238
193	913	0.0566274
193	834	0.0732833
193	716	0.0689192
193	179	0.0278872
193	854	-0.0238964
193	587	0.0205354
193	788	-0.033258
195	314	0.0311331
195	175	-0.0385882
195	657	0.0376636
197	241	-0.0655286
197	346	0.0620209
197	613	-0.0287041
197	773	0.0465776
197	554	-0.018159
197	983	0.0242429
197	830	0.0306683
201	429	0.0395489
205	675	-0.0236496
205	696	-0.0408075
205	266	0.0138312
205	153	-0.0241511
205	865	-0.0199428
205	64	0.0128512
205	868	-0.0290122
205	197	-0.0364967
205	703	0.0280494
205	411	0.0574603
205	258	0.0203526
205	614	-0.0415066
205	823	0.00693643
205	879	-0.0340007
205	238	0.0124488
205	572	0.0123221
205	369	0.0488092
205	598	0.0314205
205	115	-0.0567489
213	862	0.0366334
213	628	0.0314339
213	384	-0.0205264
213	97	-0.0362167
213	660	0.0232067
213	677	-0.0186853
213	972	0.0176739
213	831	-0.0248055
214	518	0.0304193
218	431	0.0151019
220	876	-0.0448326
235	177	-0.0088699
235	118	-0.0696182
235	476	0.0250082
235	762	-0.0418525
235	766	-0.0437012
235	76	-0.0230404
235	465	-0.0269051
235	252	-0.0113638
235	320	0.0351735
238	431	-0.0161227
241	992	-0.0412333
245	586	0.0466404
255	750	-0.0311707
258	594	-0.0266388
258	227	0.0346455
260	330	0.0142374
260	213	-0.0203959
260	455	0.0285695
260	32	0.0442138
260	25	-0.0561352
260	568	-0.0236507
260	782	0.0230199
260	80	-0.041751
260	37	-0.0132564
260	411	0.0487731
260	505	-0.0310911
260	852	-0.0401962
260	175	0.017644
260	772	-0.0260774
260	413	-0.0456809
260	431	-0.0328852
260	35	0.0314786
260	492	-0.0262244
260	518	-0.0462087
260	774	-0.0494699
260	711	-0.0409464
260	977	0.0224836
260	919	0.0263439
260	538	-0.0221381
260	666	-0.0260001
260	125	-0.0123072
266	615	0.0379603
266	277	0.0289515
266	138	0.036287
266	879	-0.0430257
266	45	0.0247197
266	35	-0.00716411
266	412	-0.0253141
266	388	-0.00275958
266	717	0.0108441
266	774	-0.0459438
266	299	0.0168926
266	697	-0.0260832
266	941	0.0415669
269	403	-0.0247317
272	575	-0.0536549
272	955	0.0166871
272	166	0.0164644
272	93	0.0199364
272	704	0.0460205
274	802	0.036527
274	834	0.0293559
274	822	-0.018713
274	794	-0.0331215
274	254	-0.0414144
274	385	0.0311201
274	353	0.0463129
274	233	-0.0469295
277	413	0.0267299
277	627	0.0158856
277	657	0.0324041
279	745	0.0101152
279	619	0.0314261
281	844	-0.064671
282	702	-0.0203255
282	669	0.077082
282	791	-0.0220675
282	991	0.0365319
282	74	0.0344313
282	363	-0.0613435
282	716	0.0346355
282	280	0.0510387
282	137	0.0637862
282	353	-0.0559802
282	207	0.0327851
282	112	0.0319196
282	202	0.0541608
282	468	-0.0245583
282	151	0.0298881
286	948	0.0116568
286	69	0.0630667
286	662	0.0168065
287	671	-0.0545569
287	469	0.0601793
287	54	-0.0599776
287	418	-0.0237844
287	9	0.0312115
287	10	0.0335105
287	143	0.0313598
287	669	-0.0339922
287	791	0.0250125
287	17	-0.0467902
287	338	-0.0341484
287	61	0.0325915
287	74	0.0554139
287	162	-0.0494994
287	315	0.0377313
287	326	-0.040999
287	220	-0.0490524
287	733	-0.0365751
287	736	-0.0425463
287	938	0.0333102
287	319	0.0162583
287	191	-0.0298855
287	137	0.0448651
287	75	-0.0155975
287	73	-0.0321385
287	688	-0.0497838
287	887	-0.0551844
287	443	0.0350994
287	81	-0.0348435
287	806	-0.0288646
287	130	0.0331655
287	603	0.0491408
287	394	0.0360266
297	650	0.0484768
301	67	0.0311536
301	793	0.0466628
301	307	0.0159063
305	191	-0.0303689
305	740	0.0379255
305	566	0.0382095
305	483	0.048021
311	195	-0.0692554
311	42	-0.0249108
311	60	-0.0116828
311	567	-0.0302294
311	472	0.016619
312	297	0.0601802
312	130	0.0576103
314	42	-0.0233859
314	92	0.0144385
315	733	-0.0238717
315	876	-0.0382112
315	96	-0.03062
318	523	-0.0319611
318	873	-0.0445602
319	285	0.051582
319	203	0.0424636
326	73	-0.0478443
328	311	0.0435775
328	970	-0.0521411
328	933	-0.0264441
328	697	-0.0457555
330	26	-0.0386679
330	205	0.0301307
330	371	0.0128856
330	816	0.0210643
330	865	-0.0390814
330	724	-0.0219327
330	455	-0.0325053
330	655	-0.0602701
330	730	0.0184148
330	241	0.0367962
330	742	0.0118306
330	286	-0.0224849
330	929	0.0251581
330	118	0.031479
330	340	-0.0118998
330	772	0.0406407
330	771	0.0419677
330	188	-0.0330724
330	998	0.0277782
330	55	-0.0255347
330	840	-0.0101858
330	538	0.0523147
330	964	-0.0329191
333	933	0.0331749
334	937	-0.0465393
334	405	-0.0717952
334	765	-0.0106176
338	184	-0.0415605
338	822	0.0504543
338	997	0.0319633
338	590	-0.0142578
338	950	0.0404318
338	351	-0.0718961
338	617	0.0511335
339	501	0.00837823
340	927	0.0230268
342	779	-0.00973514
342	771	-0.079576
342	120	-0.00976521
342	829	-0.0191439
342	738	0.0244434
346	277	0.0264048
346	505	-0.0495942
346	41	0.0167625
354	422	0.0418736
354	333	-0.0290451
354	388	0.0187222
354	446	0.0189668
354	601	-0.0440402
356	746	0.0130502
356	608	-0.0202983
363	315	0.0455607
371	865	-0.0304895
371	569	0.0339755
371	328	-0.014717
371	628	-0.00912256
371	340	-0.0230163
371	614	0.0188979
371	170	-0.0317837
371	592	0.0356565
371	902	-0.026971
371	944	-0.0358053
371	705	-0.0243634
373	730	0.0335602
373	614	-0.0250488
373	238	0.00859205
373	269	-0.0289296
373	581	0.0571998
375	214	-0.0381606
375	972	0.0186855
377	274	-0.0307379
377	546	-0.0517593
377	119	-0.0230057
377	141	-0.0248782
377	490	-0.0128912
377	510	-0.0265174
377	415	0.0591135
384	405	-0.0169794
384	783	0.0207385
385	841	0.0403591
388	970	0.0308479
396	316	0.0212847
405	316	0.0116646
409	483	0.0581332
411	449	-0.00546261
411	66	-0.0145501
412	554	-0.0250353
412	132	0.028111
413	803	0.0156674
418	9	-0.089042
418	702	0.0285073
418	669	0.0433874
418	791	0.0537099
418	377	-0.0269428
418	546	-0.0341444
418	900	-0.0447352
418	280	-0.0545021
418	312	-0.0614374
418	793	-0.0192528
418	552	0.0368353
418	254	-0.0633356
418	256	0.0542789
418	247	-0.0469159
418	517	-0.0238928
418	904	0.0776403
418	383	0.030147
418	204	-0.0486151
418	650	-0.0388074
418	47	0.0535871
422	169	0.0102501
422	97	-0.0488222
422	848	0.0257003
422	572	0.0196479
422	251	0.0117825
424	437	0.0261607
427	909	-0.0250753
427	225	0.00684684
429	259	0.0311065
434	469	-0.0508653
434	54	0.0262824
434	596	-0.0535836
434	9	0.0416245
434	10	0.0306303
434	143	0.0277997
434	282	-0.0334832
434	702	0.0711562
434	669	0.0169577
434	791	0.0548287
434	17	-0.0195054
434	377	0.0234658
434	546	-0.0623194
434	836	-0.0191948
434	12	0.0551288
434	184	-0.0272248
434	804	0.0555775
434	718	-0.075056
434	866	0.0255228
434	913	-0.0533316
434	409	0.0110427
434	790	-0.0272988
434	429	-0.0434195
434	534	0.078098
434	794	-0.0409456
434	938	0.0306547
434	209	0.0430996
434	688	-0.0650713
434	904	-0.0485028
434	906	0.044546
434	969	-0.0815178
442	94	-0.0173287
449	753	-0.0284756
449	847	-0.0401027
455	462	0.0108759
455	97	-0.0234067
455	214	-0.0424739
455	948	0.0491798
455	613	-0.0561715
455	753	-0.0339009
455	470	-0.0324844
455	538	-0.0254602
462	255	-0.0344215
462	592	-0.0194263
462	988	-0.0378191
465	15	-0.0356343
467	787	-0.0209999
467	260	0.0398925
467	952	-0.0213163
467	26	-0.00779775
467	56	0.0135366
467	89	-0.0106319
467	936	-0.0280553
467	213	0.017874
467	113	-0.0204542
467	568	-0.0373536
467	569	0.040051
467	644	-0.0384168
467	136	0.0121332
467	923	0.0558135
467	133	-0.0248121
467	154	-0.014731
467	575	0.0600757
467	827	-0.0196353
467	805	0.029152
467	479	0.0243408
467	195	0.0643308
467	314	-0.0248804
467	449	0.0339629
467	255	-0.0136784
467	173	0.0491106
467	780	-0.0214455
467	722	0.0297914
467	335	0.0121839
467	388	0.0265812
467	773	-0.0174147
467	518	0.0438324
467	912	-0.024222
467	223	-0.0605785
467	711	-0.0470273
467	281	0.0414875
467	977	-0.0248296
467	692	-0.0549429
467	961	0.042708
467	700	0.0511147
467	581	0.0331229
467	712	0.0171773
467	803	0.0175491
467	262	-0.00644835
469	54	-0.0580372
469	418	0.0248907
469	596	0.0322006
469	143	-0.0439116
469	282	0.0550148
469	702	0.0131593
469	487	0.0497037
469	669	0.041404
469	482	-0.0681904
469	193	-0.0286441
469	968	-0.0365789
469	802	-0.0282829
469	184	-0.0267191
469	67	0.0636785
469	804	-0.0454628
469	326	-0.0460386
469	532	-0.0489498
469	736	-0.0480935
469	490	0.0404253
469	247	0.0505014
469	808	-0.0439203
469	364	-0.0221083
469	81	-0.036296
469	96	0.0603475
469	667	-0.0136646
470	564	-0.0302255
476	411	0.0379327
479	316	0.0428257
479	914	-0.0253436
479	920	0.0398729
480	93	-0.0226285
482	338	-0.0258904
482	522	-0.0307579
482	736	0.0608169
482	137	-0.0422216
482	841	0.0306542
482	306	0.0207553
482	444	0.0552624
482	190	0.0392967
487	791	-0.0777756
487	377	0.0415953
487	162	-0.0815224
487	67	-0.0168692
487	141	0.0319363
487	409	0.0509852
487	790	0.0323201
487	794	0.034123
487	994	-0.0396049
487	379	0.0308206
490	444	-0.0415928
494	914	-0.0375254
497	12	0.0287779
497	716	-0.0161435
497	490	-0.0402999
497	854	-0.0589777
497	808	0.0644166
497	295	0.0481217
497	806	-0.0324016
497	83	0.0440192
505	279	0.0102172
505	955	-0.0280938
506	124	0.0296859
506	560	-0.00605627
506	757	0.0546955
510	986	-0.0277362
510	31	-0.047673
522	938	-0.023077
522	510	-0.0356567
522	209	0.0447755
522	468	0.0261971
527	778	0.0143467
529	90	-0.0145462
532	740	0.0554339
534	566	-0.0284041
535	476	-0.020503
535	772	0.0289359
535	768	0.0206736
535	572	-0.0128072
535	432	0.0346482
546	162	0.05887
546	490	0.0524928
546	813	0.0418105
546	207	0.0257564
546	151	-0.0642344
547	675	-0.0417642
547	742	0.0238604
547	527	-0.0242948
547	411	-0.0191522
547	668	-0.0230879
547	762	-0.012319
547	646	0.0301905
547	677	0.0134862
547	509	-0.0191288
547	529	-0.00970152
547	831	-0.0463463
547	974	-0.0225849
547	4	0.0177167
547	349	0.0326158
547	292	0.024153
547	304	0.0416318
554	763	0.0400647
566	202	-0.0244025
568	730	0.0296819
568	375	0.0344732
568	255	-0.0223567
568	879	-0.0373582
568	912	0.0199612
568	618	-0.0293321
569	48	0.0248966
569	42	-0.0162101
569	692	-0.027633
569	723	-0.0659002
569	959	-0.0216772
575	450	-0.0286422
575	755	-0.0145
575	367	-0.023303
584	728	-0.0325436
584	787	0.0233412
584	260	0.0206317
584	952	0.0428915
584	330	-0.0304729
584	770	0.0313324
584	89	-0.0370886
584	547	-0.0220471
584	153	0.026806
584	197	-0.0173277
584	113	0.0160764
584	25	-0.0205972
584	569	-0.0221768
584	628	-0.0602946
584	535	-0.0385418
584	923	0.0189558
584	384	-0.00904954
584	37	0.0147711
584	286	0.0131708
584	334	-0.038523
584	852	0.0434263
584	879	-0.0413856
584	450	-0.0120112
584	175	0.0318795
584	218	-0.0344575
584	238	0.0151088
584	780	0.018752
584	368	0.0248824
584	970	-0.0208492
584	933	0.0254711
584	50	-0.0268682
584	273	-0.00977959
584	848	-0.0214662
584	445	-0.00865003
584	267	0.0139058
584	755	-0.0358371
584	488	0.0377897
584	867	0.0421139
584	231	-0.026639
584	959	-0.0317103
584	122	0.0288298
584	976	0.0290723
584	892	-0.0120363
584	878	-0.0124757
584	800	0.0129508
589	363	-0.0324396
589	280	0.029962
589	873	-0.0290881
589	433	-0.00737695
589	921	-0.0832587
590	351	-0.0482023
591	782	0.0217601
591	328	0.0424961
591	929	0.0262749
591	258	-0.0279204
591	140	0.0381299
591	855	0.0486644
592	502	0.0481583
594	127	-0.0187208
596	9	0.0349463
596	10	-0.0471862
596	100	-0.0210009
596	487	0.039815
596	99	-0.0301155
596	836	0.0515518
596	991	-0.0131776
596	718	0.0199107
596	716	-0.0524514
596	280	0.0567572
596	629	0.0369291
596	534	-0.0170281
596	297	0.0289615
596	245	-0.0626907
596	209	-0.0530683
596	443	0.063295
596	748	0.0309763
596	160	0.0218725
596	667	-0.0649951
596	896	0.0194124
598	864	0.0226921
599	227	0.0187981
601	439	-0.0668564
607	570	-0.0592199
607	914	-0.0267719
607	299	-0.0255865
607	480	-0.0196091
607	941	-0.0157603
610	41	-0.0423447
610	537	0.0306538
614	781	-0.0418674
615	333	0.0279965
615	627	0.0443681
615	683	0.0346945
615	867	0.0365737
624	457	-0.0421462
624	397	0.0103781
624	618	-0.0197556
628	35	-0.0493778
628	977	0.049743
628	18	0.0302726
629	312	0.0546795
629	994	-0.0366719
643	570	-0.045839
643	829	-0.020516
643	840	-0.018644
644	375	0.0195298
644	131	0.0294523
644	173	-0.028947
644	753	0.0501058
644	365	0.0396044
644	654	-0.0194747
646	42	0.0143483
648	662	-0.021335
655	624	0.0208149
655	925	0.0248621
655	786	0.0184495
655	549	0.01683
655	390	-0.0353448
663	32	0.04424
663	113	0.02386
663	25	-0.0217456
663	926	0.0156422
663	782	0.033233
663	384	0.0714087
663	334	-0.0393851
663	189	0.030427
663	494	0.0299091
663	786	0.0220987
663	974	0.0185386
663	795	-0.052609
663	712	-0.0179114
663	992	-0.0537206
663	349	-0.0886599
663	215	0.0215557
668	445	0.0137701
669	760	0.0822336
669	546	-0.0200618
669	61	0.0468209
669	826	-0.0551382
669	733	0.0493213
669	415	-0.0380064
669	14	-0.029495
671	469	0.0185477
671	54	0.053288
671	418	0.0549513
671	9	0.0310272
671	10	0.0427371
671	143	-0.0426844
671	702	-0.0546966
671	669	-0.0780662
671	482	0.0320109
671	17	0.0398363
671	377	-0.0475617
671	99	-0.0246979
671	184	-0.033211
671	751	0.062803
671	315	0.0419745
671	822	0.0192058
671	716	0.0716226
671	790	-0.0491204
671	201	0.0153981
671	312	0.100741
671	552	0.0532723
671	245	0.0168007
671	740	-0.0727536
671	854	0.0216682
671	918	-0.0433651
671	420	-0.0296999
671	788	-0.0455765
671	784	-0.0463429
671	134	0.0774928
675	153	-0.0281155
675	926	-0.0372574
675	655	-0.0199181
675	575	-0.0141194
675	238	0.0477285
675	431	-0.00821735
675	124	0.0276204
675	838	0.0361953
675	492	-0.0230159
675	912	-0.0220176
675	445	0.0249163
675	599	0.0141147
675	652	-0.0469863
675	758	0.0203842
677	369	0.0525282
680	409	0.0475668
680	557	0.0460915
690	584	-0.0312037
690	467	-0.0342148
690	728	0.0538499
690	787	0.0132475
690	260	-0.0253881
690	952	-0.0292624
690	330	-0.0354592
690	770	-0.0250875
690	26	-0.0188024
690	89	0.00931383
690	547	0.0488561
690	936	-0.021853
690	696	-0.0146187
690	371	-0.0184328
690	266	-0.0395027
690	816	-0.0267719
690	64	0.0363233
690	33	-0.02463
690	842	0.0189366
690	568	-0.0548312
690	644	-0.0188095
690	655	0.0109586
690	462	0.0266188
690	703	0.0256523
690	742	-0.0242716
690	346	-0.0351253
690	37	0.0431425
690	154	-0.0279164
690	342	0.0522786
690	177	0.032631
690	375	-0.0190008
690	805	-0.0417892
690	607	0.0306627
690	189	0.0161516
690	449	0.018652
690	255	-0.00733406
690	766	-0.0250109
690	70	0.0110521
690	120	-0.0379144
690	774	0.0249969
690	60	0.0608569
690	601	0.0227292
690	403	0.0180339
690	618	0.0197788
690	796	0.0222234
690	649	0.039129
690	94	0.0242682
690	329	-0.0207506
690	92	0.0333206
690	516	-0.0492279
690	821	0.0256157
690	990	0.0153767
695	848	-0.0167769
695	55	0.0329725
695	293	-0.0161641
696	213	-0.0206466
696	32	-0.0223913
696	462	-0.0232601
696	311	-0.0321952
696	384	-0.0662388
696	894	-0.0362293
696	189	0.0361866
696	405	-0.0217652
696	368	0.0102068
696	847	0.0520011
696	988	-0.0143176
696	860	-0.0194234
696	551	0.0608373
696	537	-0.020414
697	654	-0.0260567
702	760	0.0236623
702	99	-0.0302155
702	12	-0.0460846
702	733	-0.018498
702	532	0.0321719
702	179	-0.0642546
702	908	-0.0406933
702	993	0.0699738
702	986	0.0356418
702	433	-0.0475991
703	118	-0.0228106
703	281	-0.016485
703	567	-0.0169417
703	448	0.0145616
710	5	0.023509
710	853	-0.0216862
711	329	-0.0305581
715	784	-0.0184451
717	111	0.00866031
717	783	-0.0466019
718	557	-0.0217105
718	134	-0.0237483
722	660	-0.0341651
722	683	0.0312756
724	868	0.0478898
724	782	-0.0120019
724	48	0.00923036
724	138	0.030424
724	948	0.0191673
724	849	0.0146761
724	365	0.0295013
724	442	-0.0288645
724	961	-0.0291779
728	787	-0.0212617
728	952	0.0198609
728	205	0.0193362
728	89	-0.0196305
728	663	-0.0404709
728	371	0.0171972
728	816	-0.0168225
728	865	0.0486606
728	235	-0.0207949
728	33	-0.0495234
728	373	0.0478526
728	311	-0.0574832
728	742	-0.0352477
728	340	-0.0146156
728	805	0.0419903
728	131	0.0113494
728	97	-0.0253588
728	812	-0.0175377
728	279	-0.0140223
728	255	-0.0321638
728	218	0.0137328
728	356	0.0108944
728	722	-0.0117133
728	766	0.0338252
728	613	0.0239202
728	773	-0.0382294
728	396	-0.0183445
728	492	0.0330553
728	610	0.0374316
728	554	0.0326918
728	273	0.0227098
728	442	-0.0277486
728	746	-0.0290322
728	648	-0.0149198
728	448	-0.0603901
730	527	0.0192884
730	492	-0.0273382
730	267	0.0250503
730	734	-0.0180767
730	559	-0.0296848
736	339	0.0330062
736	112	-0.0278312
742	722	0.0185881
742	488	-0.0615091
742	880	-0.0270477
745	140	0.0468986
745	18	0.0189293
751	532	0.0737257
751	429	-0.0463919
751	997	0.016718
760	589	-0.0445237
760	680	0.0273563
760	834	0.0489031
760	629	0.0321222
760	256	0.030933
760	517	-0.0354732
760	163	-0.0296404
760	563	-0.0485107
762	35	-0.0326585
762	120	-0.031755
766	192	0.0315494
768	142	-0.0212238
770	56	-0.0173017
770	89	0.0202271
770	266	0.0110413
770	455	-0.0218887
770	868	0.011364
770	591	0.0181981
770	782	0.0165741
770	862	0.0194289
770	615	-0.0243014
770	575	0.0303841
770	476	-0.0481682
770	805	-0.026949
770	479	0.0425058
770	506	0.0247259
770	668	0.0336045
770	646	-0.0276441
770	594	-0.015537
770	267	-0.0361227
770	755	-0.00903972
770	390	-0.0456108
770	551	-0.0520745
770	262	-0.0263459
772	5	0.0269331
776	894	0.012538
776	457	0.0209102
776	76	-0.0264846
776	465	-0.0435048
776	683	-0.0383033
776	227	-0.0225416
779	660	-0.0185789
780	649	0.0344019
782	462	0.0364369
782	505	0.026065
782	627	-0.0234909
782	192	-0.0581103
786	504	0.0259515
787	770	-0.0213944
787	26	0.0382646
787	89	-0.0147167
787	663	0.0342483
787	153	-0.0333222
787	724	-0.0389404
787	947	-0.0251818
787	25	0.0283705
787	655	0.012437
787	462	0.0285683
787	328	-0.040489
787	346	-0.032631
787	286	-0.0169737
787	133	-0.0255874
787	354	-0.043351
787	827	-0.0399103
787	333	-0.0305941
787	614	0.0271871
787	879	0.0218055
787	779	0.0356469
787	218	0.021524
787	745	-0.0371478
787	111	0.0353052
787	640	-0.0221257
787	796	0.0340859
787	382	0.0380678
791	17	0.0219779
791	99	0.0212399
791	804	-0.0382766
791	201	-0.0710924
791	794	0.040987
791	876	0.0553902
793	256	-0.0719504
793	353	0.030373
802	409	0.0358471
802	813	-0.0227223
802	247	-0.0334007
802	352	0.062437
804	141	0.030703
804	385	0.0342501
804	887	0.0243713
805	214	0.0138625
805	397	0.0412042
812	594	0.0173703
812	397	-0.032225
812	549	0.0194719
816	724	-0.0555498
816	569	-0.0156859
816	80	0.0191496
816	272	-0.0335881
816	241	-0.014234
816	181	-0.0191334
816	173	-0.0260861
816	412	-0.0153242
816	773	0.0355073
816	610	0.0227264
816	746	-0.0527813
816	269	-0.0133957
822	280	-0.0812051
823	762	0.00872604
823	768	-0.0252547
823	660	0.0249673
826	718	0.0463222
826	220	0.0151386
826	997	0.0313991
826	295	0.0503915
826	617	-0.0437318
827	368	-0.0174155
827	273	0.00963619
831	734	0.0599496
834	409	0.0226772
834	220	-0.0709576
834	887	0.0388851
836	162	-0.0342622
836	590	-0.0306059
836	419	-0.0420711
836	364	0.0350737
836	86	0.0362299
838	50	-0.044285
838	920	-0.0407246
842	862	0.0328556
842	422	-0.0247431
842	937	-0.012537
842	169	0.0384861
842	646	0.0328375
842	599	-0.0162917
844	964	-0.0291567
849	972	0.0447793
849	797	-0.0184527
852	745	-0.016114
852	838	0.00458157
857	842	-0.0441554
857	862	-0.0356295
857	133	-0.0157543
857	340	-0.046858
857	314	0.0306259
857	779	-0.0582018
857	911	-0.0189995
857	356	0.0189928
857	413	-0.0460667
857	70	-0.0074092
857	657	0.0338921
857	809	0.0294727
857	700	-0.0206301
857	90	-0.031477
857	289	0.0113152
862	76	0.02552
862	753	0.0414574
862	955	-0.0140726
862	905	-0.00755091
865	33	0.0302662
865	535	-0.0344059
865	703	-0.0185704
865	286	-0.0171012
865	334	0.0106543
865	527	0.0368864
865	470	-0.00839771
865	494	0.0332093
865	103	-0.0092236
866	319	0.0121993
866	590	-0.0225989
866	420	-0.0371077
868	862	0.0214635
868	272	-0.0418851
868	615	0.0416207
868	527	-0.0233391
868	457	-0.0606458
868	909	0.0530463
879	5	0.0254524
894	450	0.017602
894	335	-0.03439
894	393	0.0345291
900	191	-0.0620592
900	740	0.0213529
900	165	0.0435281
908	841	-0.0957081
909	811	0.040322
911	396	0.0187652
911	365	-0.0113602
911	708	-0.0194917
912	111	0.0267179
913	997	-0.0483705
913	254	0.0536852
913	245	-0.0294942
915	69	0.0214811
923	241	-0.0120704
923	177	-0.0291398
923	175	-0.0217868
923	188	0.0196226
925	413	0.0447475
925	927	-0.0414657
925	893	0.0273923
926	373	-0.0554393
926	328	-0.01151
926	346	0.00956247
926	660	-0.0311032
926	847	0.0294755
926	765	0.0150296
926	228	0.0291824
927	15	-0.0203773
929	710	0.0210773
929	45	-0.0376834
929	188	0.0147362
929	692	0.038775
929	4	-0.00644058
933	90	-0.0227615
936	675	-0.0296662
936	868	0.0208279
936	197	0.0374167
936	527	0.0303274
936	375	-0.0186524
936	479	0.0441394
936	779	-0.0375837
936	911	-0.0417795
936	45	-0.0489186
936	369	0.0235625
936	809	0.020133
936	811	-0.026484
936	781	0.0356096
936	759	-0.0311119
936	323	-0.0451519
937	643	-0.026108
937	668	-0.0374997
937	509	0.0227809
937	299	-0.0158406
937	880	-0.0376256
938	552	0.0396111
938	160	-0.0548721
947	272	-0.0412306
947	535	0.0486296
947	354	0.055779
947	776	0.0268098
947	476	0.0229353
947	195	0.0529716
947	823	-0.0257296
947	450	-0.0263321
947	954	0.0307056
948	18	-0.0169617
952	330	-0.0326145
952	89	-0.0173605
952	696	0.0193078
952	53	0.0400884
952	947	-0.010163
952	235	0.0398339
952	868	-0.00706774
952	569	0.0516332
952	373	-0.0114729
952	136	0.0453505
952	241	-0.0127613
952	154	-0.0277089
952	118	0.0127503
952	314	0.0378361
952	189	0.0107998
952	948	0.0318031
952	772	0.036691
952	768	0.0159884
952	396	-0.0280109
952	567	-0.0241072
952	424	-0.0292189
952	619	0.0111453
952	915	-0.0526766
952	461	0.0163192
952	516	0.0229076
968	301	-0.0567398
968	822	0.0360546
968	997	-0.0259917
968	352	0.0240419
968	318	-0.067898
968	602	0.0550767
970	708	0.0167467
984	840	0.0435121
987	918	-0.0252143
991	201	0.0303047
991	534	0.0285947
991	339	0.0960436
991	204	-0.0231097
991	670	0.0324927
994	75	-0.094876
994	419	-0.0674145
994	159	-0.0370002
998	432	-0.0221554
