400
200
400
1000
500
3
0.333333	0.666667	
0	2	0.000761826	0.0156174	0.0153218
1	1	0.00147006	0.0912585	0.0127324
2	0	0.00174466	0.0349771	0.00654834
3	1	0.00247734	-0.0295442	0.129871
4	2	0.00249081	-0.0239754	0.00563851
5	2	0.00273448	0.024359	0.0395049
6	1	0.00369513	0.0539921	0.00390173
7	0	0.00615138	-0.0506218	0.037532
8	2	0.00731564	0.0121475	0.0613192
9	0	0.00775794	0.0319394	0.040835
10	0	0.00815194	0.00636587	0.0522212
11	0	0.0111409	0.00796617	0.0203577
12	2	0.0122768	-0.0188854	0.0298303
13	1	0.0159154	0.0163509	0.0322466
14	2	0.0162623	-0.0491922	0.0616004
15	2	0.016478	-0.014055	0.0455525
16	0	0.0177732	0.00806553	0.0266425
17	2	0.0182359	0.0717609	0.00881117
18	2	0.0184569	-0.0213724	0.0115013
19	2	0.0190931	-0.00551674	0.0354717
20	0	0.0193735	-0.0145236	0.00386664
21	0	0.0194766	-0.00321158	0.0494639
22	1	0.0201326	-0.087914	0.00862235
23	0	0.0202208	-0.0590485	0.0345084
24	2	0.0222169	-0.0825133	0.0554677
25	2	0.0273047	0.0104355	0.0412354
26	1	0.027822	-0.091952	0.0642914
27	2	0.0278447	0.0492125	0.0278353
28	2	0.0295538	0.0150725	0.0273314
29	0	0.0306101	0.0123284	0.0336065
30	0	0.0306837	0.0426709	0.0181104
31	2	0.0335813	0.0317642	0.0168502
32	0	0.0346558	0.0549579	0.0234082
33	1	0.035297	-0.0557835	0.109338
34	2	0.0363697	0.0116515	0.0494799
35	2	0.0377939	-0.0113899	0.0108872
36	0	0.0381016	0.057914	0.0229895
37	2	0.038489	0.0220336	0.0274969
38	1	0.0387259	0.0174857	0.00553311
39	2	0.0412655	-0.0768624	0.02738
40	2	0.0414444	-0.0451188	0.00410296
41	0	0.0424647	-0.0215026	0.0611351
42	1	0.0429489	-0.0628486	0.0465346
43	2	0.0433198	-0.0439711	0.0232126
44	2	0.0444462	0.058575	0.00691153
45	2	0.0462576	0.0363938	0.0442758
46	2	0.0471598	-0.0276854	0.00634478
47	1	0.0515742	-0.0458714	0.0872692
48	1	0.0518347	-0.0733696	0.00231838
49	0	0.0520391	0.11145	0.0536523
50	0	0.0528008	-0.0467795	0.0762163
51	0	0.0529794	-0.0282017	0.0584544
52	2	0.0546099	-0.0103725	0.0123678
53	1	0.0556402	0.0334673	0.158956
54	1	0.0566143	-0.0247421	0.00379262
55	0	0.0566948	0.0851623	0.0513183
56	0	0.0581163	0.0378868	0.0406816
57	0	0.0587884	-0.134417	0.035523
58	1	0.060624	-0.0183934	0.0285983
59	0	0.0607958	0.0650014	0.0602908
60	0	0.0627209	0.0103982	0.0670702
61	1	0.0631803	-0.0419496	0.0252003
62	2	0.0640213	0.0539632	0.115751
63	1	0.064544	-0.0845625	0.0860817
64	1	0.0647595	0.1555	0.00580082
65	0	0.0660706	0.0434088	0.110895
66	0	0.0666632	-0.0491723	0.115178
67	2	0.0668749	0.0141484	0.0463441
68	2	0.0712866	-0.0213952	0.0190892
69	1	0.0728495	-0.0587753	0.0586344
70	0	0.073392	0.0455899	0.00869973
71	2	0.0741311	0.0424553	0.123886
72	0	0.0751829	-0.09051	0.0693138
73	2	0.0753442	-0.0767107	0.0347856
74	2	0.0758595	-0.0549359	0.049145
75	1	0.0760449	0.0376626	0.0300126
76	0	0.0765492	0.0375445	0.0263493
77	1	0.0769675	0.0266346	0.0890144
78	0	0.0775293	0.0320293	0.00348108
79	2	0.0795324	0.0528171	0.0514281
80	1	0.0795965	0.0101068	0.0467095
81	0	0.0808187	0.0504939	0.00224453
82	1	0.0815517	-0.0986423	0.0961281
83	1	0.0819818	0.0483656	0.0888401
84	1	0.0821115	-0.0603537	0.0307667
85	0	0.0832779	0.0537754	0.0159423
86	0	0.0839665	-0.0327305	0.0109944
87	0	0.0855647	-0.0258649	0.051757
88	0	0.0865322	-0.070479	0.00892211
89	0	0.0870878	0.125725	0.000659048
90	0	0.0876206	0.0463668	0.0398388
91	1	0.0887993	0.05748	0.0430351
92	1	0.0888809	0.0145435	0.0270754
93	2	0.0889435	-0.0338266	0.0255952
94	0	0.0897636	0.0720946	0.0444813
95	2	0.0905062	0.0228805	0.0192736
96	0	0.0909927	0.0468032	0.01434
97	2	0.0924856	0.127863	0.00318589
98	2	0.0937953	-0.0344932	0.0383011
99	2	0.0947839	-0.0728573	0.0057522
100	0	0.0957699	0.0133761	0.0224748
101	1	0.095899	0.0105166	0.00807229
102	1	0.0974511	-0.0707914	0.0837305
103	1	0.100449	-0.0230974	0.0414535
104	2	0.101551	-0.0894831	0.0352797
105	0	0.102025	0.0661058	0.0828995
106	2	0.102365	-0.026974	0.00387449
107	1	0.103083	-0.255545	0.0371225
108	2	0.103985	0.0304804	0.0862198
109	0	0.10399	0.100692	0.00936201
110	1	0.104008	0.122947	0.0671363
111	0	0.10415	0.0197653	0.00329214
112	0	0.104297	-0.0782334	0.00103937
113	2	0.104659	0.0215924	0.0355607
114	1	0.105236	0.0418986	0.0677622
115	0	0.107378	0.0175927	0.0157391
116	0	0.108636	0.0208005	0.0489896
117	1	0.111592	0.0694426	0.0492353
118	0	0.112411	-0.0125892	0.00710163
119	2	0.113288	0.0212328	0.0874334
120	2	0.113967	0.0108918	0.043579
121	0	0.115638	0.0415398	0.00533835
122	2	0.116688	-0.0279296	0.00460007
123	0	0.117203	-0.0232732	0.0663461
124	0	0.119011	0.0140157	0.0315568
125	2	0.121958	-0.028245	0.0526561
126	0	0.123598	0.0164908	0.0427786
127	0	0.124594	-0.0130563	0.0228461
128	0	0.12467	-0.0665315	0.0371423
129	2	0.125582	-0.0710429	0.0164455
130	0	0.126458	0.0413461	0.0037594
131	2	0.127809	0.0320202	0.00134978
132	1	0.128153	0.0188773	0.0630177
133	0	0.130728	0.0543257	0.0493386
134	1	0.132453	0.051904	0.0210567
135	2	0.133457	-0.0147881	0.010257
136	0	0.134812	-0.158978	0.0718984
137	0	0.135085	-0.0403668	0.0413746
138	0	0.136093	-0.0165626	0.0251766
139	2	0.136203	0.0602648	0.00460683
140	2	0.136573	-0.0199255	0.00454933
141	2	0.13662	-0.0404425	0.0410247
142	2	0.136785	-0.0732827	0.115128
143	1	0.136971	0.0560853	0.177115
144	2	0.137745	0.0121797	0.0405526
145	0	0.139693	0.0133295	0.0388588
146	2	0.142073	0.0550729	0.0600189
147	2	0.143634	-0.0438023	0.0330126
148	2	0.143757	-0.0186502	0.0424917
149	0	0.144769	0.0145702	0.00438313
150	0	0.14524	-0.00560178	0.0195766
151	0	0.145655	0.0360834	0.0702558
152	2	0.146773	0.0317939	0.0622759
153	2	0.146868	0.0152537	0.0595339
154	1	0.148185	0.0746786	0.0428816
155	2	0.149228	-0.0269682	0.0540141
156	0	0.149269	-0.0397196	0.0870796
157	1	0.150965	-0.0431554	0.00198105
158	2	0.1521	-0.0780859	0.0465053
159	0	0.153731	0.0402374	0.0334509
160	1	0.155164	-0.0332619	0.0514573
161	0	0.157013	-0.0548417	0.00170265
162	2	0.159346	-0.0480232	0.0568941
163	0	0.160566	-0.00421486	0.0226553
164	0	0.162525	0.0236107	0.0519028
165	0	0.163221	0.0959302	0.0123335
166	0	0.16346	-0.0493189	0.00708057
167	2	0.163753	0.0444392	0.0391113
168	2	0.16404	-0.0910348	0.0203447
169	2	0.165653	-0.0488452	0.044325
170	2	0.166506	0.0421443	0.0176425
171	2	0.166677	-0.104168	0.106911
172	0	0.168876	-0.00927303	0.0302226
173	0	0.169138	-0.0282929	0.047463
174	1	0.169342	-0.0613715	0.0196321
175	0	0.170442	0.0626568	0.0180664
176	1	0.171771	0.0503837	0.107957
177	2	0.171871	0.0246782	0.002517
178	2	0.172368	0.0451359	0.128825
179	2	0.172836	0.0135933	0.0242378
180	2	0.173111	-0.00380237	0.0195183
181	0	0.173879	-0.0917295	0.00145891
182	2	0.175149	0.00919807	0.025879
183	1	0.175445	-0.0630812	0.0295553
184	0	0.175784	0.0211202	0.0177033
185	2	0.176425	0.115945	0.0116616
186	2	0.176737	-0.0201519	0.0194978
187	0	0.177016	0.0372506	0.035907
188	2	0.177399	0.0137585	0.0467358
189	0	0.178639	-0.0610746	0.0277588
190	2	0.182381	-0.0984753	0.0546804
191	2	0.183081	-0.0326227	0.0398167
192	2	0.184346	-0.0495811	0.0155777
193	2	0.185158	-0.0375777	0.0106982
194	0	0.185607	-0.0282203	0.144684
195	2	0.18566	-0.0253586	0.00440201
196	1	0.185944	-0.0486183	0.0435305
197	0	0.18638	0.0218311	0.0292155
198	0	0.186598	-0.0221684	0.0183596
199	2	0.187036	0.0440493	0.0532326
200	0	0.188003	0.0592171	0.156221
201	0	0.188791	0.0445322	0.00513885
202	0	0.190466	0.05666	0.0298418
203	2	0.190469	-0.0149989	0.0195549
204	0	0.191955	0.0478305	0.0422119
205	2	0.192175	0.161728	0.00905981
206	0	0.192349	-0.0213941	0.0103562
207	1	0.192601	-0.0750812	0.0378063
208	2	0.194517	-0.0380733	0.0329115
209	0	0.195282	0.0346324	0.0876482
210	0	0.196316	-0.0501852	0.0475813
211	1	0.196443	0.142352	0.0638837
212	2	0.196766	-0.0305172	0.054437
213	2	0.197014	-0.0461708	0.00456702
214	2	0.197823	-0.0552358	0.0359556
215	2	0.197838	0.119118	0.0448137
216	2	0.198826	0.0138486	0.0809559
217	2	0.199269	0.0398672	0.0607673
218	2	0.202435	0.0112721	0.00851448
219	1	0.20265	-0.0163208	0.0685631
220	0	0.204011	-0.0142149	0.0598847
221	2	0.205444	-0.0123795	0.12919
222	0	0.206596	-0.00414838	0.00546621
223	2	0.208196	-0.102667	0.0274355
224	2	0.208244	-0.0819646	0.0677948
225	1	0.209259	0.0154653	0.0352381
226	2	0.209263	-0.0409876	0.0170615
227	2	0.210471	0.019781	0.052417
228	1	0.21103	0.071643	0.0296841
229	0	0.211183	-0.0069743	0.0012824
230	2	0.212865	-0.0137669	0.0514519
231	1	0.214883	0.044212	0.0430453
232	1	0.215522	-0.0122524	0.0812163
233	0	0.216379	0.0791115	0.0346955
234	0	0.216767	-0.0146002	0.0466158
235	2	0.218842	0.0475756	0.040926
236	0	0.220021	0.070372	0.035653
237	1	0.222119	-0.0233411	0.0177706
238	2	0.222489	-0.0809115	0.0559535
239	2	0.222713	0.0126895	0.0330121
240	2	0.224425	-0.0108034	0.0420954
241	0	0.224773	0.0421634	0.0184182
242	2	0.225091	-0.0493509	0.0280548
243	1	0.22579	-0.0368206	0.107145
244	0	0.226348	0.000443881	0.069776
245	2	0.227678	0.0521615	0.084485
246	0	0.227722	-0.0455431	0.0120246
247	2	0.228183	0.0367522	0.0265009
248	2	0.228242	0.0313149	0.0595795
249	1	0.228278	0.0730293	0.029674
250	2	0.22915	0.042409	0.0321758
251	2	0.230183	-0.0413894	0.0529591
252	1	0.230881	0.063627	0.0569116
253	1	0.231209	-0.013398	0.0390137
254	0	0.231952	-0.0366776	0.0458014
255	2	0.23234	-0.018467	0.0707125
256	0	0.232477	0.0293827	0.0350737
257	0	0.232637	-0.00701693	0.094192
258	0	0.236803	-0.0204077	0.0338689
259	0	0.236954	-0.00962954	0.00581573
260	2	0.237439	-0.0340193	0.0700953
261	2	0.237757	-0.117744	0.0416059
262	0	0.238793	-0.0185789	0.0700883
263	0	0.23927	0.0227477	0.101841
264	1	0.240131	-0.0709788	0.266864
265	0	0.241145	0.0175569	0.0696247
266	2	0.241161	0.0332394	0.0192937
267	2	0.245401	-0.0135139	0.0135933
268	2	0.24563	0.0280518	0.00169324
269	0	0.245824	0.0221261	0.032586
270	0	0.246104	-0.0966195	0.0199797
271	0	0.246246	0.0586741	0.00869508
272	2	0.247748	-0.00966453	0.0209584
273	1	0.248697	-0.113069	0.00409047
274	2	0.24872	-0.0291176	0.0193273
275	2	0.254946	-0.0352089	0.0196116
276	0	0.255934	-0.0360297	0.000108642
277	1	0.256509	-0.0690555	0.0512031
278	2	0.257114	-0.0519844	0.0167421
279	2	0.259273	-0.0184086	0.0502356
280	2	0.260227	0.0382804	0.0790396
281	2	0.260246	0.0740796	0.0473627
282	0	0.260495	0.0509617	0.000820706
283	2	0.264409	-0.0159352	0.00243375
284	2	0.264473	-0.076571	0.0266955
285	0	0.26462	-0.0520235	0.00309172
286	0	0.26596	-0.00953071	0.0196004
287	2	0.266679	0.079612	0.00535748
288	0	0.268165	0.0783718	0.0148393
289	2	0.269158	-0.0387464	0.0385149
290	1	0.269602	-0.0364145	0.0441646
291	1	0.271227	0.119195	0.0229172
292	0	0.271599	0.102983	0.0311049
293	0	0.271852	-0.138793	0.028818
294	1	0.27246	0.0644207	0.100212
295	2	0.272961	0.0447545	0.0219779
296	0	0.274171	-0.020427	0.00340444
297	0	0.275319	-0.0371107	0.0775346
298	2	0.275758	0.00728882	0.0237347
299	0	0.27697	-0.0100184	0.010447
300	0	0.277191	-0.0380801	0.0492496
301	0	0.277834	0.0168489	0.0594029
302	0	0.282165	-0.0251385	0.0100817
303	0	0.28253	0.0786989	0.0679343
304	2	0.283213	-0.0743653	0.00663588
305	2	0.285146	0.0564426	0.126298
306	0	0.286062	0.0801759	0.0170263
307	0	0.287706	-0.0219561	0.0493841
308	2	0.288641	-0.0492766	0.00852656
309	1	0.289581	0.0402878	0.120731
310	1	0.290286	-0.0221392	0.0502163
311	0	0.290519	-0.0703555	0.0998668
312	2	0.290541	-0.0153751	0.0574768
313	0	0.290716	-0.0275883	0.0532728
314	1	0.290824	0.0546976	0.054322
315	2	0.291726	0.029689	0.0247228
316	0	0.291893	0.00648931	0.0252255
317	0	0.293091	0.0706561	0.02809
318	1	0.293918	0.0942635	0.0470694
319	1	0.295871	-0.0353077	0.0019968
320	0	0.298583	0.135506	0.115165
321	2	0.300692	-0.022747	0.0392917
322	0	0.300741	0.0686538	0.112809
323	2	0.301135	0.0324586	0.0155186
324	2	0.30152	-0.0218062	0.0739079
325	1	0.302111	-0.0120866	0.049978
326	2	0.302834	-0.0483171	0.0174983
327	1	0.3029	0.0636656	0.00341184
328	2	0.305725	0.0835993	0.0227921
329	1	0.305878	-0.13695	0.0238574
330	0	0.305984	-0.0613272	0.0486278
331	2	0.307127	0.0502423	0.0537579
332	2	0.308071	-0.00741882	0.123414
333	0	0.30877	-0.0253219	0.00804035
334	0	0.309724	0.0609175	0.00842184
335	0	0.310185	-0.0308019	0.0176344
336	0	0.311679	-0.055723	0.0445909
337	1	0.311867	0.0768109	0.158347
338	2	0.312141	-0.0371877	0.085527
339	0	0.315033	0.0176751	0.0763385
340	2	0.315282	-0.0244728	0.0227519
341	1	0.31536	0.0965028	0.00465658
342	2	0.317357	-0.0849748	0.00924573
343	2	0.318276	-0.0791224	0.0590342
344	1	0.319659	-0.0501641	0.0263592
345	2	0.320004	0.0230544	0.0388264
346	2	0.320023	-0.00925506	0.0403284
347	2	0.320738	0.0158494	0.0523658
348	2	0.321435	-0.0378325	0.00113188
349	0	0.325019	0.0901553	0.0833866
350	0	0.325366	0.0158129	0.153756
351	1	0.326023	0.0688258	0.066692
352	0	0.326362	-0.0190847	0.000831096
353	2	0.327384	0.0259321	0.137513
354	2	0.327889	0.0237236	0.0142758
355	2	0.329487	-0.0714407	0.0784704
356	1	0.330072	-0.0403092	0.0166778
357	0	0.331777	0.0372788	0.0859349
358	0	0.333401	0.0162623	0.0184533
359	0	0.33398	-0.0400734	0.00737376
360	0	0.334827	-0.0315173	0.00468052
361	0	0.335467	0.0182954	0.135941
362	0	0.336538	0.0485517	0.0201959
363	2	0.336657	0.0409051	0.0552487
364	1	0.338577	0.139718	0.0329191
365	0	0.338662	0.0225117	0.0753104
366	0	0.338989	-0.0294606	0.02285
367	2	0.339456	0.0551526	0.053298
368	0	0.340382	0.0333421	0.0393558
369	0	0.340628	-0.0710517	0.0566954
370	0	0.340857	-0.0271844	0.0272539
371	1	0.341925	-0.0784762	0.0128442
372	0	0.342146	-0.0271638	0.010909
373	1	0.343158	-0.0303223	0.0315141
374	2	0.343959	0.066177	0.00298415
375	2	0.345765	0.047537	0.0386937
376	2	0.346509	-0.125702	0.0283401
377	2	0.346662	0.0649677	0.0362738
378	1	0.347222	-0.102894	0.0709429
379	2	0.347461	-0.0414266	0.0119352
380	0	0.347479	0.0293753	0.0114589
381	2	0.348014	-0.0494089	0.022425
382	2	0.348043	-0.039757	0.0112515
383	0	0.348674	0.00490539	0.00837665
384	0	0.348867	0.0480468	0.0338057
385	0	0.349947	0.0542786	0.0809336
386	0	0.35038	0.00807499	0.0130579
387	1	0.350495	-0.171562	0.0635517
388	2	0.350938	-0.0477987	0.0689487
389	0	0.35151	-0.0190098	0.0158065
390	0	0.35305	-0.0444313	0.0169973
391	0	0.353591	-0.0175651	0.0447864
392	2	0.354602	0.0547621	0.00622204
393	1	0.354852	0.0531336	0.106807
394	2	0.355435	0.00343588	0.0429467
395	2	0.355543	0.0131176	0.00871635
396	1	0.355631	0.0396501	0.0442118
397	1	0.355907	0.0263887	0.0697787
398	0	0.359899	0.0309963	0.0243801
399	0	0.360295	-0.107945	0.00368477
400	1	0.36066	0.0249657	0.0438592
401	2	0.363699	0.0311113	0.0105254
402	2	0.364426	0.0350498	0.0762159
403	1	0.364689	0.100357	0.0156893
404	1	0.365761	-0.07782	0.0247214
405	1	0.365912	-0.144546	0.097771
406	0	0.365991	0.012014	0.0634154
407	1	0.366203	0.178702	0.0551164
408	2	0.366331	0.030984	0.0249321
409	2	0.367671	-0.0167382	0.0563767
410	0	0.369793	0.0632038	0.0371042
411	2	0.369945	-0.0849713	0.0254594
412	0	0.37007	-0.0135297	0.0192295
413	0	0.371169	0.0353582	0.0200453
414	2	0.371801	0.0418999	0.0541199
415	0	0.372335	0.0530293	0.0211437
416	2	0.372365	0.0547319	0.0279485
417	0	0.376929	-0.0311201	0.0606263
418	2	0.379303	0.0100793	0.00990438
419	1	0.380063	0.0200919	0.216725
420	1	0.380649	-0.0960002	0.0647227
421	2	0.381936	-0.0189178	0.0199456
422	0	0.383259	-0.00869654	0.144466
423	1	0.385867	0.00942739	0.0535703
424	0	0.385958	0.0710018	0.0294298
425	2	0.386089	0.0681527	0.0722537
426	0	0.386114	0.047229	0.0567313
427	0	0.386368	-0.0493738	0.0159044
428	2	0.386986	0.0148901	0.0847952
429	0	0.388072	-0.0657945	0.0154843
430	0	0.389095	0.00676075	0.00233256
431	0	0.391657	0.0231654	0.0250682
432	2	0.392215	-0.0721089	0.0523251
433	2	0.392565	0.0253683	0.00871206
434	0	0.393173	0.0383913	0.0248756
435	0	0.394195	-0.0500812	0.0846115
436	2	0.395028	0.0333191	0.0294284
437	2	0.396956	0.0136849	0.00981324
438	1	0.398597	0.067348	0.00917502
439	2	0.399682	-0.003961	0.0528415
440	0	0.400963	0.0518987	0.0642529
441	0	0.402533	-0.00411582	0.114436
442	0	0.404049	-0.0452646	0.0043117
443	2	0.404678	0.0486956	0.0581994
444	1	0.408246	0.113804	0.10821
445	0	0.409935	0.108169	0.0532882
446	2	0.410498	0.0298189	0.0237625
447	2	0.410777	-0.0324592	0.0915305
448	1	0.410812	-0.0484636	0.0601037
449	2	0.412539	-0.177063	0.0719563
450	0	0.41323	0.0469565	0.0563935
451	2	0.415468	-0.0204515	0.032593
452	1	0.415723	-0.0164262	0.0290222
453	2	0.420444	0.103528	0.0918623
454	2	0.420854	-0.00852814	0.0364292
455	0	0.421347	-0.0192496	0.0602109
456	1	0.424934	0.0240922	0.151723
457	1	0.425284	-0.0615026	0.00867237
458	0	0.425795	0.03474	0.00155165
459	2	0.42609	-0.0632219	0.0685144
460	1	0.426311	0.0579653	0.0319233
461	2	0.426335	0.00608102	0.129809
462	2	0.426355	0.00766956	0.0258796
463	2	0.426435	-0.0113457	0.0251121
464	0	0.427338	0.0921593	0.0232012
465	1	0.428759	-0.00497755	0.0198616
466	2	0.429377	0.0204983	0.0396124
467	2	0.429872	0.0409193	0.028069
468	2	0.429986	0.030748	0.0199332
469	2	0.430812	0.033945	0.0319835
470	0	0.430838	-0.0116359	0.0416681
471	0	0.43096	0.0442821	0.0624013
472	0	0.432004	-0.0537861	0.00379928
473	2	0.432333	-0.0179951	0.0644091
474	2	0.432657	-0.0782624	0.0212023
475	0	0.433565	-0.011731	0.0332015
476	0	0.435214	0.0303695	0.0631032
477	2	0.435839	0.0212373	0.0350094
478	0	0.435916	-0.0533846	0.0345032
479	0	0.436119	0.0328562	0.0311102
480	0	0.436904	-0.02768	0.0181738
481	0	0.439596	0.0416196	0.000277107
482	0	0.439664	-0.0403516	0.0115463
483	2	0.441928	-0.0213111	0.00401126
484	0	0.442644	-0.0546352	0.0776001
485	2	0.442709	0.0801034	0.0861794
486	2	0.444396	-0.0708386	0.00884078
487	0	0.445682	-0.010126	0.0215754
488	1	0.445938	0.0730453	0.0174371
489	2	0.447999	-0.0679942	0.0422138
490	0	0.448449	0.0467643	0.0790707
491	0	0.449292	-0.0663498	0.0357267
492	2	0.452191	-0.0338633	0.0870817
493	2	0.455831	0.0373656	0.0240377
494	2	0.457476	-0.0376177	0.102029
495	1	0.45831	-0.0714431	0.0816113
496	1	0.459071	-0.0557963	0.0362379
497	1	0.461358	0.012634	0.156101
498	0	0.461436	0.0909313	0.0385552
499	2	0.463584	0.0372783	0.000194018
500	1	0.464334	0.0435025	0.0876527
501	1	0.465232	-0.065069	0.0259481
502	0	0.465348	-0.0743408	0.0189693
503	2	0.465776	-0.026919	0.0382065
504	1	0.465884	-0.0491577	0.0155783
505	2	0.469798	-0.0101649	0.0105303
506	2	0.4713	-0.0555014	0.0310203
507	0	0.474522	-0.0502671	0.0753241
508	2	0.475367	-0.021139	0.0522468
509	2	0.475428	0.0100281	0.0037544
510	2	0.475811	-0.0626353	0.0287716
511	0	0.475818	-0.0371335	0.00366847
512	0	0.477101	0.0326441	0.08346
513	2	0.477916	-0.00524502	0.0658238
514	0	0.477982	-0.021678	0.0202517
515	1	0.478531	-0.0504912	0.000759735
516	2	0.479657	-0.0410278	0.0143904
517	2	0.480614	-0.0303042	0.144076
518	2	0.480656	0.0455473	0.0513468
519	2	0.481344	0.00926357	0.0328405
520	0	0.482166	0.0574199	0.0204738
521	0	0.482193	0.0304771	0.00935596
522	1	0.485839	-0.1519	0.0179497
523	2	0.486325	-0.0575977	0.0142017
524	2	0.486549	-0.0566712	0.0223144
525	0	0.486906	-0.0287581	0.0119398
526	2	0.487128	-0.0324921	0.00141924
527	1	0.487593	0.135674	0.0578323
528	0	0.487892	0.121855	0.0255321
529	2	0.488667	0.026055	0.000656491
530	1	0.491165	0.0333353	0.0157322
531	2	0.491389	0.0682066	0.0656153
532	2	0.49141	-0.0389424	0.00320376
533	2	0.492313	0.0105153	0.0688081
534	0	0.493897	0.0804039	0.0239417
535	0	0.494548	-0.0465255	0.045202
536	2	0.494704	0.0640926	0.0654862
537	2	0.496835	-0.0116408	0.0695957
538	2	0.497592	-0.02031	0.0214372
539	2	0.498305	0.0724877	0.114622
540	1	0.498496	-0.0103045	0.095564
541	1	0.498514	0.028881	0.0396531
542	0	0.499193	0.0486759	0.00995568
543	0	0.499588	0.00605758	0.031769
544	0	0.504289	0.022357	0.0361836
545	0	0.504413	-0.0234756	0.0289094
546	2	0.505973	0.0204357	0.00622078
547	2	0.507105	-0.00557123	0.0492608
548	2	0.507615	0.0840801	0.0381455
549	0	0.508555	0.0275556	0.0249041
550	0	0.50864	0.0145391	0.00844826
551	2	0.508966	-0.0514049	0.0187523
552	2	0.510387	-0.00966231	0.0495811
553	0	0.510942	-0.040166	0.0344096
554	0	0.511084	-0.0369294	0.0179952
555	0	0.51149	0.022063	0.115391
556	0	0.511566	-0.010698	0.0183765
557	1	0.511736	-0.102002	0.0650801
558	0	0.511762	0.0616627	0.103718
559	0	0.514373	0.0231618	0.0350856
560	2	0.515043	0.0167133	0.00502896
561	0	0.516781	-0.0260425	0.0362431
562	2	0.517649	0.0338006	0.0145869
563	1	0.518186	-0.061369	0.0267798
564	0	0.518879	-0.051846	0.0410235
565	1	0.519363	-0.0367427	0.0295311
566	1	0.519626	-0.0342411	0.0246876
567	0	0.519702	-0.0402629	0.0760079
568	2	0.520438	-0.040985	0.0366517
569	2	0.520452	0.0500805	0.0343293
570	0	0.520545	0.0432766	0.00231489
571	2	0.521201	0.0553418	0.0104843
572	2	0.521494	-0.0216622	0.0344714
573	0	0.521798	-0.0456368	0.0638189
574	0	0.522504	0.0358074	0.0158478
575	1	0.524749	0.0342161	0.0544212
576	2	0.526291	0.0207832	0.0813936
577	2	0.527342	0.0442422	0.00120174
578	0	0.528337	0.00825039	0.069607
579	1	0.528487	0.108571	0.0681918
580	0	0.529157	-0.056969	0.0651076
581	1	0.529304	0.0324061	0.034418
582	2	0.529827	0.0270267	0.0237757
583	0	0.529919	-0.0466507	0.0159353
584	2	0.533593	0.0164386	0.0330268
585	0	0.535175	-0.0176769	0.0440546
586	0	0.537651	0.00827554	0.0655823
587	2	0.537883	-0.036134	0.0308349
588	2	0.538373	-0.0114844	0.0237335
589	2	0.53977	-0.0400314	0.064761
590	0	0.540791	-0.0554568	0.0553623
591	1	0.541271	0.0423015	0.0506229
592	0	0.541305	-0.0694598	0.00945843
593	0	0.543351	0.138372	0.0667014
594	2	0.543985	-0.0213299	0.0515126
595	2	0.544862	0.0316908	0.0636175
596	2	0.545462	0.00648905	0.0331294
597	2	0.545754	0.0319157	0.0172525
598	0	0.546926	0.0504756	0.055445
599	1	0.549976	-0.0507796	0.0289035
600	2	0.551139	0.0122838	0.0441409
601	2	0.551347	-0.00603054	0.0289681
602	0	0.551872	0.00754722	0.102761
603	1	0.552168	-0.0223951	0.0209468
604	0	0.552212	0.0802667	0.0352907
605	2	0.553367	0.0240255	0.00306003
606	1	0.555644	0.101619	0.0699637
607	0	0.556642	-0.02172	0.0568541
608	1	0.558145	0.0170272	0.0395641
609	2	0.559652	-0.192713	0.0206199
610	2	0.560253	-0.0184231	0.0524382
611	1	0.560356	-0.0152085	0.00530019
612	0	0.56598	-0.035116	0.0443953
613	2	0.566529	0.0768787	0.0564331
614	2	0.566707	-0.0594727	0.0718378
615	2	0.567536	-0.0219436	0.0367951
616	0	0.567673	-0.0815223	0.00916441
617	2	0.571803	0.0800744	0.024928
618	1	0.57251	0.0525767	0.0654617
619	0	0.574665	0.0661942	0.078672
620	1	0.576359	-0.100274	0.00513898
621	0	0.576524	0.0263386	0.0124085
622	2	0.576714	-0.0424697	0.0794571
623	0	0.576935	0.00607225	0.00539681
624	2	0.578157	-0.0576637	0.00719359
625	2	0.579684	-0.0625888	0.00737874
626	2	0.581431	0.0144093	0.0156403
627	2	0.581577	0.0320099	0.0358285
628	2	0.581719	-0.0412029	0.0510805
629	2	0.58311	-0.0921741	0.0148746
630	0	0.583131	0.00126424	0.00287281
631	0	0.586053	-0.0136909	0.00519417
632	0	0.586345	0.016798	0.0304904
633	1	0.586701	-0.0263725	0.0503914
634	0	0.586956	0.0177207	0.05579
635	0	0.590067	0.0446869	0.0149575
636	0	0.590097	0.133976	0.0393377
637	2	0.590761	-0.0573698	0.00557484
638	0	0.594016	0.0064395	0.0441462
639	1	0.595577	0.0061414	0.0466557
640	1	0.596297	-0.0471093	0.0276922
641	0	0.598976	-0.078418	0.0968655
642	1	0.599201	-0.0120585	0.0281088
643	1	0.60007	-0.0328498	0.0257826
644	2	0.603414	-0.0170532	0.000527874
645	0	0.604551	0.0822083	0.101137
646	2	0.605819	-0.0453442	0.0779857
647	2	0.607502	0.0935652	0.0032656
648	0	0.610138	-0.0268502	0.0684676
649	2	0.61416	-0.0232152	0.0272646
650	0	0.614201	0.0847074	0.0351947
651	0	0.614802	0.0288077	0.0399408
652	0	0.615226	-0.0185529	0.0682985
653	2	0.617228	0.0695705	0.0150248
654	2	0.617923	-0.0268022	0.0464452
655	1	0.618822	-0.0667245	0.132261
656	2	0.618975	0.0163244	0.034021
657	0	0.619284	0.012698	0.104277
658	0	0.619609	-0.0486902	0.0351918
659	1	0.620485	0.0563098	0.078847
660	2	0.620549	-0.0818846	0.0391971
661	2	0.621809	-0.0381345	0.0873825
662	2	0.622479	0.0261804	0.0525004
663	0	0.625037	-0.0306783	0.0556342
664	2	0.626747	-0.0254858	0.0754701
665	2	0.627081	-0.0451062	0.0504684
666	2	0.62796	-0.00958707	0.0126294
667	0	0.628165	-0.0184373	0.0289059
668	0	0.628481	-0.023788	0.00627022
669	1	0.633313	-0.0584606	0.0101156
670	2	0.637439	0.0603231	0.0232733
671	2	0.638515	-0.024449	0.0213481
672	2	0.639284	-0.0489414	0.0540896
673	0	0.640491	-0.0154858	0.103046
674	2	0.641534	0.130655	0.0548596
675	0	0.642076	-0.0928728	0.0415623
676	1	0.642194	-0.0313371	0.141183
677	0	0.642876	0.0216336	0.0408879
678	0	0.642993	-0.0785774	0.0181418
679	2	0.643638	-0.0548163	0.0687712
680	0	0.645185	0.0226499	0.0837
681	0	0.645658	0.0514319	0.0340544
682	1	0.64807	-0.0979484	0.0232711
683	0	0.651004	-0.00986142	0.010376
684	0	0.65132	0.01666	0.0583685
685	2	0.652264	-0.0217019	0.104414
686	2	0.652397	-0.0367472	0.101544
687	0	0.653399	0.027058	0.0589651
688	1	0.659254	-0.0398729	0.0129844
689	1	0.659737	-0.0541215	0.0106981
690	1	0.659873	-0.0173787	0.122875
691	1	0.66008	-0.126755	0.00580363
692	0	0.662559	0.0183016	0.0032038
693	2	0.663203	-0.0229517	0.0293174
694	1	0.663853	0.00205022	0.0171761
695	1	0.663976	-0.0687977	0.0525293
696	0	0.666908	0.0551428	0.0104623
697	2	0.667093	0.139054	0.0625655
698	0	0.667318	-0.0374498	0.0120921
699	0	0.668295	0.0179536	0.0323881
700	2	0.669261	-0.0236136	0.0486105
701	1	0.669806	0.0447724	0.0254452
702	0	0.670584	0.00460327	0.0201287
703	2	0.67201	-0.0574144	0.00190804
704	1	0.673105	-0.0469877	0.052924
705	1	0.678543	-0.049644	0.0643055
706	0	0.678744	0.0189881	0.0411945
707	1	0.682428	-0.071488	0.172057
708	0	0.685456	-0.00731379	0.0987477
709	0	0.688223	0.0961777	0.001575
710	0	0.689001	0.0113792	0.0344269
711	2	0.690668	0.0388056	0.0726882
712	0	0.691715	-0.0600669	0.0512522
713	0	0.692416	0.0440783	0.0351714
714	0	0.69248	0.0256227	0.0866244
715	0	0.692496	-0.0597412	0.00129231
716	0	0.693788	-0.0160174	0.0957443
717	2	0.696151	-0.0340035	0.0892198
718	2	0.698057	0.0908599	0.0113154
719	2	0.699639	-0.0871186	0.0782688
720	2	0.699832	-0.00980732	0.0222946
721	0	0.700392	0.042168	0.0653101
722	2	0.700492	0.0488802	0.0149572
723	0	0.700865	-0.00215786	0.0273541
724	2	0.701045	-0.0272958	0.0205514
725	1	0.701962	0.140876	0.0849779
726	1	0.704261	-0.0641865	0.0630712
727	0	0.704408	0.0841883	0.00748966
728	2	0.706255	-0.00635645	0.0469746
729	0	0.707709	-0.0739412	0.0294703
730	2	0.709795	0.0224411	0.0177081
731	0	0.709906	-0.0534093	0.0455211
732	0	0.709945	-0.0270522	0.00640742
733	0	0.712823	0.0141039	0.0736913
734	0	0.713841	0.0309296	0.0279958
735	1	0.716067	-0.028162	0.0392484
736	2	0.717236	-0.0158305	0.0246324
737	2	0.717596	-0.0516051	0.0984902
738	0	0.717755	0.0267563	0.00155591
739	2	0.718102	0.0235809	0.0276631
740	0	0.719363	0.0627693	0.0335538
741	2	0.721774	-0.0186644	0.0465414
742	1	0.722039	0.023124	0.0167833
743	2	0.7238	0.0631468	0.0544193
744	2	0.725891	0.0234459	0.101819
745	0	0.726844	-0.0100612	0.00198355
746	0	0.727228	-0.02759	0.0525962
747	0	0.728107	-0.0643706	0.0074502
748	2	0.728225	0.0722365	0.0250604
749	0	0.728457	-0.0220302	0.029551
750	2	0.728635	-0.0465007	0.0299779
751	0	0.730565	-0.00874775	0.066142
752	0	0.731255	-0.0091376	0.0437724
753	0	0.731295	0.0376296	0.092425
754	2	0.731339	-0.0543533	0.0368115
755	1	0.733249	0.0896488	0.0816955
756	1	0.737638	-0.053191	0.027859
757	0	0.738686	0.0646705	0.0344298
758	2	0.738816	-0.0399609	0.0994183
759	2	0.739509	0.0256188	0.00908786
760	0	0.739682	-0.0185129	0.0933636
761	0	0.740226	0.0455657	0.0378854
762	0	0.74097	0.0167175	0.0180163
763	0	0.744255	-0.028691	0.0230288
764	2	0.744855	0.0129881	0.00437296
765	1	0.745337	-0.172813	0.096484
766	2	0.746889	0.00652422	0.0252243
767	2	0.747686	-0.0409281	0.0685551
768	1	0.748464	0.125847	0.0876223
769	0	0.748718	-0.06633	0.0555027
770	2	0.749108	-0.0166785	0.00723666
771	2	0.74955	-0.0281802	0.0218299
772	1	0.750638	0.0839212	0.00531707
773	2	0.75173	0.0691861	0.136134
774	1	0.752826	-0.0341007	0.107879
775	1	0.753992	0.105058	0.058373
776	2	0.756899	0.0214955	0.0366274
777	2	0.756907	0.0513664	0.00288396
778	0	0.760878	0.012441	0.000588009
779	0	0.761453	-0.0505211	0.0394374
780	0	0.761802	0.0671146	0.101073
781	0	0.762284	-0.0917727	0.0147622
782	0	0.763599	0.0277339	0.0682975
783	0	0.766241	0.0546457	0.00953854
784	0	0.768637	0.00919527	0.104041
785	2	0.769112	0.00908997	0.0635655
786	0	0.771328	0.0678636	0.0154598
787	2	0.771945	0.108869	0.0703485
788	0	0.772788	0.0219825	0.0129064
789	2	0.773045	0.0283842	0.0751444
790	1	0.773476	-0.0654414	0.0958493
791	0	0.773674	0.0433789	0.0565587
792	0	0.774108	0.00332677	0.00548629
793	2	0.776114	-0.0138927	0.0235496
794	2	0.777539	-0.0673328	0.0219867
795	0	0.778576	0.0100728	0.0124537
796	1	0.779171	0.0120526	0.0443065
797	0	0.779778	-0.0222182	0.0188041
798	2	0.779907	-0.0291288	0.00643565
799	0	0.780774	0.0570195	0.0358222
800	0	0.783265	0.0155775	0.0973327
801	2	0.784206	-0.0281384	0.0777809
802	1	0.78536	-0.0379115	0.0127783
803	1	0.785837	0.032098	0.0652522
804	2	0.788197	0.0161253	0.00690341
805	0	0.789714	0.0659046	0.124654
806	0	0.790091	-0.00971309	0.0248953
807	0	0.790733	0.045304	0.0622898
808	1	0.790957	0.0518878	0.0702943
809	1	0.79295	-0.0828635	0.0352765
810	0	0.79396	0.0203215	0.0498836
811	2	0.794394	0.0540678	0.0447161
812	0	0.794425	0.0252168	0.0567447
813	2	0.794837	0.0257006	0.0361842
814	2	0.795509	0.0529932	0.0320387
815	2	0.795547	-0.0122797	0.0350288
816	2	0.799091	-0.0371217	0.0538149
817	2	0.799779	0.0464479	0.0149058
818	1	0.802314	0.0763335	0.0518607
819	2	0.803502	0.0416953	0.0227558
820	0	0.804449	-0.12492	0.0243529
821	2	0.805459	0.0235625	0.0465196
822	0	0.805711	-0.0197854	0.0291097
823	0	0.806231	0.0766676	0.00893604
824	0	0.808346	-0.0398444	0.0886807
825	1	0.809534	0.0485055	0.0665497
826	1	0.809708	-0.0313869	0.104624
827	1	0.813197	0.0726067	0.0414266
828	2	0.814188	-0.018183	0.0562018
829	2	0.816656	-0.00844324	0.0505699
830	0	0.819783	-0.0828096	0.0788165
831	1	0.821068	-0.107056	0.0723004
832	2	0.822985	0.00840897	0.0235406
833	2	0.823885	-0.0412481	0.0199406
834	2	0.824769	-0.0415293	0.000895478
835	0	0.824868	-0.0444828	0.0285998
836	1	0.826166	0.144114	0.0955903
837	0	0.828794	0.0362911	0.0529372
838	2	0.829495	0.00610454	0.0399675
839	2	0.829819	0.0199122	0.0111889
840	2	0.830456	-0.00257009	0.00181096
841	2	0.83185	-0.00777354	0.0527693
842	1	0.832404	0.0419541	0.0141554
843	2	0.832749	-0.0531821	0.0764422
844	1	0.83292	0.0273431	0.186132
845	0	0.833214	0.0175865	0.0482058
846	0	0.834907	-0.0233394	0.00209136
847	2	0.834958	-0.0442238	0.0277835
848	2	0.835883	0.0507647	0.0717457
849	0	0.838087	0.017693	0.035756
850	2	0.839189	0.0372673	0.00159198
851	2	0.839814	-0.0156864	0.00113082
852	1	0.840269	-0.0282549	0.00235525
853	0	0.840392	-0.0799336	0.0376977
854	2	0.840701	0.0333771	0.0586586
855	1	0.84089	0.0312044	0.0491827
856	0	0.841388	-0.0148565	0.00985928
857	1	0.841696	0.0489324	0.0892004
858	0	0.842026	-0.0446001	0.00779908
859	2	0.84254	-0.0909649	0.0945917
860	2	0.842543	0.0267803	0.07177
861	1	0.842775	0.0280264	0.0330323
862	1	0.843424	0.0662576	0.114822
863	0	0.844292	0.158271	0.00725935
864	0	0.844395	0.0296136	0.0288426
865	2	0.844559	-0.0150304	0.00314486
866	1	0.844818	0.0839949	0.0294518
867	1	0.844944	-0.00539141	0.0300102
868	0	0.845369	0.011857	0.0780322
869	0	0.845374	-0.00936828	0.0333032
870	1	0.845595	-0.0640761	0.0398873
871	1	0.845874	-0.0902387	0.023862
872	2	0.84961	-0.11438	0.0415227
873	2	0.852072	-0.00460206	0.074371
874	0	0.85335	0.0850922	0.032854
875	2	0.854158	-0.100731	0.0334952
876	2	0.854293	0.0335349	0.0607925
877	0	0.857077	-0.0535097	0.00242635
878	1	0.857558	-0.0600198	0.00507028
879	2	0.858227	-0.0193106	0.00360013
880	1	0.861723	-0.0439537	0.0942892
881	0	0.861953	0.00716042	0.0283159
882	1	0.862377	0.0303554	0.119499
883	2	0.862514	0.0105717	0.0587958
884	1	0.862854	-0.0187426	0.166552
885	0	0.863142	-0.0446132	0.0148234
886	0	0.863223	-0.0186688	0.0948403
887	2	0.865394	-0.0406013	0.0636987
888	2	0.866025	0.0767157	0.00318272
889	0	0.866568	-0.0249536	0.100605
890	2	0.8687	0.0307334	0.0608114
891	0	0.8757	0.0347626	0.0245571
892	0	0.877283	-0.0130962	0.0125234
893	1	0.877445	-0.0306131	0.0255153
894	0	0.879644	0.0747639	0.0112832
895	0	0.87975	0.0380546	0.0102881
896	1	0.881278	-0.00944556	0.0285151
897	2	0.881858	0.0104235	0.112301
898	2	0.88196	0.0519634	0.00566912
899	0	0.882887	0.0214055	0.0453906
900	2	0.883705	-0.0305825	0.0762132
901	2	0.884667	-0.00758259	0.0116978
902	0	0.884757	-0.104835	0.0628049
903	0	0.885151	0.0227219	0.000405661
904	2	0.886602	-0.0737359	0.046634
905	2	0.886782	0.0234794	0.0437212
906	0	0.886968	0.070934	0.0706533
907	0	0.887121	-0.0242318	0.0372946
908	2	0.88948	-0.0107533	0.00301938
909	0	0.890634	-0.00854991	0.04234
910	0	0.892288	0.0218931	0.0142257
911	2	0.895338	0.0054361	0.0866951
912	0	0.896428	0.0957176	0.000802531
913	2	0.896844	0.0271081	0.0162649
914	2	0.897312	0.0725792	0.0294007
915	1	0.899716	-0.104129	0.0116884
916	0	0.900272	-0.0245399	0.0494745
917	0	0.901592	-0.0211769	0.113066
918	2	0.902487	0.0297707	0.102846
919	2	0.902746	0.021581	0.0633212
920	2	0.903557	-0.0329473	0.0348159
921	0	0.903909	-0.0423887	0.0174196
922	1	0.904637	0.0974852	0.108905
923	2	0.906357	0.00325078	0.0047424
924	0	0.90706	0.0619377	0.00804494
925	0	0.907561	0.0674179	0.0349615
926	2	0.90905	0.0327436	0.00604958
927	0	0.909241	-0.00371038	0.0297972
928	0	0.909313	-0.0624101	0.0291384
929	0	0.911824	-0.030795	0.0243787
930	1	0.915504	-0.0512362	0.0785816
931	1	0.918628	-0.0110024	0.0657876
932	0	0.919439	0.0203654	0.0447116
933	2	0.922084	0.158062	0.038955
934	0	0.922286	-0.032108	0.0330762
935	1	0.923592	-0.0707237	0.100318
936	2	0.92414	0.0251797	0.0502643
937	0	0.924321	0.0518891	0.0345967
938	0	0.925587	-0.0277202	0.102656
939	2	0.927801	0.0122452	0.0411865
940	2	0.927941	0.0429861	0.0118372
941	0	0.929501	-0.0412881	0.0719766
942	0	0.931871	-0.127627	0.0323219
943	2	0.932398	-0.113736	0.0435121
944	0	0.932697	0.0226647	0.0938792
945	2	0.934423	-0.00719227	0.0577355
946	2	0.93529	0.0463167	0.0937645
947	0	0.937287	0.0435238	0.0119316
948	0	0.937421	-0.0179365	0.00547782
949	0	0.938405	-0.0113008	0.00124468
950	2	0.938695	-0.0242694	0.0553662
951	0	0.939919	0.0617601	0.0344832
952	0	0.939983	-0.0239559	0.000444241
953	0	0.941379	-0.011585	0.110635
954	0	0.941964	0.0501098	0.0191575
955	1	0.943125	-0.0414248	0.0626622
956	0	0.946797	0.0609454	0.00214182
957	1	0.947006	0.0628273	0.166198
958	0	0.949664	-0.0340616	0.0156008
959	0	0.952221	-0.073712	0.0602174
960	0	0.953328	0.0518033	0.0754327
961	2	0.953473	-0.0251332	0.0220693
962	0	0.953747	0.00894812	0.0230797
963	0	0.955505	0.0727683	0.0165451
964	1	0.956427	-0.0286528	0.0136266
965	0	0.956678	0.0211312	0.00595985
966	2	0.959679	-0.0441749	0.00733841
967	0	0.960404	0.0153514	0.0410555
968	1	0.96077	0.0855882	0.0118008
969	2	0.961665	0.0356395	0.0113499
970	2	0.96171	-0.0374368	0.0503888
971	2	0.966226	0.00884894	0.0329767
972	0	0.966872	0.0159206	0.00349096
973	1	0.968545	0.0357425	0.0024859
974	1	0.970144	0.0577773	0.0597778
975	2	0.972099	0.00625186	0.0143253
976	2	0.972609	-0.00242588	0.0433113
977	0	0.973158	-0.0211008	0.00352712
978	2	0.973627	0.159835	0.00935674
979	1	0.973982	-0.0125457	0.0409946
980	2	0.974461	0.0193663	0.149656
981	2	0.975085	0.0105373	0.044206
982	1	0.979365	-0.0770696	0.0553456
983	2	0.980896	0.0427764	0.0255853
984	0	0.982571	-0.0367094	0.00801055
985	2	0.983038	-0.0263357	0.0110909
986	2	0.983276	0.0460899	0.0320816
987	0	0.984576	-0.0331245	0.00772256
988	0	0.985081	0.036327	0.0130704
989	2	0.985143	0.0344114	0.108266
990	2	0.985624	-0.081656	0.0108113
991	2	0.986892	-0.00496778	0.043463
992	0	0.988113	-0.0514614	0.0178801
993	0	0.991102	-0.0321143	0.00949011
994	0	0.991751	-0.0278475	0.0381624
995	0	0.992038	0.0622522	0.0834428
996	0	0.993425	-0.0293562	0.0395738
997	2	0.99524	-0.0180235	0.0165586
998	1	0.99541	0.0361476	0.00825482
999	2	0.999662	-0.0263993	0.0304291
1	243	0.0603647
3	756	-0.0657601
3	566	0.0392604
7	301	-0.0235089
7	236	-0.0170455
10	173	0.0195702
10	555	-0.0495102
10	738	-0.0183345
20	21	0.00727738
20	632	-0.0448741
20	544	0.0243386
20	124	0.0374246
20	895	0.0183753
23	434	-0.0216987
23	241	0.0237646
23	558	-0.043901
23	746	0.0282547
23	934	0.0189796
23	683	-0.0186251
23	916	0.0201468
23	286	-0.00569203
23	445	-0.0203001
23	362	0.0235012
23	282	0.0473922
23	115	0.0253975
26	515	0.0452396
26	371	0.0496046
29	137	-0.0375453
29	181	-0.0288593
29	958	-0.0187224
33	527	-0.057713
36	41	0.0305989
36	350	-0.0393484
42	705	0.0681115
42	22	-0.0712308
42	231	-0.0213035
42	964	-0.0455099
51	7	0.0485623
51	88	-0.0299175
51	194	0.0118775
56	683	-0.011117
56	681	-0.065354
57	127	0.0192823
57	823	-0.0401858
58	231	0.0328965
59	288	-0.0427572
59	206	0.0423601
59	706	0.0129348
63	930	-0.0676883
63	691	0.0400268
63	501	-0.0589401
63	438	-0.0627121
63	756	0.0482068
63	253	0.0381971
63	77	-0.0461368
63	54	0.0640005
64	599	-0.0211132
64	691	0.0725445
64	91	-0.0344416
64	979	0.0342691
64	13	-0.0783941
64	618	0.0420029
83	871	0.0432426
83	351	0.059833
83	772	0.0376367
83	500	-0.0311526
83	457	-0.0325265
83	774	-0.0351948
83	755	-0.0109575
83	790	0.0235665
87	372	0.0237607
87	592	-0.0329373
88	567	-0.0138943
91	633	0.0389545
92	341	0.0806579
92	772	0.0212536
92	922	0.0585235
92	397	0.0345864
92	423	0.0976377
92	774	-0.028817
96	924	-0.0118167
96	667	0.0474635
96	366	0.0233674
96	269	-0.034512
96	650	-0.0211879
96	869	-0.0201681
96	805	0.043198
96	368	-0.00992526
96	863	-0.0407927
96	427	0.028025
96	585	0.0313866
96	995	-0.0850464
96	234	0.0276823
96	297	0.0167978
96	967	-0.0237385
96	440	0.0490685
96	987	0.014045
96	996	-0.0103545
96	209	-0.0352161
96	534	-0.0327171
96	645	-0.0388151
96	399	-0.0306739
96	166	0.0345205
96	165	0.00741194
96	422	-0.0285183
96	906	0.0465601
96	359	-0.0235632
96	413	-0.0213568
96	320	-0.0538412
96	699	-0.0656539
96	797	-0.022694
96	962	-0.0308817
96	372	-0.0261004
96	561	0.0306715
96	783	0.035975
96	244	0.0464189
96	954	0.0259285
96	823	0.0522597
96	559	0.0221273
96	543	0.0115611
96	731	-0.0314434
96	204	0.0322995
96	90	-0.0326245
96	948	-0.01351
96	929	0.0274579
96	583	0.0250435
96	760	0.0269713
96	339	0.0185571
100	175	-0.0344996
100	431	-0.0347389
100	807	-0.0221837
102	33	-0.027332
102	438	-0.0706877
102	826	0.0591814
102	852	-0.04084
102	639	0.045043
102	465	0.0468658
105	189	0.0222081
109	498	0.0222483
109	710	-0.0105474
109	965	-0.0473713
111	484	-0.0380762
112	648	-0.0108573
112	66	0.0813282
112	520	0.0279309
112	687	0.0172773
116	406	0.0206014
116	746	0.0162322
116	910	0.024054
116	415	0.0286937
116	313	0.033633
116	88	-0.0192343
117	196	-0.0399419
117	314	-0.0515813
117	642	0.075896
117	735	-0.0601284
117	83	0.0247741
117	63	-0.0382824
117	356	0.021346
117	102	-0.0296895
117	844	-0.0506261
117	219	0.0267633
117	871	0.025882
117	252	-0.0711052
117	581	0.0298364
117	232	0.0508979
117	659	0.0649103
117	541	-0.0450334
117	448	-0.049864
117	423	0.0164605
117	557	0.0174605
117	457	0.0334784
117	818	-0.0464105
117	207	0.0417388
117	866	-0.0668436
117	695	0.0244086
117	228	-0.0241396
117	676	-0.0461465
118	732	0.0215778
118	778	0.02001
121	687	-0.0425971
121	163	0.00960867
126	845	0.0342448
126	276	0.0185685
126	86	0.031129
126	713	-0.0363855
127	992	-0.0231236
128	534	-0.0443177
128	406	-0.0173485
128	797	-0.0247858
128	41	-0.024576
128	136	-0.0402282
128	181	0.0266388
128	111	-0.0442845
128	229	0.0304755
128	799	0.0219925
128	50	-0.0209335
128	734	-0.0261246
128	889	0.0390622
130	126	-0.0641153
130	442	-0.0257615
130	949	-0.0261069
130	311	-0.0166349
130	732	0.0259653
130	623	-0.0364534
130	296	-0.0293192
130	259	0.0374392
132	618	-0.0657317
134	344	0.0335882
134	606	0.0501423
136	889	0.036924
137	593	0.0333815
137	564	0.0146694
138	389	-0.0278894
138	863	0.0174893
138	427	-0.0466711
138	858	0.0197105
138	534	0.0318654
138	399	0.0249946
138	201	0.0221902
138	868	-0.0233244
138	658	-0.035051
138	311	-0.0116101
138	78	-0.0188055
138	270	-0.037754
138	799	0.0346044
138	431	-0.0255202
138	301	-0.0343447
138	555	0.0128497
138	780	0.0364634
143	620	-0.0289088
143	497	-0.0312823
143	844	0.0451283
143	871	-0.0284672
143	325	0.038683
143	982	0.033796
143	364	-0.0733861
143	540	0.0668121
143	397	0.0258545
143	726	0.0468531
143	3	-0.0374255
143	174	0.0310784
143	38	0.104273
143	639	-0.0927696
143	704	0.0548047
143	695	-0.0896431
149	667	0.0332849
149	753	-0.0185141
149	366	0.0387017
149	306	-0.00787368
149	650	0.0288175
149	805	0.0214106
149	368	-0.0388977
149	263	0.0281436
149	967	0.0259274
149	293	-0.0563338
149	116	-0.0338241
149	534	0.0131241
149	241	-0.0103332
149	784	-0.0446726
149	360	-0.00901613
149	100	0.0226102
149	7	-0.0275211
149	137	-0.0236332
149	479	-0.0209695
149	127	-0.0345004
149	475	0.0251203
149	299	-0.0300786
149	988	0.0381087
149	925	0.0354424
149	380	0.0390397
149	520	-0.0174629
149	823	0.0379737
149	502	-0.0563074
149	788	0.0237009
149	573	-0.0133919
149	580	0.0371783
149	30	-0.0222188
154	351	0.0743471
154	725	-0.0696415
154	957	0.0291037
154	884	0.0181791
154	404	-0.0220029
154	319	0.100382
159	972	-0.0123474
160	530	0.0185428
160	196	0.0527643
160	249	-0.0266948
160	314	0.0335234
160	608	-0.035095
160	642	0.025044
160	803	-0.0230518
160	882	-0.0358583
160	63	0.0475894
160	620	0.013011
160	930	-0.035545
160	497	-0.0389903
160	92	0.0149138
160	496	-0.0788558
160	154	-0.0342719
160	669	0.048941
160	291	0.0215414
160	252	-0.0371975
160	351	0.0143735
160	91	0.0346273
160	725	0.0155628
160	33	-0.0232893
160	232	-0.0504257
160	857	-0.0365245
160	397	0.0572404
160	659	-0.108668
160	701	0.0527346
160	705	0.0287921
160	460	-0.0245975
160	655	-0.0624525
160	861	-0.0248152
160	866	0.0381162
160	488	-0.036277
160	53	-0.0256161
160	378	-0.0564115
160	373	0.0523955
160	103	-0.0509172
161	359	0.0614009
161	41	-0.0212613
161	481	0.0397763
161	891	-0.0214279
165	638	0.046829
165	66	0.0188618
165	259	0.0201915
166	88	0.0240688
166	632	-0.0212558
166	70	0.0351493
173	684	0.0224101
173	383	0.0263526
175	36	0.0226745
175	181	-0.0413377
189	512	0.0155241
196	249	0.0531113
196	314	0.0285056
196	620	-0.0226358
196	400	0.0236381
196	930	-0.0129
196	356	0.0529963
196	64	-0.024596
196	92	0.0114142
196	669	-0.0343968
196	688	0.0419076
196	42	-0.0472589
196	33	0.0500842
196	643	0.0174328
196	701	0.0113579
196	973	-0.0439811
196	344	0.0509857
196	852	0.0264938
196	862	-0.0356516
196	765	-0.0313694
196	694	-0.0465443
198	118	-0.0207767
198	657	0.0367743
201	100	-0.0130507
201	545	-0.0344795
201	942	-0.0290334
206	386	-0.043939
206	567	0.0278337
209	699	0.0374954
209	797	-0.0157698
209	962	-0.0196506
209	303	0.0352453
219	495	-0.0183632
219	857	0.0429627
219	310	0.0323705
219	880	-0.0289816
234	987	0.0408052
234	56	0.0257313
234	752	-0.0531159
234	334	-0.028453
234	359	-0.0669567
234	868	0.0242155
237	102	-0.019369
237	496	0.0743392
237	219	0.0505882
237	871	-0.0625157
237	325	-0.0358371
237	611	0.0133798
237	252	-0.0194976
237	91	-0.0300244
237	922	-0.0399572
237	935	-0.0251317
237	867	-0.0698646
237	998	-0.0329729
237	211	0.0663378
237	504	-0.0429744
237	58	0.0342569
237	707	-0.0160768
237	77	0.0138661
237	689	0.0322776
241	525	0.0155995
241	41	-0.0156851
241	105	-0.0229295
241	511	0.0290305
246	886	-0.0133473
246	687	-0.0463099
249	237	0.0239604
249	608	0.0782569
249	400	-0.0318449
249	497	0.0301556
249	102	0.0422027
249	64	-0.0353748
249	252	0.0077157
249	809	0.0811343
249	725	-0.0323438
249	857	-0.0715226
249	504	0.035712
249	756	0.0494948
249	174	-0.0367669
249	231	-0.042915
249	277	-0.0292481
249	707	0.0250781
249	862	0.039568
249	114	0.0224612
249	75	-0.0259857
252	896	-0.0564293
252	796	0.0286343
254	470	0.0463795
254	846	-0.0221779
257	677	0.0352844
257	521	-0.0244162
257	490	-0.0173389
257	458	-0.024824
263	234	-0.0155627
263	987	0.0286789
263	241	0.0242238
263	514	0.0403194
263	752	0.0233157
263	868	0.0270791
263	762	-0.0351064
263	36	-0.0156789
263	528	-0.0171435
264	973	-0.0507504
264	755	-0.0461934
269	953	-0.0186799
269	810	0.0300981
269	478	0.0129383
269	636	-0.0240795
269	514	-0.0206835
269	752	0.0249551
269	20	-0.0443139
269	962	0.0202981
269	254	-0.0207993
269	302	0.0244766
269	632	-0.0225982
269	559	-0.0262562
269	623	-0.0295569
269	992	0.0316681
269	85	0.0202539
269	292	-0.0117417
269	81	0.0429447
269	222	-0.029505
270	612	0.0173179
276	316	-0.0478098
277	253	0.0342769
285	721	-0.0214071
285	491	-0.0105261
285	78	0.0115462
285	892	-0.0354775
285	65	-0.0126639
285	942	-0.019805
288	729	0.0321129
291	495	-0.0411025
291	979	-0.026735
291	768	0.0369511
291	207	0.0456991
291	22	-0.0228157
293	126	0.0287736
293	752	-0.0191673
293	616	0.00575658
293	960	-0.0296648
293	313	0.0603363
293	86	-0.0178037
297	201	-0.0372428
297	678	-0.0153389
297	29	0.0529635
297	525	0.0460119
297	807	0.0294936
302	925	0.0327552
306	953	0.0249426
306	721	-0.0313359
306	491	-0.0217912
306	100	0.00945196
306	320	-0.0241663
306	317	0.0142292
306	638	0.043985
306	683	0.0235465
306	881	0.0411337
306	641	-0.0297852
306	891	0.0237351
306	635	-0.0116986
310	768	0.0125551
311	835	-0.0161664
313	475	-0.0322202
313	286	0.00976123
314	608	-0.0295483
314	642	-0.0307781
314	893	0.0598477
314	400	0.0540926
314	64	-0.0185047
314	690	-0.0423573
314	871	-0.014462
314	341	0.0563116
314	42	-0.0267829
314	444	-0.0239627
314	132	-0.041405
314	931	0.0162988
314	726	0.0533405
314	174	-0.0474349
314	329	-0.0202556
314	48	0.035562
317	716	0.0178154
320	136	0.0268881
320	172	-0.0399009
325	599	-0.0245893
325	42	-0.0460775
325	931	0.0166941
325	915	-0.058604
325	974	-0.0204032
325	565	-0.0190033
329	243	-0.061564
330	262	-0.045906
334	561	-0.0339224
334	265	0.0382465
334	570	0.0117861
335	570	-0.0159589
341	655	-0.0237489
341	682	0.0410074
351	726	0.0194683
351	371	0.0485145
356	154	-0.0580105
356	341	-0.0250291
356	982	0.0706592
356	232	-0.0281556
356	915	0.0132607
356	878	-0.0337166
356	452	0.0413975
356	84	-0.0380248
357	853	0.0434335
357	360	-0.0286001
357	313	-0.0137345
357	390	-0.0169702
357	265	0.0238472
357	94	-0.0359658
357	788	-0.00918661
357	16	0.0115967
357	751	-0.0134169
358	753	-0.0209818
358	696	-0.0248254
358	650	-0.033084
358	357	-0.0473655
358	995	-0.0207996
358	820	0.0686584
358	944	-0.0479881
358	130	0.0483501
358	996	0.0288664
358	209	-0.0361194
358	476	-0.0249059
358	257	0.0250174
358	636	-0.0477849
358	442	0.0356352
358	435	0.0427383
358	874	-0.0163835
358	645	0.0295726
358	422	-0.0314167
358	906	-0.0208354
358	727	0.027222
358	299	-0.0427741
358	118	0.0592922
358	464	0.0265368
358	490	0.0206714
358	105	0.0356553
358	159	0.0234957
358	316	-0.0206867
358	330	-0.0429297
358	807	-0.0230926
358	573	0.0222722
358	959	0.0275134
358	712	0.0724505
358	292	-0.0298897
358	994	0.0231933
358	556	-0.031818
358	133	0.0349358
359	127	0.0254054
359	917	-0.0308006
360	706	-0.0361183
364	351	-0.0552776
364	831	-0.0824272
366	967	-0.0536636
366	293	-0.0348342
366	370	-0.0206764
366	406	0.0157066
366	334	0.0349916
366	472	-0.0301823
366	165	0.0305499
366	10	0.0420577
366	525	-0.0157612
366	668	0.0189054
366	87	0.043255
366	21	-0.0296245
366	593	0.027918
366	383	0.0270836
366	564	-0.0338139
366	917	0.0495651
368	478	0.0414136
368	427	-0.038781
368	297	0.0238929
368	598	0.0179977
368	126	-0.014248
368	442	0.0121624
368	57	0.0389873
368	361	-0.0241747
368	652	0.0280889
368	210	-0.0300353
370	558	0.0402105
370	470	0.0173228
370	229	0.029437
370	426	-0.0167873
370	984	0.0377969
371	69	0.0186812
372	553	0.0374581
389	912	-0.0340954
389	427	-0.0266077
389	161	-0.0248931
389	714	0.0229505
389	746	-0.0228759
389	109	0.0527099
389	779	-0.0241545
389	385	0.0425048
389	586	0.038582
399	430	-0.0388832
399	864	0.0582171
400	930	0.0515618
400	669	0.0288918
400	565	-0.0280753
400	884	-0.0658191
400	69	-0.0435445
400	319	0.0567195
400	765	0.0548033
405	456	0.025014
405	563	0.0325357
405	541	0.0492089
405	591	0.0267351
406	781	0.0145158
410	702	0.0438181
413	430	-0.025285
413	464	-0.0108804
415	60	-0.0335479
422	445	-0.0158114
422	641	-0.0385775
427	673	0.0273852
427	874	-0.0406324
427	763	-0.0393263
427	415	-0.029371
427	276	-0.0116474
430	954	0.0428741
430	545	-0.0418402
434	440	0.030121
434	415	-0.0153685
434	949	0.0472144
434	727	-0.0242161
434	410	0.0214225
434	675	-0.0263631
434	76	0.0432641
434	361	-0.0622309
435	399	-0.033578
435	934	0.0392985
435	927	-0.0288366
438	957	0.0141314
440	406	-0.0550311
440	784	0.0314897
440	413	0.0166471
440	57	0.035901
442	752	-0.0159857
442	254	0.0297752
442	417	0.0272666
444	460	0.0398107
444	579	0.025715
448	775	-0.0440151
450	864	0.0156008
455	810	-0.03055
455	389	-0.0250384
455	234	-0.0291686
455	209	-0.0459137
455	370	-0.0259656
455	435	0.0185183
455	7	0.0232959
455	59	-0.0224779
455	311	0.0210864
455	244	0.0327596
455	732	0.0311371
455	621	-0.0331301
455	164	0.0173728
455	574	-0.0214211
456	80	0.0509291
460	915	-0.0340092
471	78	-0.0159088
471	417	-0.0396246
471	988	0.0537731
472	683	-0.0397344
472	303	0.045515
472	445	0.0457451
476	714	0.0214115
476	109	0.0285145
476	757	-0.0165986
476	835	0.0262213
476	484	-0.0326666
478	257	0.0306482
478	721	0.0137375
478	636	-0.0224597
478	673	0.0271639
478	677	-0.0224874
478	910	-0.0306686
478	590	-0.0150193
479	286	0.0105343
479	684	-0.0333446
479	349	0.0286321
479	578	0.0190086
487	856	0.0388712
487	66	-0.0198978
490	948	-0.0142296
491	763	0.0174015
491	299	0.0404309
491	417	0.0279391
491	564	-0.0302408
495	211	0.0357074
495	13	-0.0124335
495	327	0.0379521
496	599	-0.0307666
496	33	0.0523158
496	132	-0.0142982
496	563	-0.0438897
496	457	0.0119486
496	452	-0.047654
497	501	-0.0142015
497	456	0.0420005
497	211	-0.0722943
497	768	-0.0520545
497	957	0.0745659
497	852	-0.0256539
500	337	-0.0443821
501	855	0.0575317
501	225	0.028643
511	885	0.0155216
514	752	-0.0273773
514	952	-0.022866
514	824	-0.0336753
514	612	-0.0255471
514	621	0.0114778
514	709	0.0205661
521	906	0.0365744
521	779	0.021191
521	246	0.00596487
521	895	0.0139536
525	749	0.00846547
530	117	-0.0320655
530	196	0.0200796
530	237	-0.031128
530	893	0.0694895
530	803	0.0279548
530	882	-0.0447906
530	400	0.0300685
530	497	0.0171821
530	496	0.0443488
530	688	0.0228997
530	291	-0.0861282
530	364	0.108069
530	456	-0.0484206
530	725	0.0170997
530	232	0.0451286
530	742	0.0420819
530	643	-0.0702509
530	26	-0.0175756
530	979	0.0581262
530	563	-0.0356288
530	640	-0.0485074
530	541	0.0545525
530	504	-0.0713247
530	134	0.0398803
530	818	0.0317388
530	618	-0.0442895
530	387	-0.0210236
534	161	0.0303636
534	910	0.0172922
534	412	-0.0327655
534	921	0.0282522
540	397	0.0475175
540	831	0.0274484
540	22	0.0396597
541	183	-0.0314613
542	96	-0.0232693
542	358	-0.0208605
542	149	0.0293096
542	667	-0.0576689
542	753	0.0403103
542	696	0.0142044
542	306	0.0446513
542	138	0.0161619
542	650	0.0255153
542	953	-0.0175481
542	455	-0.0319426
542	899	-0.0372213
542	368	-0.0250467
542	478	-0.0299171
542	912	-0.0334961
542	619	-0.0328968
542	995	-0.0340558
542	116	-0.00899643
542	406	-0.0320625
542	56	0.0151765
542	161	-0.0458715
542	874	-0.0328005
542	59	-0.0207986
542	109	0.0328288
542	471	-0.0290678
542	769	0.028408
542	949	-0.0269752
542	121	0.0235876
542	779	0.0179515
542	487	0.0160456
542	127	0.0368008
542	856	-0.0234645
542	198	-0.029028
542	916	0.019119
542	824	-0.0402379
542	450	-0.0461911
542	229	-0.0337676
542	303	-0.0112312
542	592	-0.0203204
542	864	0.0100756
542	902	-0.02304
542	386	-0.0214683
542	544	-0.0496216
542	398	0.0314876
542	757	-0.0247305
542	265	-0.0718425
542	330	-0.0196057
542	32	0.0192993
542	733	0.0395278
542	30	0.0160776
542	747	-0.0581675
549	366	-0.0179508
549	795	-0.0147557
549	269	0.0211068
549	810	-0.0489442
549	899	0.0201844
549	907	0.0312128
549	478	-0.0434573
549	763	-0.0465668
549	658	-0.0385188
549	475	-0.0264282
549	927	-0.040226
549	925	0.0145022
549	383	0.0303286
549	398	-0.0449263
549	543	0.0307597
549	220	-0.0203841
549	172	-0.034573
549	749	-0.049766
549	782	0.0374018
557	504	0.0403288
558	288	-0.0327032
558	757	-0.0321265
558	32	-0.0238212
561	559	0.020281
581	488	0.0270149
581	84	-0.0320697
581	825	0.0568784
585	521	0.0252715
585	422	0.00725813
585	430	0.0246181
585	475	-0.0435977
585	390	0.0220003
585	21	0.0152661
590	124	-0.0191173
593	200	0.0243709
598	763	-0.0165389
598	317	-0.0258095
598	681	0.0262873
598	412	-0.0318014
598	634	-0.0146672
598	535	-0.0143808
599	659	-0.0281251
599	407	-0.0303693
599	527	0.0339182
604	574	-0.0181002
607	136	-0.0266672
607	481	-0.0575882
607	335	-0.0299234
607	350	-0.0187758
607	731	0.013574
607	194	0.0156305
608	735	0.0123726
608	83	-0.048251
608	930	0.0494944
608	92	0.0785815
608	291	0.0368384
608	219	0.0422118
608	611	0.0631897
608	405	-0.0237219
608	444	-0.0469248
608	857	-0.0823455
608	808	-0.00851122
608	878	-0.0400844
608	861	0.0166375
611	599	-0.0466914
611	809	0.0498516
611	438	-0.023498
611	327	-0.0356542
611	396	-0.0636358
616	302	-0.0343879
616	783	-0.0320187
619	995	0.0167732
619	285	-0.0282356
619	996	0.0429471
619	607	-0.0197115
619	360	0.0265964
619	902	0.0314373
619	543	0.0229383
619	511	-0.0259932
619	498	0.0155036
620	92	-0.0349754
620	364	-0.0403639
620	581	-0.0228866
620	444	-0.0502657
620	974	0.0371135
620	327	0.021424
623	545	-0.00736268
631	87	0.0642668
631	799	0.0382518
631	892	-0.0308485
631	220	0.0525987
636	406	0.032892
636	993	-0.0393665
636	320	0.015358
636	916	0.0441556
638	952	0.0368729
640	974	0.0320514
642	803	-0.0254503
642	882	0.0389431
642	620	0.0398368
642	356	-0.0330009
642	102	-0.047493
642	364	0.0245047
642	132	-0.0486346
642	460	-0.0397352
642	878	0.0300089
642	80	-0.0676081
642	827	-0.0805252
643	423	0.0386177
643	855	-0.0527815
645	187	0.0352421
645	799	-0.0157811
645	892	-0.0345254
645	630	-0.016891
648	902	0.0403491
650	128	0.0560942
650	257	-0.0155651
650	858	-0.0349014
650	636	0.0424273
650	673	0.0313411
650	727	0.012145
650	612	0.0454061
650	806	0.0328854
650	800	-0.0420465
650	16	-0.0305543
650	675	-0.0119015
658	877	0.0186646
667	366	0.0213646
667	306	0.0378575
667	953	-0.0254589
667	389	0.0482671
667	23	0.0170942
667	863	0.0219645
667	907	-0.0284525
667	434	0.0826439
667	297	-0.0150708
667	440	-0.0159161
667	721	-0.0453297
667	442	-0.00916399
667	763	0.0349359
667	678	-0.0408411
667	714	0.020877
667	165	-0.0199251
667	413	0.0334827
667	317	-0.00692342
667	886	-0.0170161
667	592	0.0209647
667	349	-0.0344403
667	335	-0.0573026
667	954	-0.0275369
667	380	0.0205664
667	398	-0.0470691
667	956	0.0195007
667	150	-0.0272763
667	233	-0.0267745
667	55	-0.0189767
668	258	-0.0199974
669	91	-0.028796
669	935	-0.0405654
669	58	-0.0321852
669	655	-0.0267721
669	826	0.0137373
673	762	0.0246509
673	769	0.0271783
673	301	-0.0248013
673	502	0.0239918
677	590	0.0170233
677	181	0.0253485
677	520	-0.0353774
677	723	0.0341288
678	487	-0.038334
678	72	-0.0169199
680	806	0.0414833
684	824	-0.0213615
688	742	-0.0595034
688	880	0.0300173
688	855	-0.0442394
688	802	-0.0386204
688	964	0.0443925
688	80	-0.0437845
690	691	-0.0334373
690	742	-0.0467294
690	26	-0.0237201
690	277	0.036588
691	896	-0.0289176
691	264	0.0422742
696	909	-0.0497219
696	366	0.0341534
696	812	0.016109
696	306	0.0276767
696	357	0.0335691
696	585	0.033763
696	853	-0.0280593
696	987	0.0305753
696	476	0.0157578
696	126	0.0115031
696	257	0.0180813
696	406	-0.0422491
696	166	0.0470416
696	678	-0.0184873
696	59	0.0297334
696	668	0.0390916
696	316	0.0176407
696	959	0.0177729
696	994	-0.0363387
696	11	-0.00877614
698	297	0.0167295
698	476	0.0242695
698	359	-0.0172903
698	288	0.0524494
698	36	-0.0306155
698	187	0.0233956
698	85	-0.023229
698	745	-0.0219351
699	949	0.0144633
699	204	0.0390135
701	826	-0.0360288
702	72	-0.0161833
705	378	-0.0327743
709	482	-0.0458309
712	352	-0.039429
714	246	0.0309963
714	470	0.0185071
714	849	-0.033338
721	241	0.0420075
721	166	0.0145167
721	333	0.0304011
723	90	0.0669518
725	13	0.0665196
726	157	0.0267131
727	800	-0.0103522
734	94	0.0334036
735	882	-0.0410886
735	154	-0.046489
735	690	-0.106936
735	922	0.0363661
735	500	0.0234409
735	448	0.0585908
735	808	-0.0237488
735	861	-0.0860789
735	633	-0.0592372
735	420	-0.0190568
735	225	-0.0157539
746	422	-0.043791
746	658	0.0220293
752	960	-0.0340767
753	549	0.017003
753	953	-0.0558116
753	805	-0.017827
753	899	-0.00927278
753	389	0.0156533
753	434	-0.0277148
753	427	0.0222521
753	995	0.0252819
753	234	-0.0258951
753	285	-0.0251436
753	56	0.0278233
753	677	-0.0330581
753	631	-0.0183363
753	399	-0.0325651
753	472	-0.0374237
753	616	-0.051841
753	10	0.0363001
753	86	-0.0260334
753	206	-0.0114988
753	302	0.0440105
753	561	0.0584506
753	229	0.0198912
753	350	-0.0263662
753	885	0.0265449
762	962	-0.0292626
763	934	0.0220496
769	881	0.0279898
769	586	-0.0128325
772	132	0.0147344
772	3	0.025652
772	676	0.0413821
779	544	0.0286824
781	512	-0.0168723
783	244	-0.0288882
784	681	0.0254316
784	580	0.0171614
784	333	-0.0468121
784	602	-0.0335824
795	455	0.0139023
795	357	0.0156141
795	907	-0.0411283
795	585	0.0215129
795	297	0.0127919
795	440	-0.0368417
795	442	-0.0240968
795	56	0.0305062
795	648	-0.0277329
795	270	0.0186692
795	709	0.0324618
795	32	-0.0543274
795	738	0.016814
795	369	0.0270956
795	972	0.0618569
795	202	0.0367279
795	740	-0.0255991
795	9	0.0250386
795	903	0.0559328
796	310	-0.045728
796	575	0.0382987
797	86	-0.0230524
803	83	0.0459021
803	620	-0.0953111
803	64	0.0265091
803	691	-0.0667329
803	931	-0.0303382
803	742	-0.0552317
803	211	-0.0767013
803	557	-0.0317028
803	228	0.0330549
805	389	0.0299084
805	784	0.0211253
805	360	-0.0141555
805	320	-0.0122191
805	845	-0.0454825
805	952	-0.0456753
805	706	0.0526347
805	783	0.0132333
805	50	0.0256124
805	124	0.0236452
805	441	-0.0115722
805	426	-0.0495852
808	705	0.0292322
808	420	-0.0113856
809	456	0.0837695
809	557	-0.0313071
809	775	0.0223944
810	166	-0.0308658
810	51	-0.0356839
810	746	0.0230208
810	960	-0.0306094
810	680	0.0378324
810	877	-0.0171002
810	956	0.0187214
810	236	0.0700319
810	362	0.0244498
810	49	0.0333474
810	963	0.0377302
812	306	-0.0518338
812	650	0.0419444
812	23	0.0230724
812	907	0.0114404
812	853	-0.028297
812	996	-0.0432933
812	435	-0.0185431
812	51	-0.00855772
812	678	-0.0522309
812	121	-0.0308471
812	668	-0.0331342
812	590	0.0259492
812	111	0.0361284
812	431	-0.0138722
812	94	-0.0316254
812	296	0.0369641
812	70	-0.0127698
812	710	0.0231817
820	645	0.0200224
820	558	0.0235641
820	57	0.0178513
820	276	-0.0169152
820	198	0.0344904
820	386	0.0232841
820	788	0.0268551
824	21	0.0219738
844	611	0.0207826
844	982	0.0106826
844	405	-0.0440563
844	998	-0.0337438
844	701	-0.035609
844	704	0.0195261
844	407	-0.025455
845	856	-0.028413
845	684	0.029184
845	380	-0.0317918
853	996	-0.0386894
853	370	0.029915
853	784	0.022257
853	638	0.0219026
853	681	-0.0242683
853	723	0.0352814
853	2	-0.01352
856	417	-0.0132489
858	491	-0.0129744
858	631	0.0115148
858	360	0.023269
858	288	0.0228122
858	781	0.0349835
858	734	-0.00921827
863	907	0.0199177
863	769	0.0274217
863	29	0.0345708
863	372	0.0377828
863	988	-0.0132443
863	50	-0.0245731
863	482	0.0588359
863	733	-0.020384
863	729	-0.0289757
867	38	0.102102
867	318	0.0787836
868	680	-0.0187834
868	159	-0.0125281
869	899	0.0398107
869	357	0.00937121
869	585	0.0210062
869	944	0.026359
869	201	0.0239012
869	638	0.0248688
869	779	0.0141581
869	137	-0.0481074
869	450	-0.037409
869	410	-0.0373781
869	881	0.0246364
869	731	-0.0201749
869	877	0.0152428
869	352	0.0332445
869	184	-0.0384671
871	581	0.0291712
871	880	0.0287455
871	207	-0.0361686
874	910	-0.0210711
874	197	0.0210638
874	156	-0.00931559
882	83	0.0201409
882	102	0.0305375
882	982	-0.0396055
882	935	-0.0360925
882	438	0.0363558
882	515	-0.0468315
882	768	0.0403023
882	802	-0.0531139
882	870	0.0444286
886	445	0.023729
893	688	0.0217985
893	690	-0.0905295
893	341	-0.0394317
893	772	-0.0469064
893	232	-0.0191044
893	742	-0.0605622
893	659	0.033416
893	264	-0.0424317
893	448	-0.0486679
893	831	-0.0317174
893	565	-0.03076
893	176	0.0357256
896	501	0.0395765
896	643	-0.0258386
896	973	-0.0374335
896	880	-0.0462662
899	820	0.0238367
899	607	-0.0564435
899	56	-0.0629872
899	334	-0.00988753
899	112	0.0297286
899	487	0.0387177
899	136	-0.0521699
899	886	0.0259281
899	604	0.0424027
899	204	-0.0433539
906	415	-0.0233969
906	164	-0.028022
907	427	-0.0240487
907	413	-0.0151484
907	762	-0.0157603
907	246	0.0270026
907	481	-0.018668
907	988	-0.0484495
907	706	-0.0439639
907	270	0.0198165
909	263	0.0391505
909	698	-0.0214648
909	820	0.0184083
909	967	0.0166029
909	440	0.0147457
909	116	0.0157572
909	721	-0.0201133
909	51	0.0173471
909	762	0.0181009
909	317	0.0344049
909	41	0.0512282
909	78	-0.0198159
909	303	0.0192961
909	464	-0.0351491
909	296	0.0114643
909	553	-0.0196439
909	49	0.0121937
909	630	0.0389777
909	652	-0.0287472
909	391	0.0383716
909	384	0.0255219
910	702	0.0457861
912	967	0.049617
912	673	0.0345627
912	435	0.0450065
912	471	0.0210038
912	121	0.0380671
912	680	-0.0266723
912	187	0.0181826
912	464	-0.0222472
912	369	-0.0142264
916	806	-0.0210961
922	968	-0.0199895
922	884	-0.029725
924	358	0.0379346
924	149	-0.0299829
924	753	0.0530585
924	696	0.016777
924	909	-0.0180495
924	549	-0.0122304
924	306	-0.0316931
924	650	-0.035555
924	953	-0.0210688
924	810	0.00753077
924	478	0.0201478
924	912	-0.0304095
924	698	0.0215201
924	944	-0.0152953
924	598	-0.0336677
924	209	0.044285
924	56	0.0419774
924	677	-0.0702521
924	435	-0.0193582
924	874	-0.0349939
924	631	0.0309992
924	201	-0.0199097
924	334	0.037397
924	20	-0.0605376
924	521	0.0325359
924	472	0.0346225
924	906	-0.0568566
924	616	-0.0287065
924	699	0.0297671
924	175	0.0224824
924	470	0.0504385
924	648	0.0113165
924	657	0.0191506
924	604	0.0332552
924	621	0.0171052
924	553	-0.0180139
924	441	0.0188404
924	528	-0.0255752
924	76	0.048543
924	507	0.0167745
924	385	0.0201274
924	578	-0.0265952
924	222	0.015631
924	938	-0.012976
925	567	-0.0197973
927	412	-0.0169366
930	341	-0.0358635
930	998	0.033462
930	855	-0.0498459
930	290	0.0425776
930	114	0.0155978
930	294	0.036976
931	867	0.0606378
931	515	-0.0415183
935	515	-0.0618279
935	566	-0.0347871
944	598	-0.0189858
944	293	-0.0295268
944	112	-0.0462282
944	276	-0.0240148
944	632	0.0698191
944	507	0.0313474
944	708	-0.0491072
949	934	0.0447446
952	66	0.036197
953	863	-0.0417906
953	619	-0.0939307
953	285	-0.0447991
953	399	0.022515
953	51	-0.0343509
953	762	0.0192932
953	175	-0.0216706
953	658	0.0402483
953	173	-0.027281
953	286	-0.0435684
953	202	-0.023843
955	530	-0.0423123
955	237	-0.0363044
955	314	0.0202171
955	608	-0.0271422
955	143	0.0506481
955	735	0.0674586
955	803	-0.0249944
955	63	0.0449819
955	497	0.037985
955	496	0.036006
955	154	-0.0379408
955	669	-0.0167959
955	219	0.0553605
955	690	0.0342855
955	922	0.0416045
955	540	0.117687
955	857	-0.00729728
955	397	0.0338035
955	26	0.0283101
955	500	-0.0290097
955	796	-0.0212723
955	563	-0.0179845
955	640	0.0462466
955	310	0.0359917
955	457	-0.0274393
955	957	0.0259207
955	973	-0.0142806
955	802	-0.0399882
955	818	-0.0252513
955	964	-0.0257986
955	827	-0.0347699
955	290	-0.0460505
955	53	-0.0557454
955	836	0.0242508
955	82	0.0272076
955	309	-0.0421856
960	307	0.0322966
962	390	-0.0202827
967	910	-0.0153676
967	927	0.0270239
967	450	-0.032762
967	151	-0.0247488
968	831	-0.0571319
968	344	0.0284897
968	870	0.0613062
968	836	0.0529589
979	640	0.038198
982	91	-0.0696013
982	1	-0.0477559
982	404	-0.0445029
987	558	0.0361
987	797	-0.0127456
987	525	0.0338157
987	111	0.0259674
987	349	0.0237454
993	960	-0.0253251
993	187	-0.0425236
993	299	0.0407586
993	657	0.0353281
993	502	0.0279116
995	7	0.028491
995	481	-0.043608
995	65	0.0149661
995	81	0.0786422
995	424	-0.0357477
996	868	0.043561
996	390	-0.0312682
996	800	-0.0205821
996	713	-0.0303137
998	423	-0.0243271
