400
200
400
1000
500
3
0.333333	0.666667	
0	1	0.0025688	0.0281614	0.0360218
1	0	0.00346175	-0.021514	0.00304022
2	2	0.00448795	0.022621	0.0169797
3	0	0.00762382	-0.0193716	0.0516687
4	2	0.00789583	0.0341388	0.0688098
5	2	0.0117681	0.0190922	0.029093
6	2	0.0122515	-0.022928	0.039366
7	1	0.0138401	-0.045469	0.00197132
8	0	0.0163892	-0.0641471	0.0571277
9	0	0.0164305	0.0157874	0.0414289
10	2	0.0165368	0.0432434	0.0283652
11	2	0.0177833	0.106675	0.0202265
12	1	0.0188677	0.0277733	0.140972
13	2	0.0209645	0.102105	0.13271
14	0	0.0225984	-0.0383604	0.0160383
15	0	0.0232335	0.0162297	0.0297918
16	1	0.0232351	0.120761	0.154229
17	0	0.0238254	0.0734263	0.0446323
18	2	0.0243483	0.0771402	0.100004
19	2	0.0245653	-0.0391468	0.0547976
20	1	0.0246054	0.0143359	0.0455177
21	0	0.0306949	0.0209329	0.00650821
22	0	0.0309472	-0.0294239	0.0276013
23	1	0.0344712	0.0227351	0.0372333
24	2	0.0348032	-0.097401	0.0409428
25	0	0.0356208	-0.0285186	0.0216799
26	2	0.0367516	0.132952	0.0491805
27	0	0.0369817	0.0410933	0.0750021
28	2	0.0376233	0.0253467	0.0207225
29	2	0.0404638	0.0207647	0.00426304
30	0	0.0414066	0.0475523	0.0505918
31	1	0.045077	0.144436	0.0900338
32	0	0.0460564	0.0435537	0.060228
33	2	0.0461682	0.0697491	0.114543
34	2	0.0466376	0.0319174	0.0892863
35	0	0.0477236	0.0318166	0.0709343
36	1	0.0485258	0.0676765	0.0341146
37	0	0.0485699	-0.0256031	0.0119626
38	0	0.0487872	0.0795435	0.0358616
39	0	0.049554	-0.0703093	0.0206398
40	2	0.0496839	-0.0128249	0.0497175
41	1	0.0498474	-0.0687314	0.0819513
42	2	0.051288	-0.021255	0.0675434
43	0	0.0518204	-0.082053	0.0142708
44	1	0.0552833	-0.0351139	0.080984
45	1	0.0569838	-0.0224222	0.0335507
46	0	0.0574456	0.0259984	0.0233053
47	0	0.0580123	0.0120738	0.0510722
48	0	0.0602717	-0.0861717	0.0221653
49	0	0.0604687	-0.0225448	0.0813028
50	2	0.0608948	0.0304521	0.0348338
51	0	0.0610263	-0.00760139	0.0102963
52	1	0.0626852	-0.0679788	0.0138903
53	1	0.0639412	-0.0333617	0.0196695
54	2	0.0646849	0.0667642	0.03957
55	2	0.0649809	0.0367289	0.0613298
56	2	0.0657789	0.0468205	0.0443937
57	2	0.0669611	0.082448	0.032577
58	0	0.0684566	-0.0179092	0.0346413
59	0	0.0702345	0.0739027	0.00470758
60	1	0.071133	-0.00855731	0.113815
61	0	0.0723839	-0.0249195	0.00508941
62	2	0.0723864	0.0900046	0.00367372
63	2	0.073017	-0.0740926	0.0012675
64	0	0.0760851	0.12797	0.0594007
65	0	0.0765174	-0.0216417	0.0183022
66	2	0.0775967	0.0893949	0.0447805
67	2	0.0787246	-0.0427649	0.0097762
68	0	0.0787836	-0.0358269	0.0103834
69	0	0.078961	0.0392367	0.0175053
70	2	0.079965	0.0194674	0.0368489
71	0	0.0816481	0.0141807	0.00327496
72	0	0.0816711	-0.00471894	0.0680487
73	2	0.0821232	-0.0509706	0.0173171
74	0	0.0843303	0.0165938	0.00863034
75	2	0.0851463	0.025918	0.0673146
76	0	0.085426	0.0445253	0.0552714
77	2	0.088487	-0.0309274	0.0254097
78	2	0.0895634	-0.0323217	0.0562431
79	0	0.0897457	-0.0376038	0.0458345
80	0	0.0905883	-0.0258385	0.00904251
81	2	0.0934212	-0.0174465	0.0446473
82	0	0.0957512	-0.0197607	0.0473816
83	0	0.0965592	0.0713747	0.0308847
84	0	0.0977519	-0.0231335	0.141343
85	1	0.0984215	-0.0657691	0.0611898
86	0	0.101089	0.0310798	0.0375673
87	0	0.101116	0.0422908	0.0492162
88	2	0.101537	0.0366921	0.074366
89	0	0.101584	0.00465341	0.0366752
90	2	0.102655	0.0805407	0.0985389
91	2	0.102668	-0.0203766	0.0760528
92	1	0.104686	-0.028562	0.0513904
93	0	0.104792	-0.0143994	0.0474649
94	2	0.105805	-0.0134801	0.0867879
95	2	0.106286	-0.0186818	0.0181186
96	2	0.107317	0.0429997	0.0375069
97	2	0.107595	0.0823981	0.0080695
98	2	0.107669	-0.0490065	0.0694801
99	2	0.108187	0.0137375	0.0284844
100	2	0.109159	0.106122	0.00136111
101	2	0.109631	-0.0312563	0.0321324
102	0	0.110268	0.0693274	0.112211
103	2	0.110471	-0.044169	0.0559581
104	2	0.112069	0.00280306	0.0310935
105	0	0.112372	-0.0953551	0.0772371
106	2	0.112914	0.0163605	0.00503441
107	2	0.115055	0.0501401	0.030196
108	2	0.117357	-0.080157	0.0613159
109	1	0.11739	0.0981139	0.0133174
110	2	0.11947	-0.0490771	0.101561
111	0	0.121008	-0.0179298	0.0489542
112	1	0.121657	0.0385221	0.0532377
113	0	0.123781	-0.0855695	0.0319971
114	0	0.124291	0.0134316	0.0225956
115	1	0.125548	-0.0463622	0.13379
116	0	0.127127	-0.0343426	0.0126459
117	1	0.127524	-0.0332246	0.100171
118	2	0.129123	-0.0134886	0.0798385
119	1	0.129435	0.0579298	0.000853957
120	0	0.129615	0.0167954	0.0224742
121	2	0.129804	-0.0275163	0.02861
122	2	0.131352	-0.0315618	0.043112
123	1	0.131676	-0.189401	0.0448621
124	1	0.131902	-0.0705025	0.0673808
125	2	0.132126	0.0163819	0.000967522
126	1	0.132989	0.0253215	0.0104103
127	0	0.133813	0.0257344	0.00476984
128	1	0.13382	0.0542193	0.0231409
129	1	0.134077	-0.0885598	0.172138
130	0	0.135298	-0.0155244	0.0209524
131	2	0.135903	0.0327698	0.077097
132	0	0.139801	0.0785607	0.00979145
133	0	0.140234	-0.00826073	0.00692299
134	2	0.141007	-0.0295677	0.0629923
135	1	0.1426	-0.0113477	0.0741759
136	1	0.143328	-0.0122728	0.0421897
137	0	0.14429	0.033236	0.0409522
138	0	0.144868	-0.0167272	0.0741133
139	0	0.145443	0.00901874	0.0207469
140	0	0.145592	0.016856	0.00266228
141	0	0.14614	-0.0297696	0.0519398
142	1	0.146825	0.0311169	0.133263
143	0	0.147886	0.00536536	0.0101003
144	1	0.148149	0.11372	0.000370288
145	0	0.149767	0.0541187	0.0515371
146	1	0.15049	-0.0500293	0.0114032
147	0	0.150622	0.0104043	0.0257674
148	0	0.153192	0.0294371	0.103201
149	2	0.153951	-0.104593	0.0960754
150	0	0.155202	-0.00201609	0.0337156
151	1	0.155264	0.0625855	0.051094
152	0	0.155779	0.039359	0.0424384
153	0	0.156341	0.0176826	0.0751978
154	0	0.156881	-0.0237349	0.0824367
155	2	0.15773	0.0483996	0.014237
156	2	0.158489	-0.0647772	0.0215699
157	2	0.160144	0.0850286	0.0414647
158	0	0.161082	-0.0202995	0.0537766
159	2	0.162294	-0.0376457	0.049219
160	1	0.163003	0.0394532	0.0544821
161	2	0.163418	-0.0434095	0.0521123
162	0	0.165892	0.106823	0.0339034
163	2	0.168784	-0.0217988	0.0404201
164	1	0.169037	-0.0218197	0.146318
165	2	0.169641	0.045598	0.0247406
166	0	0.170645	-0.0401545	0.0931745
167	2	0.171361	0.0696705	0.0136216
168	2	0.172282	0.0798681	0.00211102
169	0	0.172936	-0.0861767	0.0117965
170	0	0.174066	-0.0566485	0.0705562
171	2	0.174243	0.00587387	0.058776
172	0	0.175191	0.0281754	0.00281999
173	2	0.176474	0.00478145	0.0527247
174	0	0.17649	0.0231907	0.0895178
175	0	0.177659	0.0657205	0.0689004
176	2	0.178643	0.0273267	0.0534791
177	1	0.179179	-0.0533992	0.0211746
178	1	0.179995	-0.0420954	0.117996
179	0	0.179997	0.0284284	0.0228724
180	2	0.181092	0.0326556	0.111104
181	0	0.182695	-0.0961863	0.0634412
182	0	0.1838	0.0154879	0.0350167
183	1	0.184414	0.111188	0.0633063
184	0	0.185312	0.0310057	0.00145049
185	1	0.186239	0.067463	0.146607
186	1	0.187104	0.123847	0.0968074
187	1	0.189258	-0.0216535	0.0382122
188	2	0.189321	-0.0352498	0.0112227
189	1	0.19019	-0.0168932	0.0184076
190	2	0.191699	0.0322288	0.0115639
191	0	0.191919	0.0304949	0.0515194
192	2	0.192916	-0.0299545	0.0394755
193	2	0.192995	0.0212665	0.0259657
194	2	0.193073	-0.0521879	0.0633288
195	2	0.19392	-0.0151252	0.0419348
196	2	0.195231	0.0228716	0.00980755
197	1	0.1959	-0.0225562	0.0155301
198	0	0.196134	0.0331538	0.0199343
199	0	0.19803	0.0309895	0.021972
200	0	0.19889	0.0254955	0.0803224
201	2	0.199736	-0.0404461	0.00656388
202	0	0.200144	-0.0152064	0.105447
203	0	0.201075	-0.0756497	0.0462224
204	0	0.201093	-0.0629813	0.0464224
205	2	0.204219	0.0324373	0.0436974
206	2	0.204573	0.0194307	0.033108
207	2	0.204603	0.0395978	0.0681523
208	0	0.206457	0.0682777	0.0703105
209	0	0.207167	-0.026368	0.0554097
210	0	0.20906	-0.0299116	0.0698455
211	0	0.209852	-0.0704723	0.0734458
212	2	0.212183	0.0782492	0.110667
213	0	0.212758	-0.0676255	0.0500277
214	0	0.214585	0.00836383	0.0267991
215	0	0.216604	0.0775279	0.027789
216	0	0.216817	0.0102453	0.0112482
217	0	0.218009	-0.0358336	0.0122258
218	2	0.218805	-0.0796005	0.0363124
219	0	0.219391	-0.037513	0.0164061
220	2	0.220045	0.00553348	0.0545213
221	0	0.220087	0.00398355	0.101232
222	0	0.220949	-0.0709631	0.031368
223	0	0.224767	-0.0110136	0.123283
224	2	0.225452	0.0859869	0.0413887
225	2	0.229315	-0.0600037	0.0252453
226	1	0.230788	0.0896347	0.0113541
227	0	0.232043	-0.0538838	0.0562292
228	0	0.233905	-0.0239847	0.151039
229	2	0.234193	-0.0309123	0.0598425
230	2	0.23432	-0.0319025	0.034789
231	1	0.235529	-0.0309797	0.0662809
232	0	0.235648	0.127096	0.038658
233	2	0.236078	-0.00685082	0.0521897
234	2	0.236086	-0.0166625	0.0410317
235	0	0.236541	-0.035412	0.0930167
236	2	0.23696	0.0490628	0.0157268
237	0	0.238421	0.00774611	0.00539009
238	0	0.24069	-0.00456938	0.0339605
239	2	0.240699	0.0246166	0.0538215
240	0	0.241365	0.188922	0.0282982
241	0	0.241414	0.101438	0.07958
242	2	0.24147	-0.0730299	0.0343394
243	0	0.241503	-0.0188086	0.0450089
244	1	0.242048	0.0630153	0.0105597
245	1	0.244335	-0.0227	0.0628316
246	1	0.247832	0.0371424	0.00315919
247	2	0.249607	-0.0761401	0.0470691
248	2	0.249808	-0.0166641	0.0055261
249	0	0.25736	0.0153058	0.0214688
250	2	0.257467	0.00423739	0.040163
251	2	0.260119	0.0066728	0.000596725
252	2	0.263171	-0.0164669	0.0257863
253	1	0.264165	-0.0407592	0.0264351
254	0	0.264492	0.0609282	0.0672526
255	0	0.268486	-0.0211428	0.044258
256	2	0.269348	0.0288591	0.0249126
257	2	0.271299	-0.115258	0.0352112
258	2	0.27157	-0.0177249	0.0803638
259	0	0.272465	-0.0161539	0.0246897
260	1	0.272579	0.0287203	0.085701
261	1	0.272781	-0.0311953	0.0904667
262	2	0.273295	-0.0654203	0.0382779
263	2	0.274897	-0.0586742	0.0364506
264	1	0.275099	-0.0187939	0.136268
265	0	0.276067	-0.0045403	0.0305138
266	2	0.27671	0.0514809	0.0812761
267	2	0.276998	-0.0249952	0.0158342
268	2	0.27816	0.0306894	0.0387914
269	0	0.278783	0.0177197	0.0800875
270	2	0.279426	0.0225602	0.0516151
271	0	0.281763	0.0358855	0.0205112
272	0	0.282635	-0.0344211	0.0248607
273	2	0.283068	-0.10212	0.029071
274	0	0.283809	0.0494832	0.0461243
275	0	0.284566	0.0441856	0.0748359
276	1	0.286841	0.0326472	0.0212501
277	1	0.287206	0.0584965	0.0553073
278	2	0.2883	0.0409409	0.0113244
279	2	0.288794	0.0183476	0.037115
280	0	0.289324	0.0787161	0.0203013
281	0	0.289428	-0.0927404	0.0119797
282	2	0.29091	0.0488519	0.0251001
283	2	0.293027	-0.0327766	0.0325796
284	0	0.293641	-0.0179641	0.0619362
285	0	0.295415	0.0224457	0.0337638
286	2	0.295783	-0.0253523	0.00447596
287	0	0.296029	0.00896365	0.0045332
288	2	0.296621	0.0267198	0.0406463
289	2	0.297377	-0.0180663	0.0318637
290	0	0.297427	0.0626009	0.0346984
291	2	0.298311	-0.0280307	0.0630974
292	2	0.298567	-0.0222501	0.000174114
293	1	0.298878	0.020987	0.0160068
294	1	0.299997	-0.0794306	0.0242386
295	2	0.30078	0.00970891	0.0702827
296	2	0.302106	0.0877407	0.0851349
297	2	0.302421	0.0175528	0.140138
298	0	0.302706	0.0128162	0.0112842
299	0	0.305881	-0.0629155	0.0272738
300	1	0.306802	0.00842761	0.0686941
301	2	0.306871	0.10168	0.00731416
302	0	0.307071	0.0793804	0.074492
303	2	0.307403	0.0408816	0.0191744
304	0	0.308642	-0.0226195	0.0702344
305	0	0.309354	-0.0681361	0.021981
306	0	0.31178	0.115763	0.0282994
307	1	0.312391	-0.042389	0.0193936
308	1	0.312708	-0.0706826	0.0484043
309	1	0.314776	-0.118127	0.0347021
310	2	0.315448	-0.0207121	0.0714364
311	0	0.316113	0.0695917	0.0614263
312	1	0.31664	0.0360808	0.00479891
313	2	0.317615	0.0219914	0.0131975
314	2	0.31791	0.0246693	0.0230855
315	0	0.319011	-0.0168425	0.0456304
316	2	0.319758	-0.193045	0.0653843
317	2	0.319928	0.0148379	0.040531
318	1	0.320394	0.0298039	0.045039
319	2	0.32202	-0.0333393	0.0216843
320	0	0.322236	-0.033956	0.108662
321	0	0.32299	0.0394934	0.010571
322	1	0.323117	-0.0636118	0.00665325
323	0	0.324247	0.0242581	0.064889
324	0	0.32471	-0.0253164	0.00540718
325	0	0.32561	0.0563989	0.0254257
326	0	0.3287	-0.0211988	0.0976013
327	0	0.329675	0.0264972	0.0224785
328	1	0.331053	0.052487	0.0460954
329	0	0.331931	0.0473166	0.0209461
330	0	0.332038	0.0145401	0.0715662
331	0	0.332784	0.044625	0.05666
332	0	0.333317	-0.0357885	0.0114469
333	2	0.338431	0.0252623	0.0507114
334	2	0.338681	0.00291492	0.0387027
335	0	0.339	0.0501404	0.0253127
336	1	0.339265	-0.0409469	0.0652876
337	0	0.340017	0.0045333	0.0591821
338	2	0.340241	-0.0206652	0.0323882
339	1	0.3408	-0.0674097	0.0525929
340	1	0.343236	-0.0216577	0.174282
341	2	0.345567	0.0519689	0.0570499
342	2	0.347222	0.0433065	0.0191676
343	1	0.348621	0.0466031	0.0599737
344	0	0.349628	0.00379251	0.074425
345	2	0.349817	0.0464999	0.0682406
346	2	0.350027	0.0334898	0.0161856
347	2	0.353483	-0.00391597	0.0432875
348	2	0.356456	0.0439478	0.0462554
349	2	0.36027	-0.0153499	0.0630893
350	0	0.36092	0.045991	0.0114891
351	0	0.36148	0.0297304	0.0129776
352	0	0.363593	0.0450208	0.0184803
353	0	0.36388	-0.0266515	0.0439235
354	2	0.363981	-0.0188098	0.120638
355	0	0.365378	-0.00757319	0.0622145
356	2	0.366199	0.0039226	0.0136843
357	1	0.366465	0.0556593	0.0263695
358	2	0.367797	-0.0089936	0.000797809
359	1	0.368633	0.0325669	0.0712819
360	0	0.369295	-0.0166877	0.0143774
361	2	0.371174	0.0790636	0.00877945
362	0	0.371206	-0.0834607	0.0253839
363	2	0.372244	-0.0506245	0.0359206
364	1	0.372317	-0.0818054	0.0796981
365	2	0.373114	-0.0923253	0.0545271
366	0	0.373718	-0.0244416	0.0114447
367	0	0.3752	-0.0881673	0.0223379
368	1	0.375274	-0.0372854	0.0284005
369	2	0.377677	0.0371654	0.069542
370	1	0.378526	-0.0829986	0.0159651
371	0	0.380129	-0.0112841	0.0379922
372	2	0.380494	0.142077	0.0084762
373	2	0.381722	-0.0600241	0.0106548
374	2	0.383164	-0.0508688	0.0861154
375	2	0.383526	0.0231085	0.0544243
376	0	0.383554	-0.0724081	0.045459
377	2	0.383681	-0.0365399	0.102564
378	0	0.384212	0.0522963	0.072455
379	1	0.384836	-0.179242	0.0951628
380	2	0.384974	0.0261262	0.0439775
381	2	0.386329	-0.064192	0.0474865
382	0	0.386646	0.0122142	0.114453
383	0	0.386701	-0.0110962	0.0782202
384	1	0.386951	-0.0207021	0.0166074
385	2	0.387155	0.0298798	0.0382181
386	0	0.387349	0.0726754	0.00898483
387	2	0.38745	0.0242765	0.0470216
388	0	0.388604	-0.0264439	0.0550158
389	2	0.388632	0.0480574	0.0359524
390	2	0.389073	0.0310721	0.0024661
391	1	0.390075	0.10879	0.000117089
392	1	0.391466	-0.0453347	0.0176389
393	2	0.392367	-0.0517133	0.0106702
394	0	0.392381	0.00568286	0.0614997
395	2	0.396211	-0.047211	0.0925501
396	2	0.396684	0.0131955	0.00194815
397	0	0.396998	0.0895791	0.0885361
398	0	0.398327	0.0053247	0.0981515
399	0	0.400895	-0.054195	0.0913479
400	2	0.400988	0.116806	0.0498672
401	1	0.401504	0.0951111	0.0501108
402	1	0.401585	0.0552631	0.0113235
403	0	0.401609	-0.0408703	0.0320524
404	2	0.402328	-0.0295563	0.00282085
405	2	0.402368	0.0327267	0.00206096
406	2	0.403266	-0.105657	0.134225
407	0	0.405897	-0.0288494	0.0282493
408	2	0.405951	-0.0207254	0.000721794
409	1	0.406289	0.0382332	0.0305399
410	2	0.4079	0.0526376	0.0256991
411	1	0.41035	0.0196703	0.0821783
412	1	0.410949	-0.0255617	0.0806445
413	2	0.411531	0.0331734	0.0608717
414	0	0.412276	0.0139716	0.0237616
415	0	0.413064	0.0126074	0.0124022
416	2	0.4133	-0.00872606	0.122331
417	0	0.413341	-0.0768491	0.0673462
418	0	0.413874	-0.0255317	0.0222169
419	2	0.413998	0.0296541	0.0483845
420	1	0.414627	-0.0658699	0.0722868
421	2	0.41637	-0.147285	0.016585
422	2	0.417473	0.0969957	0.0219692
423	2	0.420519	0.000989464	0.0126139
424	0	0.420659	-0.0736459	0.0822462
425	2	0.421608	-0.0252663	0.0619491
426	1	0.421692	0.110697	0.0307475
427	0	0.421789	-0.0857916	0.0544812
428	0	0.422209	-0.0752573	0.0514677
429	2	0.422397	-0.0415714	0.00677986
430	2	0.422834	-0.0737382	0.128547
431	2	0.424039	-0.0347188	0.0447741
432	2	0.425713	0.0157321	0.0813837
433	2	0.426126	-0.0322904	0.078653
434	0	0.426516	-0.0517103	0.0202121
435	0	0.427514	0.016988	0.0652492
436	1	0.428231	0.0392696	0.0389517
437	0	0.428622	0.119067	0.0925452
438	2	0.429314	-0.0346378	0.00889275
439	2	0.429752	-0.0309961	0.0574674
440	0	0.429777	0.118263	0.0703819
441	2	0.429919	0.0406383	0.0393256
442	0	0.430181	0.0283018	0.067039
443	0	0.430474	0.00950663	0.0330061
444	0	0.430867	-0.0554079	0.0663547
445	2	0.432786	0.0185283	0.0446427
446	2	0.433506	-0.0101661	0.0503792
447	2	0.433806	-0.0957373	0.0565406
448	1	0.434506	-0.0970404	0.049387
449	1	0.43563	0.0786196	0.0895635
450	2	0.43762	-0.0451246	0.0473732
451	2	0.437928	-0.0857791	0.00222563
452	0	0.440298	-0.0174051	0.00423714
453	1	0.441108	0.016563	0.0821592
454	0	0.442761	-0.0228472	0.0809967
455	2	0.443256	0.0545966	0.00543354
456	1	0.443994	-0.0143951	0.0257674
457	2	0.444283	-0.0108919	0.0151943
458	0	0.44601	0.0226101	0.0561175
459	0	0.446603	0.0454261	0.022368
460	0	0.447437	0.0336315	0.00309351
461	1	0.447468	0.0102842	0.071239
462	0	0.447575	0.119829	0.055791
463	0	0.447938	0.0400767	0.0353119
464	2	0.450444	-0.0328467	0.00942044
465	0	0.451804	-0.0160832	0.105592
466	2	0.452101	-0.0887264	0.017982
467	1	0.452823	-0.0125927	0.00769062
468	0	0.453358	0.0646553	0.0427997
469	2	0.454897	-0.0600981	0.0730185
470	2	0.45575	0.0325956	0.0516779
471	0	0.45967	0.0664473	0.0145555
472	1	0.461803	0.0606296	0.0774216
473	2	0.462188	0.00566451	0.0288702
474	0	0.462322	0.0393623	0.0425729
475	0	0.462457	-0.00722222	0.0499119
476	2	0.463187	0.0311081	0.0213312
477	2	0.464334	0.0508074	0.106937
478	1	0.466453	0.0908475	0.0193732
479	2	0.466549	-0.0754035	0.0186048
480	0	0.469257	0.0738315	0.0313821
481	2	0.472714	-0.0526578	0.0333741
482	0	0.472892	0.0287869	0.0780645
483	0	0.473835	-0.0584427	0.0169355
484	1	0.47487	0.0672564	0.141495
485	2	0.475241	-0.0215476	0.00833998
486	2	0.47592	0.0482895	0.00805458
487	0	0.476115	0.0328062	0.0324063
488	2	0.476365	-0.0586797	0.00768208
489	2	0.476852	-0.0354503	0.0176255
490	1	0.479537	-0.0251469	0.037742
491	1	0.482202	-0.169115	0.105681
492	2	0.484017	0.041589	0.00585987
493	1	0.484059	0.060539	0.0413359
494	2	0.484067	-0.0738779	0.0748646
495	0	0.485603	-0.0369478	0.0100149
496	1	0.485996	-0.110915	0.00461215
497	2	0.486132	0.0247499	0.0264028
498	2	0.487781	-0.0369604	0.00933064
499	1	0.488144	-0.0849099	0.0883678
500	1	0.488344	-0.0188199	0.0447999
501	1	0.488442	-0.145517	0.0523643
502	2	0.490286	-0.0475728	0.0341948
503	1	0.490396	0.0442509	0.0754659
504	0	0.49048	0.0242378	0.0157101
505	2	0.491807	0.0885289	0.0467547
506	0	0.495463	0.0199273	0.0148458
507	0	0.495916	0.0912878	0.0242805
508	1	0.497707	-0.102091	0.157401
509	0	0.499506	0.0378764	0.0302527
510	2	0.499958	0.0186945	4.98043e-05
511	0	0.50038	0.0383784	0.0122513
512	0	0.50063	-0.0284047	0.00172522
513	2	0.501969	0.017042	0.0733817
514	0	0.502886	-0.0129748	0.0778093
515	0	0.503072	-0.0385062	0.00633568
516	0	0.503592	0.0622292	0.0152714
517	0	0.504024	-0.0367767	0.00714712
518	0	0.504124	0.0599254	0.0490577
519	2	0.504618	-0.0292032	0.0651719
520	1	0.504819	0.0787944	0.00823963
521	0	0.505094	0.0380545	0.0378116
522	0	0.505131	-0.0137128	0.0680022
523	1	0.506925	0.113993	0.00959464
524	1	0.50927	0.0702668	0.0121492
525	2	0.509343	0.0740831	0.00487692
526	2	0.51212	0.0389921	0.0154034
527	0	0.512961	0.0505989	0.0352816
528	1	0.513241	-0.0443668	0.0653749
529	0	0.514441	0.0206074	0.0569532
530	0	0.514706	0.0520332	0.0477549
531	2	0.51749	-0.048852	0.033453
532	0	0.518019	0.037935	0.0221799
533	0	0.518549	-0.0165495	0.0517201
534	0	0.519436	-0.0731052	0.0439652
535	0	0.521016	-0.0103906	0.0157374
536	2	0.521565	0.0343589	0.0613897
537	2	0.521898	-0.00556627	0.00801197
538	2	0.522034	-0.0442498	0.0463882
539	0	0.522411	-0.0909575	0.0084986
540	1	0.522689	-0.0137452	0.0821292
541	0	0.522706	0.00850462	0.058441
542	1	0.523049	0.101094	0.16383
543	0	0.523348	0.0267392	0.028799
544	2	0.52544	-0.0247762	0.0752882
545	1	0.526948	-0.114128	0.00894546
546	1	0.529318	0.1462	0.0458905
547	1	0.530859	0.0185726	0.0554406
548	2	0.531108	-0.0289603	0.0202095
549	2	0.531178	-0.00118528	0.0532777
550	0	0.531679	-0.0193851	0.00273577
551	0	0.531802	0.0331494	0.0225844
552	1	0.531863	-0.10921	0.0753906
553	0	0.532741	0.00841233	0.0532546
554	0	0.533598	0.0619428	0.0450806
555	0	0.534495	-0.0401567	0.0559474
556	2	0.534881	-0.0478	0.0105973
557	2	0.534963	-0.0232236	0.0882641
558	1	0.536185	0.0543608	0.0271836
559	2	0.536355	-0.0690528	0.102811
560	2	0.538372	0.0426068	0.0497646
561	2	0.538956	-0.0258928	0.00520687
562	2	0.538991	-0.00702728	0.00388528
563	0	0.540355	0.0337185	0.015694
564	0	0.540976	0.0373605	0.0176838
565	0	0.541047	0.160247	0.0538968
566	2	0.54205	0.0913177	0.0245575
567	2	0.542235	-0.0375981	0.00545686
568	0	0.542887	0.0350896	0.00291918
569	0	0.54305	-0.0181526	0.0350006
570	1	0.544468	0.036334	0.00421433
571	2	0.544864	0.08438	0.0299534
572	0	0.547461	-0.0438775	0.0831585
573	0	0.547509	0.0196271	0.108851
574	2	0.547731	-0.00834712	0.0741568
575	0	0.548319	-0.11405	0.0213369
576	0	0.549274	-0.0222026	0.0451045
577	2	0.549453	0.0358914	0.0209617
578	0	0.550374	-0.0190694	0.0294382
579	0	0.553779	0.0756495	0.0459066
580	2	0.555366	0.0194282	0.0334479
581	2	0.555919	0.0672278	0.0229841
582	2	0.558209	0.0393239	0.0777249
583	0	0.558736	0.0510736	0.0997545
584	2	0.559933	-0.0608391	0.0179117
585	0	0.562501	0.0109616	0.0361072
586	0	0.563636	0.0773546	0.0301326
587	0	0.563975	0.0467497	0.0318799
588	2	0.564317	0.0437127	0.00450598
589	0	0.564458	-0.0386248	0.0439257
590	0	0.565572	-0.0165588	0.0714426
591	2	0.566272	0.018571	0.0985266
592	2	0.566355	-0.0306424	0.0159433
593	1	0.567445	0.0281519	0.0539851
594	0	0.569825	-0.032164	0.0146808
595	0	0.570704	0.0194907	0.0189264
596	0	0.571211	-0.0604011	0.0301446
597	2	0.572806	-0.0178729	0.0304841
598	0	0.573874	0.00731325	0.0596557
599	2	0.575094	-0.0136961	0.00544558
600	2	0.575148	-0.0643049	0.0170619
601	1	0.575426	-0.067068	0.150596
602	1	0.577161	-0.0225729	0.0601107
603	1	0.578299	-0.0391976	0.0158259
604	2	0.578797	-0.029116	0.0179934
605	1	0.582318	0.0188107	0.205008
606	0	0.583809	-0.0799499	0.0929051
607	2	0.583869	0.0128794	0.06322
608	1	0.585871	-0.0260874	0.0058871
609	0	0.588624	0.0455445	0.00504941
610	2	0.591958	0.0410673	0.0122456
611	2	0.594484	-0.0319424	0.0338728
612	2	0.595054	-0.128672	0.02682
613	2	0.595459	-0.0223324	0.0352103
614	2	0.602353	-0.0367384	0.0524342
615	2	0.602525	-0.0816335	0.0155172
616	2	0.603343	0.00777322	0.00185119
617	1	0.603627	0.0521757	0.0756208
618	2	0.604973	-0.030176	0.0147207
619	2	0.60527	0.0700512	0.0478936
620	2	0.605582	-0.0486976	0.0443818
621	2	0.606322	-0.0263793	0.0263198
622	2	0.607505	-0.00945922	0.0731165
623	2	0.611427	0.0697567	0.0414204
624	0	0.611551	-0.0701151	2.04365e-05
625	0	0.611956	0.0494397	0.000690554
626	0	0.613235	-0.0111524	0.0444342
627	0	0.615187	0.00615636	0.0125759
628	2	0.616627	0.117997	0.0261199
629	0	0.616638	0.0519855	0.0303325
630	0	0.617491	-0.0323352	0.00664547
631	1	0.617667	-0.126345	0.0257649
632	2	0.620888	0.0138349	0.0777853
633	2	0.621991	-0.0468879	0.0101941
634	2	0.627243	-0.0319125	0.0214372
635	1	0.627558	0.144416	0.0364856
636	2	0.628922	-0.0331639	0.0039588
637	2	0.630392	-0.0107052	0.0320485
638	2	0.630629	0.0254111	0.0476979
639	0	0.630747	-0.0189027	0.00511415
640	1	0.632211	0.0367169	0.00340497
641	0	0.632624	0.0366504	0.0607366
642	0	0.632796	0.0171758	0.0129251
643	2	0.632963	-0.0509814	0.0898143
644	2	0.633179	-0.0205858	0.00536092
645	1	0.633612	0.0474137	0.00433908
646	0	0.633938	0.0527022	0.0238587
647	0	0.634017	-0.0594305	0.00113571
648	2	0.634418	-0.0743787	0.0314687
649	0	0.635316	-0.0324639	0.11815
650	2	0.636859	-0.0687911	0.000738953
651	0	0.637754	-0.0194167	0.0736622
652	2	0.639127	0.0346459	0.0601346
653	0	0.640144	-0.10772	0.00755012
654	2	0.640576	0.0735593	0.00327689
655	2	0.64129	-0.047337	0.0317186
656	2	0.643649	0.0541309	0.0050033
657	0	0.644087	0.0896658	0.0226278
658	1	0.644354	-0.0251365	0.00449379
659	0	0.644586	0.0200641	0.0367569
660	2	0.644799	-0.0346946	0.00495372
661	0	0.644912	0.0282668	0.00479707
662	2	0.645799	0.0236288	0.0190163
663	0	0.648694	0.0700428	0.0564283
664	0	0.649093	0.00707401	0.0118794
665	1	0.651179	0.0942749	0.0895738
666	1	0.651396	0.0145074	0.0520904
667	2	0.651493	0.0255958	0.0342048
668	1	0.653072	0.0672522	0.00352722
669	2	0.653632	-0.0161744	0.071774
670	0	0.656218	0.0107519	0.0619792
671	1	0.656351	0.0336223	0.0504689
672	2	0.65705	0.100812	0.0876878
673	0	0.658681	0.0629715	0.00375554
674	0	0.658969	0.0431941	0.0213927
675	0	0.65923	-0.0374714	0.0213767
676	0	0.660869	-0.0191679	0.0289022
677	1	0.661465	-0.0339706	0.0854611
678	1	0.662734	-0.0162681	0.118302
679	1	0.66689	0.0183622	0.0742934
680	0	0.667975	-0.0557331	0.0584996
681	0	0.667996	-0.0763337	0.0361178
682	1	0.669687	0.0857579	0.0688943
683	0	0.671405	0.0183019	0.0922324
684	0	0.671457	0.0941168	0.0155407
685	0	0.672369	-0.0543682	0.0221128
686	0	0.673938	0.038792	0.0775931
687	2	0.674939	-0.0487819	0.0371228
688	2	0.676388	0.0121162	0.0313699
689	2	0.677586	-0.0117835	0.0474642
690	2	0.679489	0.0130454	0.0217704
691	2	0.681643	-0.0603227	0.0380087
692	0	0.682566	-0.0120173	0.00788809
693	1	0.687304	-0.144833	0.000709726
694	0	0.687561	0.0229713	0.0343503
695	2	0.688378	0.0122648	0.0891177
696	2	0.688667	0.0634327	0.000492496
697	2	0.690042	-0.0549806	0.0275715
698	2	0.690924	-0.020739	0.00019863
699	1	0.691279	0.022375	0.0221205
700	0	0.692185	-0.012172	0.059189
701	0	0.694261	-0.0371552	0.00248208
702	1	0.694712	0.0317763	0.00850415
703	2	0.695648	0.00696654	0.0926243
704	2	0.695745	0.00798138	0.00939247
705	1	0.697586	0.052844	0.067788
706	0	0.699791	0.0739435	0.0182929
707	1	0.701072	-0.060591	0.129746
708	0	0.701866	-0.0351399	0.08883
709	0	0.704621	-0.0249786	0.0179626
710	0	0.705228	-0.058309	0.019809
711	2	0.705251	0.0281236	0.0575403
712	2	0.706344	0.0224899	0.0430534
713	0	0.706502	0.0411983	0.0737581
714	0	0.706616	0.0199941	0.0337049
715	1	0.706702	0.0333588	0.0522334
716	0	0.70862	-0.0142739	0.0297867
717	0	0.709078	0.0698736	0.000188151
718	1	0.709334	0.0707656	0.0863002
719	2	0.709424	0.00537363	0.048183
720	1	0.70944	-0.0160684	0.00501424
721	2	0.710135	0.0469297	0.025058
722	1	0.713503	-0.0652138	0.0165515
723	0	0.713759	-0.0852957	0.0144751
724	2	0.715126	0.0676385	0.0389386
725	1	0.715187	0.0343445	0.0231708
726	0	0.715303	0.0107133	0.00187579
727	2	0.716965	-0.0400514	0.0253092
728	0	0.717476	0.0184552	0.0453529
729	0	0.717629	0.0334116	0.0764821
730	2	0.717949	-0.0116897	0.0245166
731	2	0.719729	-0.0750434	0.0528113
732	2	0.72107	0.0145537	0.0190726
733	0	0.722414	0.0517224	0.0894314
734	2	0.722486	-0.0309033	0.0309176
735	0	0.722553	0.0310762	0.0209151
736	0	0.723776	-0.0501491	0.0298567
737	0	0.723962	-0.0687364	0.0525704
738	2	0.724299	0.0221183	0.00154116
739	1	0.724816	-0.0221147	0.0107392
740	2	0.726208	0.0078018	0.00128911
741	1	0.727016	-0.0591269	0.0113041
742	0	0.727066	0.0166849	0.0470634
743	2	0.729458	-0.0328338	0.0024698
744	1	0.729774	0.0375984	0.0956229
745	1	0.73385	0.0779772	0.0195458
746	2	0.737045	-0.0457054	0.0661569
747	1	0.737773	0.0284721	0.0309694
748	0	0.738959	0.0421851	0.0793339
749	0	0.739041	0.0837355	0.098595
750	0	0.740101	-0.0248489	0.00913894
751	0	0.740582	0.0312005	0.0848142
752	0	0.742542	-0.104831	0.0388605
753	1	0.743186	0.0910683	0.14644
754	1	0.743992	-0.0103551	0.0398377
755	0	0.745311	-0.00895173	0.0503124
756	0	0.745754	0.0169357	0.0891255
757	2	0.746936	0.0487995	0.0762619
758	2	0.747307	-0.0163146	0.004755
759	2	0.749547	0.00612119	0.0206348
760	2	0.751793	-0.0847052	0.00143274
761	0	0.751942	0.017166	0.00904628
762	0	0.752412	-0.0469594	0.0311005
763	2	0.754311	-0.0107349	0.0396079
764	2	0.755844	0.0165727	0.0833668
765	2	0.756318	0.0178027	0.0326363
766	1	0.756569	-0.040805	0.0362426
767	1	0.757692	-0.124961	0.0781534
768	0	0.759439	-0.00626584	0.0472921
769	2	0.759543	0.0691257	0.0951049
770	2	0.759623	0.0202652	0.0877678
771	0	0.762426	0.0177699	0.00465376
772	0	0.764947	-0.106464	0.0216955
773	0	0.768536	0.0393135	0.00270762
774	1	0.768574	-0.0406045	0.0651008
775	2	0.769248	0.0363208	0.022242
776	2	0.770661	0.0455084	0.0656958
777	2	0.771095	0.0666878	2.36049e-05
778	0	0.772101	-0.0999236	0.0332098
779	1	0.772209	-0.0294092	0.140839
780	2	0.77231	-0.0323424	0.0617307
781	2	0.77337	-0.0322146	0.0507867
782	1	0.774619	0.194724	0.0288162
783	1	0.77576	0.0776065	0.0220266
784	2	0.775777	0.032547	0.0208935
785	2	0.777705	-0.0428449	0.0580147
786	0	0.778159	0.0275048	0.122448
787	2	0.778759	0.0955936	0.0877949
788	2	0.778821	0.113246	0.0348912
789	1	0.779206	-0.0195756	0.0371803
790	0	0.779713	-0.0466407	0.0611982
791	2	0.780863	0.0144678	0.006114
792	0	0.781515	0.0244789	0.0884582
793	0	0.782663	0.035206	0.00459697
794	2	0.785995	-0.0208615	0.0241966
795	1	0.78735	0.0411518	0.00739942
796	1	0.788159	-0.0355643	0.0271347
797	0	0.789258	0.0368289	0.0904479
798	0	0.791371	-0.00742368	0.0494739
799	0	0.795509	0.0259481	0.00902636
800	0	0.79557	-0.0345767	0.00227856
801	2	0.799306	0.0286647	0.118256
802	2	0.803826	0.0445129	0.0330791
803	2	0.804069	-0.0103904	0.00457066
804	0	0.804124	-0.0584324	0.046109
805	0	0.804972	-0.0569669	0.0429759
806	0	0.806129	0.0175512	0.0259273
807	2	0.807015	0.050154	0.0155949
808	0	0.807595	0.0578939	0.0191929
809	2	0.808024	-0.0288352	0.039999
810	2	0.808944	-0.0554502	0.0695417
811	2	0.809523	0.074169	0.0221445
812	2	0.809554	0.0115758	0.0793033
813	2	0.809985	0.0442825	0.0232201
814	2	0.810766	-0.015232	0.0137781
815	2	0.81102	0.0173953	0.0440467
816	0	0.811129	0.00616251	0.0809415
817	0	0.811499	0.0221392	0.00644437
818	1	0.812049	-0.0542461	0.0785663
819	2	0.812566	0.0141451	0.00751469
820	0	0.8129	-0.0744104	0.00223728
821	2	0.814127	-0.0277769	0.00163864
822	1	0.815785	-0.0168645	0.00522207
823	1	0.817973	0.0430352	0.0840424
824	0	0.818054	-0.040339	0.0279353
825	1	0.818056	-0.088323	0.00837986
826	2	0.818375	-0.0341747	0.0187638
827	1	0.819368	-0.138609	0.00690058
828	0	0.819719	0.0254527	0.0321638
829	0	0.819899	0.0949881	0.0246225
830	2	0.823098	-0.0167742	0.0206413
831	2	0.82372	0.0391602	0.0775798
832	2	0.824262	0.011828	0.0256578
833	0	0.826054	-0.0181692	0.0148557
834	2	0.826289	-0.0376072	0.0257236
835	0	0.826635	0.0152939	0.0216821
836	0	0.827162	-0.0495738	0.0618338
837	2	0.829056	-0.12438	0.0207562
838	0	0.829518	0.045083	0.0265404
839	1	0.830525	-0.158245	0.0921095
840	1	0.830972	0.0440659	0.0938318
841	0	0.833366	0.0514901	0.00460903
842	0	0.833734	-0.0378858	0.0145721
843	2	0.834428	0.039816	0.0586582
844	0	0.835597	-0.0376368	0.0170942
845	2	0.836648	0.03652	0.0388703
846	2	0.836869	-0.0182521	0.0229877
847	0	0.83707	-0.0998301	0.00590508
848	0	0.838597	-0.00521313	0.064184
849	2	0.838773	0.0637205	0.0336848
850	0	0.840344	0.0396476	0.0361939
851	1	0.840733	-0.0322297	0.0141397
852	1	0.842074	-0.0957988	0.0479299
853	0	0.845953	-0.070576	0.102892
854	0	0.84658	0.0184302	0.0913709
855	2	0.847892	-0.0354247	0.0279
856	0	0.848715	-0.0676252	0.0432868
857	0	0.851849	0.0284052	0.0177132
858	0	0.85199	0.022177	0.0149632
859	2	0.852054	-0.0218579	0.0572052
860	2	0.85225	0.0339062	0.0902161
861	2	0.852842	-0.0314724	0.0323474
862	0	0.85334	-0.0571476	0.00458683
863	1	0.853906	-0.0931535	0.123418
864	1	0.854589	-0.0563808	0.0690324
865	1	0.854934	-0.0645009	0.0627028
866	2	0.856831	0.027659	0.095981
867	0	0.861399	0.0190763	0.0356227
868	2	0.8628	-0.0369799	0.00509833
869	2	0.863364	0.0424267	0.0589348
870	2	0.865067	-0.0182218	0.0203196
871	0	0.867242	0.0203035	0.0500461
872	2	0.869466	0.00582844	0.0121555
873	0	0.869683	-0.0705791	0.0120405
874	2	0.871278	0.0104311	0.121458
875	0	0.875208	-0.0820531	0.00500332
876	0	0.875353	0.0382959	0.0399843
877	0	0.876373	-0.0154073	0.0215662
878	2	0.877517	0.0357681	0.0353786
879	2	0.879694	0.0123004	0.0802798
880	1	0.88068	0.0504162	0.02603
881	2	0.88077	-0.0197992	0.123811
882	2	0.886927	-0.00859704	0.0439123
883	0	0.890154	0.112667	0.00252506
884	2	0.892088	-0.0527775	0.0134707
885	1	0.892276	-0.0340195	0.0625117
886	2	0.892316	0.0243997	0.0312302
887	2	0.893067	-0.0112485	0.042173
888	0	0.897247	0.0569258	0.0213505
889	0	0.897255	0.0375793	0.0220948
890	1	0.899089	-0.0849371	0.0742909
891	1	0.900671	-0.0909015	0.0124342
892	0	0.900704	-0.0265829	0.000273864
893	1	0.901573	-0.0186722	0.0420894
894	0	0.901981	-0.063817	0.0110353
895	0	0.903595	-0.0259953	0.00391997
896	1	0.903845	-0.021358	0.0234887
897	0	0.904691	0.00659846	0.0293299
898	0	0.90605	-0.0383565	0.0239925
899	2	0.906689	-0.0447685	0.012588
900	2	0.907036	0.0216468	0.0125939
901	1	0.907414	0.0988781	0.0671236
902	2	0.907436	0.0294531	0.080175
903	2	0.908185	0.0330734	0.00165849
904	2	0.908669	0.0254538	0.0212674
905	0	0.908761	0.052516	0.0134666
906	1	0.908854	0.0826325	0.0176382
907	2	0.91003	0.0219928	0.003622
908	0	0.910183	0.0308289	0.0518865
909	2	0.910629	0.0151062	0.0422762
910	2	0.911529	-0.0728482	0.0317815
911	0	0.911815	-0.040725	0.0547063
912	2	0.912145	0.0771605	0.0377787
913	0	0.914542	-0.0521795	0.00263707
914	2	0.914725	0.0642306	0.0749472
915	0	0.918845	0.0740284	0.0890262
916	2	0.918953	0.103673	0.00605458
917	0	0.919515	-0.0368388	0.00184357
918	2	0.922155	0.00890123	0.0602692
919	1	0.922413	0.0564473	0.0310955
920	0	0.923183	0.0566327	0.0196496
921	2	0.923216	-0.0227482	0.0559575
922	0	0.923239	-0.054867	0.0138154
923	2	0.924115	-0.0472952	0.0616933
924	2	0.924625	0.0224225	0.0392292
925	2	0.925045	-0.0154683	0.0377977
926	1	0.925906	-0.0768005	0.0840502
927	0	0.926013	-0.073718	0.0254839
928	0	0.926417	0.0509598	0.0395949
929	2	0.926664	-0.0390838	0.080778
930	0	0.926764	0.0235353	0.0415032
931	0	0.927438	-0.0100221	0.00567396
932	1	0.928812	-0.069271	0.082822
933	1	0.9295	0.0477734	0.079603
934	2	0.930138	-0.0450475	0.0665594
935	2	0.932811	-0.0371864	0.0820011
936	1	0.932989	0.0994243	0.113252
937	2	0.933866	0.0265633	0.0278389
938	1	0.93504	-0.0874526	0.0737885
939	0	0.935525	-0.0925346	0.0403129
940	0	0.937402	0.00956309	0.0455816
941	2	0.938319	0.0562129	0.00934925
942	0	0.938581	-0.00966336	0.0666812
943	0	0.940316	0.0529167	0.00987935
944	1	0.941539	0.128047	0.0655787
945	2	0.94426	0.00851194	0.062867
946	2	0.944873	0.0579506	0.0297086
947	1	0.945191	-0.0423035	0.0431422
948	0	0.945866	0.00718469	0.0624332
949	1	0.946845	0.0347409	0.0136359
950	0	0.9471	-0.0174436	0.0795103
951	2	0.94815	-0.0302326	0.0318486
952	0	0.950881	0.0536044	0.0459006
953	2	0.951931	0.145603	0.0541983
954	1	0.953097	0.124658	0.0305493
955	0	0.953521	-0.0414132	0.0439947
956	2	0.953589	0.0666102	0.0392037
957	1	0.954724	0.0347902	0.196672
958	0	0.954739	-0.0407056	0.0435744
959	0	0.955079	0.0302521	0.0302308
960	1	0.955099	-0.031681	0.16419
961	0	0.958657	-0.0168393	0.168379
962	1	0.95876	0.0462899	0.00163318
963	2	0.959291	-0.046491	0.0273497
964	2	0.959391	-0.0361309	0.0290509
965	2	0.960868	-0.0413344	0.0378113
966	2	0.961182	-0.0471201	0.0979287
967	0	0.961476	-0.0235893	0.0571505
968	0	0.962064	-0.0359289	0.0620455
969	2	0.962854	-0.0399109	0.0220196
970	2	0.963176	0.0446385	0.0105702
971	0	0.96371	0.0241783	0.0424923
972	0	0.965402	0.011083	0.0305358
973	1	0.96853	-0.0777712	0.0279016
974	2	0.969439	-0.0121001	0.0894521
975	0	0.970227	-0.0713475	0.0465031
976	2	0.971361	-0.00780384	0.0105013
977	0	0.971748	0.015178	0.00515368
978	1	0.972207	-0.129943	0.0735997
979	2	0.973712	0.0374379	0.0457819
980	0	0.974852	0.0221821	0.019249
981	0	0.976353	-0.0836809	0.0742197
982	0	0.978305	-0.0295234	0.0254331
983	1	0.979105	0.0691177	0.0525484
984	0	0.979926	-0.0195758	0.0172963
985	0	0.980095	0.0186356	0.0429746
986	2	0.981999	0.0220379	0.00819749
987	2	0.983123	0.113619	0.0286867
988	1	0.983929	-0.0668209	0.0336792
989	1	0.98702	0.0269167	0.0865268
990	2	0.987091	-0.0277129	0.0547995
991	0	0.989735	-0.041631	0.0538834
992	2	0.98992	0.0352635	0.0929936
993	1	0.992741	-0.027877	0.0266639
994	0	0.993956	-0.100203	0.00822864
995	2	0.995775	0.00363065	0.0079327
996	1	0.997301	0.0298302	0.0103211
997	2	0.997624	0.01207	0.00943322
998	0	0.998486	0.0144526	0.0737648
999	2	0.99904	-0.0186981	0.0268789
1	46	0.0219797
9	701	-0.0223867
9	629	0.0436725
12	865	0.0781456
12	151	-0.019498
12	668	0.0384092
12	947	-0.0311674
12	938	0.0282507
12	328	-0.0156855
12	112	0.0615889
12	631	-0.0456244
12	753	-0.0558086
12	308	-0.0428801
12	789	0.0638083
12	501	-0.0416647
12	177	-0.0303882
12	449	-0.0440414
12	722	-0.0434645
12	936	0.0277356
12	739	-0.0290336
12	901	-0.0283222
12	364	0.066189
12	391	-0.0613941
12	973	-0.0288761
12	124	0.0297576
12	467	-0.0360755
12	160	0.0266291
12	277	0.040804
12	246	-0.0347528
12	702	0.0564752
14	751	0.0189251
14	463	0.0236523
16	753	0.0587319
16	722	-0.0298117
16	31	-0.0291875
16	678	0.0167682
16	839	0.0513991
16	499	-0.0257733
17	71	-0.0433775
17	376	-0.0177078
17	139	-0.0175424
20	501	-0.0490311
20	412	-0.0525413
20	500	0.0397027
20	851	-0.0880811
20	45	-0.0335851
21	72	-0.0289613
21	208	-0.0215776
21	877	-0.0299765
21	841	0.0341785
21	332	-0.0431131
21	327	0.0590924
21	905	-0.0286859
23	754	0.0409567
23	936	-0.0330483
23	901	-0.0239136
23	231	0.0526624
25	397	0.00363909
31	294	-0.0321478
31	823	-0.0286399
37	204	-0.0237237
37	271	-0.0422018
37	89	-0.0292088
38	84	-0.0334812
38	514	0.0104641
39	362	-0.012736
41	20	0.024769
41	308	-0.0531687
41	436	-0.0317975
41	996	-0.0427768
41	603	0.0733039
43	626	-0.0188233
43	670	0.0486178
49	551	-0.0272378
49	676	-0.023455
49	761	-0.0210811
49	30	-0.00586366
49	897	0.0318885
51	835	0.0322213
51	639	0.0368728
51	931	0.00918741
51	68	0.028147
51	1	-0.0412112
51	427	0.0273068
51	663	0.0214469
51	182	0.0159602
51	836	0.0290744
51	383	-0.0371525
51	3	0.017052
52	300	0.0236349
58	911	0.024475
58	487	0.0330294
58	768	0.0686735
58	598	0.0337653
58	922	-0.0245384
59	509	0.0393999
59	948	-0.037507
64	428	-0.0440793
68	217	-0.0554511
68	335	0.0452247
68	145	-0.0229239
71	87	0.033091
71	894	0.0196485
71	147	-0.0209913
72	850	0.0296666
72	518	-0.0485037
72	762	-0.012496
80	143	0.0442374
80	529	-0.0644313
80	153	-0.0246696
80	27	-0.0221492
80	532	-0.0113733
83	828	-0.0397595
84	271	0.0210649
86	873	0.0191385
87	982	0.0261818
109	0	0.0383903
112	631	-0.0380634
112	0	0.011911
112	605	-0.0383565
112	741	-0.0484926
112	484	0.0266049
112	128	-0.0418395
112	126	-0.056157
115	508	-0.0142536
115	453	-0.0398063
115	119	-0.0498948
115	682	-0.0458633
115	767	-0.058487
115	309	-0.0701429
115	336	0.020122
115	109	0.037187
115	0	0.0255786
117	294	0.0389286
117	52	0.0694082
117	983	0.0563423
119	524	-0.0543169
119	744	0.0297554
119	392	0.0595907
120	21	-0.0184789
120	249	0.0257419
120	898	-0.031015
120	86	-0.0170846
120	442	0.0325836
120	82	-0.0492344
120	959	0.0356506
120	518	-0.0198517
123	117	0.054047
123	501	0.0422763
123	707	0.0453621
123	890	0.0445731
123	368	-0.0229444
123	996	0.0238453
123	919	-0.0471392
123	92	-0.0213882
127	659	-0.0273315
127	729	0.0393448
127	804	0.0848259
127	563	-0.0290191
127	943	0.0505015
132	37	-0.040815
132	568	0.0119165
132	1	0.0165079
132	240	-0.0318046
132	751	0.0278625
133	82	-0.0223334
137	127	0.0154603
137	417	0.0116063
137	856	-0.0275722
137	675	-0.0240235
137	841	-0.0480331
137	22	-0.0212388
137	332	0.0161227
137	985	-0.0118344
137	221	-0.0242605
138	706	-0.0367404
138	68	0.00998842
138	673	-0.0266768
138	598	-0.0193656
138	981	0.0300194
138	61	-0.0196584
138	221	-0.0350746
138	483	0.045265
139	459	-0.0235446
140	182	0.0185974
143	898	0.0181546
143	517	0.0513448
146	294	0.0240434
148	378	-0.0385953
148	931	0.0158194
148	841	-0.0356459
148	324	-0.0139648
151	668	-0.0331669
151	328	0.0918868
151	880	-0.0269895
151	16	0.0385839
151	508	-0.0522663
151	293	0.028579
151	546	0.0514464
151	23	0.0390417
151	520	0.022742
151	307	0.0504105
151	666	0.0400447
151	767	0.0284007
151	276	-0.0624858
151	677	-0.0278
151	605	0.0875753
151	823	0.0662054
151	264	-0.016616
151	782	-0.0264819
151	693	0.0199491
151	705	-0.0357546
151	852	0.0666267
152	249	-0.0251241
152	414	-0.0686075
152	378	-0.0411949
152	680	0.0309913
152	761	0.0288269
152	867	0.0546583
152	302	-0.0255998
153	579	0.0251888
153	701	-0.0195971
154	627	-0.0193857
158	824	-0.023416
158	675	0.0189796
158	708	0.0254452
158	335	0.0325893
160	635	-0.0643831
174	475	-0.0158866
174	931	-0.0354465
174	709	-0.0249172
174	842	0.0370566
174	64	0.0170476
177	890	-0.0233649
178	949	0.0145782
179	673	-0.0347415
179	216	0.0188528
179	646	0.0215054
179	452	-0.00923714
184	93	0.0262942
185	570	0.0300353
185	391	-0.0523806
185	135	0.0575824
186	379	-0.0344756
186	783	-0.0318328
191	977	0.0250429
191	629	0.0201905
199	442	-0.0296567
199	804	0.0140166
199	166	-0.0254215
200	403	0.0111307
200	749	-0.0158565
200	127	0.0279812
200	120	-0.0109036
200	971	0.0287897
200	414	0.0438472
200	174	0.0342155
200	290	0.0129322
200	474	-0.0171017
200	522	-0.0229625
200	184	0.0494442
200	930	-0.0231827
200	694	-0.0355242
200	344	0.0269078
208	442	-0.0279614
208	680	0.00801417
208	853	-0.0281867
208	942	0.0309425
214	175	-0.0194946
215	836	-0.0654727
216	427	-0.0273359
216	871	-0.0250482
217	215	-0.0336479
219	418	0.0404716
219	587	0.0386459
219	952	0.0251102
219	575	0.0485846
219	351	-0.0551959
219	800	0.019551
219	398	-0.0157516
219	908	-0.0159862
219	515	-0.0201343
219	241	0.0262459
219	844	0.0442091
219	360	0.0193496
219	808	-0.026914
219	674	-0.0154824
219	729	0.0166451
219	191	0.0268171
219	330	-0.0178132
219	539	0.0335976
219	329	-0.0447192
219	975	0.0339762
219	435	0.0199972
219	955	0.0208123
219	1	0.0207262
219	199	-0.0291931
219	83	-0.0349361
219	554	0.0473972
219	311	0.0210609
219	14	-0.0218872
219	768	-0.0182444
219	382	-0.0184571
219	681	0.0692803
219	717	0.0453509
219	649	-0.0394995
219	981	-0.0219793
219	817	0.0166724
219	271	-0.0299361
219	858	-0.0973138
219	61	0.0102952
219	555	0.00920014
219	755	-0.0249435
219	452	-0.0285306
219	686	-0.0318214
219	541	-0.0308004
219	596	-0.0365939
219	595	-0.0210013
219	105	0.0417234
219	202	-0.0201504
226	379	0.0408033
226	678	-0.0619222
226	741	-0.0328416
226	246	-0.0791885
227	39	-0.0231523
227	265	0.0348786
228	858	0.0159555
237	928	-0.0391204
237	74	0.0368294
240	39	0.0111485
241	120	-0.0307138
241	321	-0.0250518
241	58	0.0231391
241	153	-0.035407
241	509	0.0490798
241	216	-0.026468
241	228	0.0356434
241	352	0.0209862
241	586	-0.0209762
241	203	-0.0284295
241	651	-0.023951
244	124	0.0579532
249	158	0.0352357
249	709	-0.0372133
249	265	0.0252329
249	382	-0.0543091
249	681	0.0201676
249	371	0.0193139
253	880	-0.0696081
253	123	0.0331609
253	960	-0.0533729
253	570	0.0173711
253	177	0.045138
253	890	-0.0602237
253	754	0.0604554
253	896	0.0289879
253	309	0.0162998
253	340	-0.0364763
265	713	0.0471272
269	828	-0.00957795
272	133	0.0161624
272	972	0.0354584
272	47	0.0257363
272	728	-0.0139554
276	679	0.0239454
276	503	-0.0310775
285	972	-0.0509325
285	382	-0.0263702
285	535	0.0357298
290	898	-0.031924
290	8	-0.0134789
290	609	-0.0197129
293	919	0.0607913
293	720	0.0254473
293	962	-0.0409668
304	148	-0.0374499
304	143	0.017466
304	940	-0.00807521
304	568	-0.0229126
304	86	0.0118491
304	737	0.0250009
304	281	0.0183556
304	685	0.0159268
306	211	0.045277
307	478	-0.0236105
308	449	0.0702389
308	336	0.0235864
308	490	-0.0598219
309	484	0.0263978
315	154	0.0540718
320	351	-0.0365368
320	138	-0.0392639
320	684	-0.0277777
320	158	-0.020444
320	808	0.0377524
320	736	0.0192648
320	564	0.033291
320	661	-0.0270796
320	329	0.00762969
320	516	0.0387605
320	975	0.0239379
320	709	-0.027535
320	153	-0.0442413
320	59	-0.0318274
320	554	0.0228064
320	184	0.0307335
320	22	-0.0232467
320	817	0.0254672
320	895	0.0133818
320	876	0.0181724
321	17	-0.0193612
321	530	-0.0121027
321	215	-0.0293675
321	716	0.042683
322	501	0.0370884
322	449	-0.0206514
322	679	-0.0266366
322	336	-0.0352625
326	594	0.00993182
326	200	-0.0346894
326	403	-0.0443064
326	908	0.0487954
326	138	0.0326807
326	51	0.024414
326	749	0.0192931
326	321	-0.0187395
326	148	-0.046871
326	684	0.0181576
326	360	0.0354615
326	573	0.026585
326	551	0.0447441
326	529	-0.0208694
326	940	0.0276672
326	329	0.00795333
326	516	0.0364858
326	673	0.0372365
326	366	-0.0157522
326	898	-0.0203721
326	521	-0.0487543
326	86	-0.0215146
326	578	0.0169844
326	331	-0.0323975
326	968	0.0165359
326	928	-0.0256855
326	888	-0.0283134
326	768	-0.0147785
326	353	0.0122012
326	25	-0.0193149
326	140	-0.037411
326	9	0.0362333
326	833	0.0294212
326	480	0.0700855
326	984	0.0205703
326	79	-0.018816
328	617	0.0364226
328	293	-0.0672925
328	226	-0.0277482
328	896	0.0541581
328	739	0.0849799
328	364	-0.0365793
328	391	-0.029036
328	818	-0.0633984
329	315	0.0276054
331	913	-0.0129456
331	716	-0.0349966
340	795	-0.0415551
343	774	0.0257852
351	137	0.030346
351	148	0.0102221
351	684	-0.0359616
351	816	-0.0377851
351	793	0.0525357
351	955	-0.0163993
351	708	0.0182826
351	487	-0.0276899
351	376	-0.0303511
351	355	-0.0310935
351	281	-0.0274122
351	663	-0.0188993
351	748	0.0186651
351	959	0.0338573
351	327	-0.0134295
351	362	0.0450544
351	284	0.0295469
352	598	0.0329929
353	681	-0.0132106
355	950	0.0230725
359	231	-0.0233789
359	135	0.0396246
360	729	0.0417562
360	661	0.0392997
360	184	0.0258642
360	641	0.035835
364	796	0.0262345
364	747	0.0427961
366	532	0.0213415
366	980	-0.0265625
366	853	-0.0314251
366	198	0.0332801
368	500	-0.0518296
368	783	0.0229825
378	302	-0.00639185
378	443	0.0334974
384	885	0.0585706
386	553	0.00990466
398	51	-0.0207449
398	778	0.0375091
398	824	-0.0353577
398	940	-0.0555241
398	68	0.032743
398	911	0.0257352
398	487	0.00787717
398	928	0.0423955
398	386	-0.0115059
398	876	-0.0208865
398	65	0.0223089
398	170	0.0786678
398	857	-0.0259093
399	64	-0.0299354
399	22	-0.0268272
399	663	0.0322563
399	920	-0.00719202
399	69	-0.0269399
401	880	0.0616513
401	112	0.0301773
401	453	-0.0323647
401	308	-0.0481407
401	570	-0.051923
401	739	-0.0698478
401	343	-0.0254505
401	340	-0.0531494
401	933	0.0942382
401	60	0.0262962
401	261	0.0626431
401	962	0.0486053
403	908	-0.0232035
403	706	0.0214037
403	158	0.033687
403	808	-0.0170782
403	290	0.018617
403	482	-0.0282668
403	578	-0.0122674
403	306	-0.0342389
403	768	-0.0257442
403	27	-0.0252053
403	569	-0.0174162
403	259	0.05885
412	500	0.00875453
412	60	-0.0278892
414	808	-0.0195899
414	529	-0.0232068
414	462	-0.015217
414	424	0.0557859
417	856	-0.0310146
417	228	0.0491357
417	139	0.0101106
417	828	-0.0414825
417	512	-0.01561
418	594	0.0409623
418	952	0.0716646
418	320	0.0376303
418	351	0.017473
418	200	0.0558368
418	800	0.0181587
418	403	-0.0250738
418	398	0.0230897
418	589	-0.0605367
418	908	0.0141615
418	137	-0.0362024
418	158	-0.0390707
418	573	-0.0235178
418	49	0.0319927
418	642	0.0217198
418	417	0.0244283
418	80	0.0119065
418	527	0.00824746
418	191	0.028832
418	940	-0.0415788
418	330	-0.0344947
418	72	0.0283817
418	154	0.0272355
418	994	-0.017711
418	626	-0.0182632
418	928	0.0529775
418	254	-0.00855384
418	586	-0.00522385
418	210	0.0425724
418	61	-0.0412066
418	714	0.0209283
418	950	-0.0309732
418	465	-0.0252364
418	653	-0.0188816
426	112	0.0256521
426	41	0.0946628
426	501	-0.0303824
426	552	0.0483062
426	671	0.0220337
426	524	0.0196929
426	52	-0.0367663
434	723	-0.0390642
434	219	0.0352097
434	326	0.028706
434	418	0.0247704
434	752	0.0316465
434	320	-0.0579945
434	200	-0.0402279
434	800	-0.0254393
434	515	-0.0525843
434	127	-0.0273954
434	771	-0.0276507
434	152	-0.0434671
434	706	-0.0248924
434	158	0.0513133
434	49	0.035948
434	642	0.0414606
434	174	0.0264573
434	58	0.0545744
434	482	0.0535177
434	17	-0.0173326
434	378	0.0648901
434	673	0.0144197
434	315	-0.01317
434	892	-0.0197291
434	675	0.0560105
434	462	0.0365541
434	38	0.0358688
434	487	0.0216509
434	43	0.0231308
434	948	-0.0456616
434	442	-0.0131433
434	842	0.0322022
434	427	0.0039428
434	39	-0.0320182
434	217	-0.0202784
434	133	0.04067
434	376	0.0405047
434	850	0.0458302
434	626	0.0299592
434	913	0.0198665
434	311	-0.0347305
434	306	0.0383733
434	14	0.063076
434	215	-0.0321311
434	750	-0.0224526
434	742	-0.0247213
434	817	-0.0269612
434	664	-0.0215591
434	362	-0.0380157
434	858	0.0356295
434	798	0.0189932
434	833	-0.0307611
434	569	0.0155532
434	74	0.0210277
434	805	0.0484526
434	274	-0.020338
434	553	-0.0238704
434	838	-0.0305304
434	299	0.00844524
434	102	-0.037804
435	82	-0.0215091
435	895	-0.0143803
436	186	0.0397687
436	409	-0.0379707
449	307	-0.036212
453	119	-0.0448069
453	343	-0.0542
461	160	0.0634449
462	948	0.0257918
462	305	-0.0259123
474	755	0.0993287
475	512	0.0381334
482	86	-0.0299567
482	83	0.0399541
482	867	-0.0235083
482	980	-0.02049
496	12	-0.0513101
496	954	-0.0284603
496	947	-0.0269537
496	938	-0.0480764
496	253	0.0231997
496	880	-0.0092542
496	16	0.0248365
496	20	-0.0468747
496	631	0.0698298
496	528	-0.0260292
496	185	-0.011275
496	707	0.0369393
496	412	-0.0474154
496	602	0.025695
496	500	-0.0151808
496	679	0.0393289
496	379	0.0235773
496	524	0.0183725
496	109	0.0360961
496	135	0.0327756
496	540	-0.0175151
496	339	-0.033801
496	693	-0.0471773
496	261	0.0320355
496	472	-0.073133
496	852	-0.0362255
496	164	-0.0261963
496	601	-0.0388841
496	718	-0.0488756
501	682	0.0167848
508	960	0.0394744
508	185	0.051213
508	31	0.0191279
508	906	0.0305722
508	336	-0.0314475
508	124	-0.0625743
508	851	0.0235933
509	680	-0.0382978
509	350	-0.0198787
509	281	-0.0322715
515	729	-0.0503982
515	179	-0.0662703
515	17	-0.0357191
515	940	-0.0191804
515	153	0.0166965
515	366	0.0275432
515	948	-0.0454027
515	285	-0.0360518
515	530	-0.0289786
515	254	0.0470091
515	93	0.0199597
515	243	0.0196658
515	799	-0.020581
515	235	-0.0222694
516	948	-0.0348346
516	626	-0.0223749
516	64	-0.0387236
516	47	0.0436583
517	683	0.0228978
517	397	0.0361492
520	484	-0.0442605
520	45	0.0294263
521	522	-0.0414519
521	895	0.0128575
527	639	0.0434517
527	329	0.0336541
527	888	-0.017321
527	440	0.0536381
528	753	0.0246352
528	520	-0.0406458
528	31	0.0263514
528	340	-0.0415994
528	461	-0.0327454
528	827	-0.0345654
529	59	-0.0149601
529	533	0.0354552
539	967	0.0437018
539	959	0.0467532
545	658	-0.0322294
546	766	-0.118085
547	645	-0.0102835
547	12	0.0518155
547	865	0.0505474
547	668	0.0231754
547	593	0.0521608
547	938	0.0527158
547	253	0.0464733
547	16	-0.0258299
547	41	0.020348
547	840	0.0285151
547	617	0.042601
547	631	0.0429532
547	453	0.0575284
547	322	0.0334148
547	753	-0.0370072
547	117	-0.0591936
547	501	0.0260673
547	707	0.0337926
547	546	0.0293398
547	177	-0.0359877
547	226	0.0310286
547	754	0.0298084
547	368	-0.0192839
547	957	0.126046
547	146	-0.0547123
547	384	0.0854123
547	187	-0.0368092
547	699	0.0356953
547	312	0.0468414
547	53	0.0440761
547	745	-0.0320877
547	357	0.0298898
551	237	-0.00817726
551	521	0.0256783
551	563	-0.0324985
551	977	0.0156718
551	915	0.015765
552	307	-0.0229147
552	231	0.0338837
552	294	-0.032242
554	22	0.0393301
564	717	0.0295106
564	624	-0.0199546
564	371	-0.0245693
568	670	-0.0302969
568	506	-0.0374677
570	359	-0.0461179
570	520	-0.0415823
570	602	0.0576921
570	523	-0.0459258
572	848	-0.0411043
572	360	0.0434496
572	573	0.0398269
572	143	-0.046766
572	227	0.0351574
572	240	0.0265329
572	649	-0.0654233
572	930	0.0227709
572	471	-0.0167849
572	213	-0.0202689
572	625	-0.0301309
573	482	-0.0118119
573	877	-0.0241196
573	804	-0.0353564
573	984	0.0184717
575	398	0.0252314
575	304	0.0317872
575	360	-0.0281883
575	642	-0.034352
575	736	0.0256878
575	659	0.029315
575	191	-0.014854
575	330	-0.0469925
575	329	-0.0516856
575	709	-0.0687846
575	37	-0.0214346
575	474	-0.0185427
575	579	0.0273211
575	355	0.027437
575	790	-0.0287828
575	670	0.0398543
575	204	-0.0427854
575	792	-0.0212749
575	428	-0.0375715
575	327	0.0554478
575	150	0.0360564
575	175	0.0347326
575	203	0.0499806
575	337	-0.0461546
575	255	-0.0413794
575	735	0.0395414
578	842	-0.0281305
578	670	0.0177089
587	351	0.0282337
587	200	-0.00873345
587	800	-0.0206825
587	403	-0.0188214
587	51	-0.0500411
587	572	0.0218727
587	137	0.043617
587	127	0.0120049
587	848	0.0387619
587	321	-0.0263575
587	143	-0.0258362
587	661	-0.0282931
587	378	0.0216161
587	539	-0.0353072
587	399	-0.0226096
587	315	-0.0384931
587	676	0.0259572
587	627	0.0358877
587	306	-0.0140806
587	424	0.0217126
587	25	-0.0309959
587	991	-0.0238019
587	728	0.0429121
587	980	-0.0161802
587	958	0.0290959
587	700	-0.0277758
587	388	-0.0134683
587	576	-0.0316656
587	32	-0.0197923
587	504	-0.0143769
589	908	0.0189725
589	138	0.0207058
589	120	0.030837
589	21	-0.0276508
589	642	0.0223612
589	975	0.0295201
589	898	0.0250652
589	517	0.0218737
589	579	0.0113482
589	713	-0.0425249
589	269	-0.0354511
589	805	-0.0407755
589	806	0.0213663
593	926	-0.0315244
593	880	-0.0222975
593	322	-0.0359847
593	185	0.068469
593	896	0.0398749
593	359	0.0460648
593	368	-0.0442058
593	906	-0.0296286
593	309	-0.0483803
593	244	-0.0748422
593	822	0.0510308
593	261	0.0389737
593	467	0.0118462
593	245	0.0465836
593	420	-0.0607434
593	863	0.0769729
593	493	-0.0690987
593	779	0.0270814
594	952	0.0286781
594	403	0.0405815
594	138	0.0267722
594	572	-0.0245825
594	749	0.015343
594	127	-0.00557721
594	844	-0.0197316
594	152	-0.022624
594	414	-0.0279497
594	573	-0.0190899
594	808	-0.0367738
594	816	-0.0314252
594	892	0.028626
594	939	0.0337914
594	154	0.0180757
594	227	-0.0393025
594	474	0.0418584
594	742	0.023615
594	274	-0.0258338
594	714	-0.0207002
594	89	0.0159366
594	535	0.0481999
594	905	-0.0419606
594	170	0.0197239
594	998	0.0109626
606	434	0.0588042
606	723	-0.0431072
606	219	0.0294075
606	326	-0.0214674
606	418	-0.0324963
606	587	-0.0106434
606	594	-0.0210801
606	952	0.0328522
606	800	-0.0259934
606	589	-0.0311602
606	138	0.0325434
606	572	0.0253231
606	137	-0.0205263
606	127	0.0208442
606	848	0.0122956
606	771	-0.0380355
606	414	-0.0113953
606	417	0.0178199
606	80	-0.0182783
606	527	-0.0126569
606	191	-0.0371916
606	529	0.0162134
606	539	-0.0394099
606	931	-0.0671029
606	975	-0.0222485
606	132	-0.0500986
606	37	0.0125142
606	911	0.0108344
606	59	-0.0324935
606	955	-0.0264451
606	237	0.0533582
606	708	-0.0316635
606	376	-0.0295457
606	139	-0.0192655
606	522	0.048844
606	888	0.0538737
606	761	-0.016402
606	841	-0.0508789
606	353	-0.0308824
606	867	0.0217497
606	302	-0.0220773
606	750	0.0176481
606	792	-0.0176584
606	111	-0.0146283
606	862	0.0449304
606	84	0.0493057
606	512	-0.0329241
606	30	-0.0306256
606	210	-0.0469878
606	214	-0.0323525
606	664	0.0186337
606	641	-0.0452161
606	873	0.0145713
606	555	0.0112039
606	468	0.018993
606	388	0.0381006
606	471	0.0229519
606	235	0.0518403
606	222	-0.00832593
606	543	-0.0272882
606	630	-0.0379693
606	797	-0.0272203
606	534	0.0361646
617	552	-0.048219
617	996	0.0379306
617	739	-0.0268667
617	796	0.049569
617	339	0.0171339
617	839	0.0557257
627	942	0.0292188
631	453	0.0498161
631	264	-0.0431161
631	885	-0.0389956
631	932	-0.0385492
639	661	0.0354613
639	930	0.029703
639	647	0.0237235
642	331	-0.0228231
642	415	0.0205546
642	323	0.0182844
642	773	0.0453106
645	496	0.0260572
645	12	-0.0343186
645	151	-0.0325873
645	954	0.0268761
645	947	-0.0630856
645	938	0.0296691
645	978	-0.0471886
645	328	-0.0514674
645	426	0.0344444
645	16	-0.038081
645	41	-0.0598704
645	20	-0.0409016
645	453	-0.0280418
645	960	-0.012236
645	185	0.0289795
645	707	0.0151013
645	552	-0.0690314
645	682	0.0555231
645	436	-0.0149068
645	996	0.061917
645	906	-0.0327354
645	767	0.0345437
645	678	0.0229928
645	540	-0.045289
645	456	-0.0315108
645	183	0.0493985
645	472	0.0371891
645	491	0.0296543
645	499	-0.0261734
646	352	-0.0211274
646	47	-0.0218581
646	182	-0.0264214
649	150	-0.0306768
658	725	0.0319089
659	179	-0.0182622
659	475	-0.0228513
659	975	-0.0298315
659	38	-0.0232928
659	154	-0.0384653
659	790	0.0397816
661	793	-0.0316741
664	79	-0.0179129
666	244	-0.0387031
666	605	-0.023404
668	938	0.0407785
668	926	0.0304473
668	328	-0.0414773
668	253	-0.0288581
668	115	-0.028656
668	426	-0.0791451
668	891	-0.0767641
668	453	0.0374277
668	960	-0.0263155
668	308	-0.015153
668	177	-0.037789
668	715	-0.0320172
668	461	0.0317718
668	467	0.0288605
668	635	0.0247977
671	602	-0.0402737
671	391	0.0139298
671	135	-0.0142908
673	676	0.0442587
674	778	0.0274464
674	475	-0.0287678
674	442	-0.0365533
674	968	0.0265302
674	981	-0.0164481
674	943	-0.0257285
674	798	0.027122
675	427	0.0225747
675	579	-0.0293732
676	554	-0.0225945
676	790	-0.0197702
678	318	-0.0229925
679	264	0.0480582
682	343	-0.0377535
682	993	-0.0510171
684	729	0.00901385
684	972	0.0312182
684	533	-0.0221254
684	728	-0.0116741
706	216	0.0168456
706	350	-0.0308285
706	530	-0.0318119
707	60	0.0439362
707	478	0.036668
708	27	0.0209663
713	355	-0.0440138
713	48	0.0434735
715	671	0.0378742
715	146	-0.0332477
715	677	0.0607758
716	894	0.0189982
720	318	-0.0518507
722	993	0.0627818
723	219	-0.0428382
723	326	0.0351122
723	418	-0.0190537
723	752	0.0291726
723	320	0.00850232
723	200	-0.0328922
723	800	-0.0202907
723	403	-0.0213567
723	398	-0.0317066
723	589	-0.0427584
723	138	-0.0278215
723	152	-0.0154158
723	706	0.0686843
723	321	-0.0431407
723	148	-0.0469781
723	573	0.0464612
723	736	-0.0305031
723	564	0.0267208
723	856	-0.0126747
723	527	-0.0161942
723	940	-0.0466043
723	330	0.0127886
723	475	0.00525461
723	931	0.00979327
723	967	0.0489998
723	709	0.0275463
723	435	0.00859812
723	939	0.0340591
723	285	0.0234983
723	474	-0.00708055
723	578	0.035507
723	71	0.020569
723	133	0.0279975
723	737	-0.026253
723	265	0.0323228
723	350	0.0187158
723	913	-0.0156781
723	972	-0.0168642
723	25	0.0491853
723	324	-0.0260419
723	717	0.0122671
723	786	0.0427391
723	533	0.0336646
723	532	-0.040457
723	214	-0.039328
723	397	0.0240374
723	511	0.0533562
723	415	0.0330421
723	799	-0.0324679
723	32	0.0233824
723	829	0.0159457
729	639	-0.0218605
736	191	0.0204459
736	708	0.0195304
736	82	0.0433934
736	324	-0.0249269
736	742	-0.0295417
737	624	0.0134059
737	641	-0.0345632
748	211	0.0238985
749	249	-0.0131313
749	706	0.0279928
749	564	0.0349583
749	475	-0.0583049
749	272	-0.0199637
749	227	0.0171916
749	204	-0.0233113
749	93	-0.0123879
749	920	-0.0447231
752	952	0.0234825
752	320	0.00930012
752	200	0.0297886
752	971	0.0146299
752	706	-0.0321248
752	808	-0.0303722
752	564	-0.0223067
752	661	0.0262493
752	435	-0.0111659
752	521	-0.0190534
752	43	0.0285626
752	217	-0.0269397
752	627	0.0387525
752	850	-0.0160951
752	877	-0.0122484
752	786	-0.0142328
752	254	0.0336574
752	87	-0.0343491
752	624	0.0521162
752	468	-0.0229898
752	394	-0.0246426
752	243	0.0520933
752	576	-0.0264749
752	65	0.0074241
752	458	-0.0249183
752	875	-0.0246595
752	114	-0.0183448
753	119	-0.0694062
753	520	0.0535018
753	725	0.035965
754	602	-0.0596531
754	448	-0.0350586
756	174	-0.02902
756	568	-0.0150325
756	1	0.032558
756	43	-0.023533
756	311	0.0228292
756	140	0.0326138
756	8	-0.019504
756	847	0.0437476
761	382	0.0202368
771	360	-0.0230707
771	290	-0.0179882
771	237	0.0254301
771	939	0.0190079
771	240	-0.015219
771	39	-0.0227214
771	530	0.0102837
771	407	-0.0164559
774	795	-0.0185648
778	994	0.00561831
778	927	0.0176507
778	836	0.0232831
778	701	-0.0209878
778	287	-0.0301011
782	456	-0.0753903
789	177	0.0192489
789	890	-0.0653518
789	818	0.0473959
789	782	0.025236
789	92	0.0685147
790	459	-0.0324272
793	3	0.027033
793	232	-0.0491048
800	889	-0.0393469
800	249	-0.0419915
800	684	0.0178384
800	272	-0.0204841
800	228	-0.00854933
800	646	0.0178153
800	83	-0.0173801
800	424	0.0298329
800	332	-0.029216
800	111	0.0179921
800	495	-0.0158559
800	325	-0.0327755
800	298	0.0208756
808	816	0.0238472
808	647	0.0486332
808	565	-0.0235019
816	517	-0.0580303
816	804	-0.0364507
816	681	-0.016434
822	187	0.0510773
824	462	-0.0185511
824	563	-0.0086015
824	386	0.0292143
824	394	0.0352187
824	275	-0.0487788
835	661	0.0290504
835	539	-0.0477177
835	228	-0.0190407
835	683	0.0424396
835	792	-0.0273209
840	322	-0.0495595
840	412	-0.041504
840	545	-0.0230054
840	983	0.036832
840	189	0.0373971
842	583	-0.017435
844	321	-0.018833
844	49	-0.0227384
844	143	0.0172722
844	955	0.0470439
844	487	0.0460841
844	683	-0.0177804
844	750	0.0489135
844	927	-0.0466319
844	958	0.0330817
848	414	-0.017846
848	967	0.0296626
848	38	-0.0303091
848	240	-0.0275
848	427	0.0291472
848	353	-0.0195859
848	854	-0.0263054
850	269	0.0180323
851	988	0.0264159
856	709	-0.0360603
856	83	0.0276357
856	522	-0.0276746
856	786	-0.025017
862	985	-0.0409348
862	915	-0.0383766
865	151	0.0737265
865	954	0.0398945
865	668	0.0628782
865	947	-0.0359799
865	938	0.030304
865	401	-0.0187354
865	115	-0.0517415
865	426	-0.0496071
865	840	-0.0682246
865	20	-0.0483413
865	322	-0.0368205
865	117	-0.0774374
865	308	-0.0532999
865	293	-0.0217283
865	707	0.0773245
865	546	0.0149627
865	682	0.0902034
865	722	0.0158122
865	957	0.0306812
865	545	0.0434425
865	0	-0.0201188
865	124	-0.048502
865	658	-0.0453495
865	705	-0.0266143
865	944	0.055302
865	420	-0.0605978
877	927	0.039006
880	891	-0.0249161
880	753	-0.04662
880	307	0.0643864
880	244	-0.0313734
880	741	0.0650634
880	823	-0.0320402
880	183	0.0202567
888	683	0.0298545
889	148	0.0423907
889	756	0.0283353
889	143	0.0227083
889	729	-0.0238633
889	835	-0.0358488
889	330	0.0261744
889	350	0.0106324
889	586	0.0279695
889	210	-0.0323249
889	922	-0.0369638
889	15	0.0257868
890	359	0.026349
890	449	-0.0572938
891	840	-0.0559817
891	528	-0.0696956
891	973	0.0678692
891	146	-0.0320932
891	933	0.0329314
891	128	-0.0351158
892	793	0.0385501
892	511	-0.0593329
892	507	0.0278613
894	943	0.0105529
896	379	-0.0494696
896	973	0.0413847
896	720	0.0215827
901	796	0.0369285
906	973	0.0497226
906	944	0.071959
908	138	0.00579441
908	304	-0.0289106
908	80	-0.0493751
908	529	-0.0049957
908	315	-0.0178097
908	911	-0.0329226
908	311	0.0300897
908	748	-0.0520403
908	371	-0.0303494
908	30	0.0242428
908	440	-0.037971
908	69	0.0449823
911	337	0.0325354
913	459	0.0287975
926	328	0.0166989
926	426	0.0305708
926	891	0.0196871
926	117	-0.0503812
926	546	-0.0128755
926	23	-0.0549207
926	715	-0.0200176
926	666	0.0343222
926	818	-0.0527967
926	774	-0.0403638
926	503	-0.0510496
926	988	0.0384167
926	136	0.0250126
931	680	-0.0222442
933	277	0.0332004
936	957	-0.030222
936	85	-0.0254217
938	978	0.0406717
938	328	-0.0260224
938	508	-0.0789974
938	41	-0.0485707
938	185	0.0151251
938	436	-0.0274588
938	677	0.039103
938	85	0.0570461
939	700	-0.0206125
947	938	0.0206352
947	115	0.026213
947	16	0.0591799
947	546	0.0500452
947	767	0.0247674
947	461	0.0585504
947	524	-0.0410151
947	109	-0.0639727
947	677	0.0229046
947	339	-0.0655698
947	183	-0.0647382
947	472	-0.0329682
947	448	0.0507101
952	320	0.0109339
952	589	-0.0251717
952	138	0.0354337
952	889	-0.0320409
952	127	0.0299496
952	848	0.0333599
952	304	0.0263213
952	21	0.0458653
952	684	-0.0211205
952	179	-0.0264902
952	639	0.0302035
952	72	-0.048214
952	315	0.0373072
952	939	0.0348725
952	199	-0.0343447
952	994	0.0581869
952	867	-0.0174221
952	424	0.0247571
952	324	-0.0237837
952	647	0.0408271
952	853	0.0380121
952	506	-0.0172157
952	657	0.0167375
954	668	-0.0721332
954	593	-0.0489492
954	938	-0.0290851
954	978	-0.0617628
954	115	0.063584
954	617	-0.047237
954	117	0.0755771
954	293	0.0146359
954	359	0.0399575
954	722	-0.0326977
954	936	0.0482969
954	186	-0.0229864
954	783	-0.0460319
954	919	0.0288275
954	540	-0.041625
954	693	0.0577182
954	178	-0.0229481
954	245	0.0520969
954	491	-0.0473319
954	863	0.0460021
955	842	0.0407719
957	558	0.0201813
960	789	0.0599418
960	231	-0.0369349
960	558	0.0458652
960	702	-0.0474053
967	217	0.0218848
967	281	-0.045126
967	147	-0.0319796
968	428	0.017235
968	480	0.0163653
971	49	-0.0147717
971	290	0.0132229
971	330	-0.0156009
971	673	-0.0349879
971	352	-0.0197962
971	111	-0.041872
971	873	-0.0446852
971	495	-0.0450979
975	140	0.0296076
978	401	0.0223024
978	840	0.0611711
978	631	0.0529419
978	754	0.0380267
978	901	-0.0436575
978	276	0.0204294
978	545	-0.015938
978	85	0.0483467
978	456	0.0401659
978	827	-0.0644298
978	699	-0.0434831
978	893	0.021037
991	383	0.0343847
991	35	-0.0148342
994	726	0.0222071
996	822	-0.0497418
