400
200
400
1000
500
3
0.333333	0.666667	
0	0	0.000133968	0.0140617	0.0316574
1	1	0.000808393	-0.112128	0.0548254
2	2	0.00213384	-0.0457229	0.00423287
3	2	0.00223977	-0.0337162	0.000572422
4	0	0.00225061	0.0950329	0.0702644
5	0	0.00301803	0.0335251	0.0268434
6	2	0.00550009	0.0205582	0.0414782
7	0	0.00794117	0.0682586	0.0507818
8	0	0.00848127	-0.039078	0.0224453
9	0	0.00867213	0.0408131	0.00975335
10	2	0.00873328	0.0307881	0.00558881
11	2	0.00895923	0.107588	0.00371459
12	2	0.00995228	0.0170494	0.011761
13	0	0.0102214	-0.0716298	0.00438092
14	2	0.011688	-0.102222	0.0344379
15	2	0.0120373	-0.035131	0.0217372
16	2	0.0126266	0.014865	0.0646622
17	0	0.0144837	0.0259372	0.026449
18	0	0.0145116	-0.00624762	0.0719923
19	0	0.0151973	-0.0314772	0.0437563
20	2	0.0152643	0.0490108	0.0157606
21	0	0.0158015	0.0749916	0.0501525
22	1	0.0160302	-0.0973592	0.000530407
23	2	0.0162186	-0.0375383	0.0556749
24	0	0.0170394	-0.0100223	0.0191643
25	1	0.0173997	0.00176705	0.0385322
26	2	0.0207093	0.0407831	0.0204479
27	0	0.0209374	-0.0151632	0.0089943
28	0	0.0212165	-0.0572936	0.00780121
29	1	0.0212967	0.0401514	0.0182764
30	2	0.0217593	0.0315849	0.0440354
31	1	0.023175	-0.0502131	0.0901529
32	2	0.0236179	-0.0268894	0.0088134
33	1	0.0253273	0.089774	0.097285
34	0	0.0271813	0.08705	0.0437464
35	1	0.0285611	0.0425551	0.0128007
36	2	0.0293689	0.0192356	0.0305606
37	0	0.0304434	0.10359	0.0327834
38	1	0.0325099	-0.1161	0.0405096
39	2	0.0330463	0.102604	0.0218889
40	1	0.0330487	0.0539653	0.0510275
41	1	0.033249	-0.109947	0.0969357
42	1	0.0343699	-0.0461641	0.0431447
43	0	0.0356487	-0.0137846	0.0709082
44	1	0.0356955	-0.033304	0.075009
45	0	0.0357134	0.0296801	0.0586298
46	1	0.036892	0.0368985	0.11669
47	0	0.0371619	-0.0209648	0.0325908
48	1	0.0383055	0.0537273	0.12141
49	2	0.0386662	0.0381088	0.0230868
50	2	0.0386707	-0.040047	0.0593194
51	2	0.0391896	-0.00133702	0.0785615
52	2	0.040198	-0.0889351	0.0451911
53	1	0.0408474	0.0145035	0.0878157
54	0	0.0423308	-0.0117645	0.0438066
55	2	0.0459976	-0.0567279	0.0139601
56	2	0.0460958	-0.0240344	0.0258439
57	1	0.046872	-0.120454	0.0929197
58	1	0.0473853	-0.0406586	0.0259933
59	2	0.0474332	-0.00808001	0.0367674
60	2	0.0476536	-0.0111848	0.0447961
61	0	0.0478586	0.0244508	0.0273555
62	0	0.0479221	-0.0203626	0.0386219
63	0	0.0496633	0.0211006	0.0751907
64	0	0.0499334	-0.0235882	0.0312799
65	0	0.0508505	0.0340857	0.0680184
66	2	0.0514603	0.0352847	0.0370447
67	2	0.0517285	-0.0151401	0.00340176
68	0	0.0523211	-0.094161	0.0371757
69	2	0.0525614	0.0323857	0.0131723
70	0	0.0528593	-0.0518786	0.0294573
71	1	0.0538481	-0.103455	0.111733
72	2	0.0558357	0.0191644	0.041353
73	1	0.0566936	-0.0397119	0.0298069
74	0	0.0580428	-0.0266469	0.0167054
75	2	0.0619552	-0.031586	0.015554
76	2	0.0625667	-0.0581704	0.00945565
77	0	0.0625771	-0.0559632	0.0284654
78	2	0.0626097	0.0389643	0.0555608
79	0	0.0655021	-0.0640567	0.0134171
80	0	0.0666417	-0.0135254	0.0678519
81	2	0.0666553	-0.0200591	0.0389038
82	2	0.0677119	0.00624482	0.00602431
83	1	0.0693257	-0.0509847	0.0887089
84	2	0.0705263	-0.0463379	0.0142875
85	1	0.0712936	-0.0405308	0.011997
86	2	0.0731642	-0.0538262	0.0768816
87	0	0.0733897	0.0333964	0.0380342
88	0	0.0759843	-0.0432497	0.0133313
89	1	0.0778499	0.0315113	0.0650185
90	0	0.0779963	0.0872482	0.0130571
91	2	0.0785363	0.0623777	0.0751463
92	2	0.0786596	-0.0124997	0.0229002
93	2	0.0788626	-0.0095342	0.0357545
94	0	0.0789335	0.0859116	0.0291784
95	0	0.0791676	-0.0330112	0.0692647
96	2	0.0798962	0.0548602	0.0272386
97	0	0.0821409	-0.0283333	0.0179806
98	2	0.0822293	0.0286857	0.0154283
99	1	0.0832727	-0.01405	0.0498891
100	2	0.0840792	0.0691345	0.110356
101	2	0.0841809	0.0376804	0.0986198
102	0	0.085344	-0.0164504	0.0552548
103	1	0.0868097	0.135503	0.130719
104	0	0.0873729	-0.037556	0.0493424
105	0	0.0889187	0.0376187	0.00463377
106	0	0.089835	0.0177005	0.0241069
107	1	0.0906385	-0.0200929	0.133874
108	2	0.0920487	-0.0562807	0.0292757
109	1	0.0936206	0.0984637	0.0163177
110	2	0.0936948	-0.0649064	0.027985
111	2	0.0945461	0.0498673	0.0239366
112	2	0.0946275	0.00597166	0.057231
113	1	0.0954066	0.0604918	0.0269637
114	2	0.0973842	0.0440254	0.0639066
115	0	0.0998585	-0.0247589	0.0302852
116	0	0.100226	0.0768563	0.0595069
117	2	0.101853	-0.0362593	0.00646108
118	2	0.102374	-0.0254955	0.0157444
119	1	0.103906	-0.060063	0.0124881
120	2	0.10628	-0.0599074	0.0117923
121	2	0.107327	0.14859	0.0624896
122	2	0.107344	0.0132886	0.0227782
123	2	0.107798	-0.0220714	0.100141
124	1	0.108484	0.0387508	0.0666195
125	2	0.10893	0.0285234	0.014495
126	2	0.10895	0.0491615	0.0454212
127	2	0.109761	-0.043856	0.0181339
128	0	0.109925	0.0153298	0.0531717
129	1	0.110159	0.0370085	0.0473733
130	0	0.110193	-0.0197206	0.0656477
131	0	0.112893	-0.0160892	0.000769144
132	2	0.112919	0.113655	0.0175878
133	2	0.113391	0.0907386	0.000576833
134	1	0.113537	0.0149996	0.00549524
135	2	0.114842	-0.0125446	0.00581899
136	1	0.115795	0.00949177	0.00170854
137	0	0.117384	0.0239169	0.0280536
138	2	0.117596	0.098471	0.0292176
139	2	0.118211	-0.0291244	0.0266044
140	0	0.118274	0.0175583	0.0262777
141	0	0.119158	0.0709055	0.033193
142	1	0.119643	0.0487463	0.012275
143	0	0.119821	-0.00543603	0.0529603
144	2	0.120593	-0.0314257	0.0495234
145	1	0.121981	0.0597961	0.149427
146	2	0.12297	0.0431278	0.0261871
147	0	0.123242	0.0310677	0.0904048
148	0	0.125171	-0.0303786	0.00161772
149	0	0.125256	-0.0403816	0.071118
150	2	0.127184	0.113293	0.0103575
151	2	0.128414	-0.102852	0.0655256
152	0	0.129562	-0.0736267	0.035818
153	2	0.130743	-0.0367892	0.0223318
154	0	0.131597	-0.0667779	0.0581627
155	1	0.131896	-0.035041	0.0457641
156	0	0.132925	-0.0437422	0.0754177
157	0	0.134297	-0.0529182	0.0858752
158	0	0.134331	-0.0187334	0.061147
159	0	0.137092	-0.0569615	0.0173421
160	2	0.13773	0.03528	0.0157112
161	0	0.139469	0.0248106	0.0629114
162	2	0.140097	0.0545086	0.0348322
163	0	0.140469	-0.0322192	0.0761857
164	2	0.141008	-0.0252637	0.00302967
165	2	0.142378	-0.0699173	0.0211551
166	0	0.142655	-0.0369221	0.133743
167	0	0.143282	-0.0148687	0.0544366
168	1	0.144359	0.169897	0.0140575
169	2	0.145288	-0.026161	0.041654
170	0	0.145844	-0.0846536	0.0168606
171	1	0.146097	0.101994	0.0947945
172	0	0.148429	-0.00332357	0.0282156
173	2	0.148814	-0.0131828	0.0108201
174	0	0.149236	-0.0180406	0.00231447
175	0	0.150829	-0.0386271	0.0769396
176	2	0.151773	-0.032746	0.00915922
177	2	0.154591	-0.00386199	0.0433101
178	0	0.155528	0.00674274	0.0634111
179	2	0.158677	-0.0214198	0.0726056
180	0	0.159895	0.019623	0.0463336
181	2	0.160078	-0.0564253	0.069578
182	0	0.161428	-0.135934	0.00877705
183	1	0.161645	0.0368319	0.230839
184	2	0.162252	-0.0131048	0.0724123
185	2	0.16258	-0.0476855	0.0297854
186	2	0.162933	-0.0117317	0.0203415
187	0	0.165667	0.0706682	0.09578
188	1	0.165766	-0.0577913	0.0219647
189	0	0.165951	0.0265957	0.0662846
190	0	0.167351	-0.0719562	0.0099236
191	2	0.167794	-0.0281769	0.014364
192	1	0.168156	0.00828257	0.00364816
193	0	0.169321	0.00452166	0.0236993
194	1	0.169383	-0.0285154	0.0907096
195	0	0.170766	0.0153856	0.0507761
196	0	0.172786	0.0239865	0.0161084
197	2	0.173732	-0.0142484	0.0156762
198	0	0.173821	-0.0428949	0.0139515
199	1	0.176263	-0.0149775	0.0707904
200	0	0.178701	0.0104184	0.0376371
201	0	0.179695	-0.0545187	0.0191133
202	0	0.1799	-0.0500358	0.0242267
203	2	0.18026	0.0950379	0.0251165
204	0	0.180448	-0.0470977	0.0196599
205	2	0.180552	0.103528	0.0150479
206	2	0.181083	-0.0104523	0.0584861
207	1	0.182001	0.0196655	0.0387805
208	0	0.182052	0.0277859	0.0314261
209	1	0.182356	-0.059058	0.00957872
210	2	0.183424	0.0338916	0.0702397
211	1	0.184123	0.0349487	0.0107816
212	0	0.186243	-0.0628965	0.0556972
213	2	0.188302	0.03401	0.0402691
214	0	0.188674	0.0671904	0.135968
215	1	0.189103	0.0118359	0.0363919
216	2	0.190857	-0.0121233	0.119093
217	1	0.191667	-0.0109726	0.039909
218	1	0.191824	-0.0497416	0.11655
219	0	0.192134	0.0207858	0.0157419
220	0	0.194816	0.0834803	0.0439281
221	0	0.195007	-0.0538864	0.0228342
222	0	0.195265	0.0570493	0.0332915
223	2	0.19567	-0.0105661	0.0214802
224	2	0.195866	0.0129129	0.00605171
225	2	0.197783	-0.0881067	0.0750906
226	0	0.197831	-0.0579371	0.0558362
227	1	0.19845	0.0347844	0.101951
228	2	0.199944	0.0374877	0.0151525
229	2	0.20092	-0.0621534	0.0343206
230	0	0.2011	0.03277	0.0397911
231	1	0.201884	-0.0915475	0.0176232
232	0	0.202113	0.0211612	0.0752839
233	0	0.203792	-0.0104318	0.0184027
234	0	0.2048	0.0213618	0.0496413
235	2	0.206822	0.0386124	0.117549
236	2	0.207168	0.0422211	0.0158917
237	2	0.207242	0.0785656	0.0620397
238	2	0.207736	-0.024796	0.0585358
239	2	0.208572	-0.0638516	0.0557299
240	0	0.210079	-0.0765192	0.0065337
241	1	0.212293	-0.0180909	0.103609
242	2	0.216015	-0.0606605	0.168869
243	1	0.216073	0.0677889	0.0474551
244	1	0.217986	-0.0477902	0.0210995
245	0	0.224323	0.0331743	0.02119
246	0	0.225652	0.0468421	0.0135022
247	0	0.226497	-0.0640441	0.0835525
248	1	0.226649	0.0990535	0.0424058
249	2	0.22675	-0.0238324	0.0169882
250	1	0.22683	0.0192449	0.0305267
251	0	0.228916	-0.0344314	0.023031
252	2	0.23035	0.0130771	0.0942447
253	0	0.231721	-0.0582721	0.0125083
254	1	0.232624	-0.148069	0.0611448
255	0	0.232761	-0.0161461	0.0413354
256	2	0.233346	0.0519831	0.0352417
257	0	0.2336	0.0151088	0.0755708
258	2	0.233607	-0.0153399	0.0459106
259	0	0.234985	-0.0442258	0.00103263
260	2	0.23703	-0.0172418	0.057678
261	0	0.241411	0.0110737	0.0164402
262	1	0.243116	-0.0757864	0.0759163
263	2	0.243499	0.0283377	0.143541
264	1	0.245036	0.0771097	0.0118458
265	0	0.247477	-0.0987963	0.0893351
266	0	0.247545	-0.101142	0.0553239
267	0	0.248347	-0.00565338	0.0761624
268	2	0.249796	0.0630725	0.015255
269	2	0.250816	0.025718	0.0150433
270	2	0.253031	0.0384641	0.0281532
271	2	0.253167	-0.0240619	0.0321001
272	0	0.253928	0.0430481	0.0651773
273	0	0.254736	-0.0200686	0.0157384
274	0	0.255806	-0.0147826	0.0173019
275	2	0.257394	0.0307053	0.0221096
276	2	0.257421	-0.0885536	0.0139283
277	2	0.257811	0.0395222	0.0574791
278	0	0.258492	-0.0142593	0.0436182
279	0	0.258532	0.0165981	0.0320369
280	2	0.259769	0.0239944	0.0213906
281	0	0.261374	0.0461963	0.0857671
282	1	0.262258	-0.0462139	0.00371634
283	2	0.262442	0.0817417	0.0323022
284	0	0.262545	-0.0345475	0.0560781
285	2	0.263139	-0.0914728	0.0203975
286	2	0.263173	-0.0508182	0.0448747
287	0	0.264678	-0.127263	0.10869
288	1	0.265655	0.0444245	0.0618616
289	0	0.266449	0.0662321	0.0648126
290	2	0.267779	-0.0845339	0.0254935
291	0	0.268905	0.0563053	0.0322754
292	2	0.270885	0.0391378	0.0110644
293	0	0.271145	0.0525538	0.0183869
294	2	0.272912	-0.0325415	0.0170173
295	0	0.273297	0.0687985	0.0180305
296	1	0.273674	0.0361365	0.0162741
297	2	0.276386	-0.00473269	0.0245726
298	0	0.277301	-0.0557943	0.0270695
299	2	0.279551	0.0215494	0.0291344
300	0	0.279816	0.0518709	0.0487915
301	2	0.27987	-0.0300936	0.00664803
302	0	0.280748	-0.128538	0.0464343
303	0	0.281585	0.0371397	0.0896056
304	0	0.282121	-0.0483761	0.00741672
305	0	0.282149	0.0112108	0.145435
306	0	0.282852	0.0290499	0.0481629
307	0	0.283719	0.0290812	0.0184045
308	0	0.283991	0.110613	0.00384255
309	0	0.284691	-0.0475458	0.0507906
310	0	0.285525	-0.0111251	0.0139474
311	2	0.286371	-0.0751631	0.0696176
312	2	0.286657	0.0162428	0.112756
313	0	0.287864	-0.0059374	0.0369063
314	0	0.288114	0.0080544	0.052483
315	1	0.291223	-0.0966358	0.0117439
316	1	0.291996	-0.0428518	0.0737755
317	1	0.292037	-0.0292927	0.046003
318	2	0.29299	-0.0519588	0.0253214
319	0	0.293461	-0.00218383	0.0132148
320	0	0.29382	0.0412469	0.0731165
321	2	0.293912	-0.0244983	0.102915
322	0	0.294815	0.0441037	0.0602625
323	2	0.295495	0.0275672	0.0732946
324	2	0.296376	0.0065936	0.0182094
325	2	0.296819	0.0302919	0.00720174
326	2	0.297093	-0.0234649	0.0520776
327	2	0.298679	0.0499163	0.029541
328	0	0.299662	-0.0207623	0.0227958
329	0	0.299926	-0.00617972	0.0255843
330	2	0.300071	-0.0276639	0.0347702
331	0	0.300402	-0.0276941	0.0353118
332	0	0.302789	0.0353642	0.0397465
333	1	0.303164	0.108267	0.00621109
334	1	0.305614	0.158689	0.0640966
335	0	0.305676	0.0701581	0.0652795
336	2	0.306074	-0.0320363	0.00818908
337	2	0.306972	0.131453	0.0707876
338	0	0.307461	0.0332107	0.00961013
339	1	0.307531	-0.12083	0.0155574
340	1	0.308344	-0.0723757	0.0678307
341	0	0.309566	-0.0270861	0.0254336
342	0	0.310936	-0.0530338	0.0409563
343	2	0.311097	-0.0698453	0.0564646
344	0	0.311537	0.101089	0.0113462
345	2	0.311655	-0.0816347	0.0570241
346	0	0.312991	0.0325243	0.0340617
347	2	0.313517	-0.0304307	0.0203551
348	0	0.3152	0.0206221	0.0782469
349	0	0.315826	-0.0667679	0.108332
350	2	0.315854	0.0799206	0.0194442
351	0	0.317292	0.0641011	0.0252717
352	0	0.322367	0.0239634	0.0618407
353	1	0.323097	-0.0241731	0.0851818
354	0	0.323484	0.0757148	0.00928832
355	2	0.323757	-0.0115564	0.00841757
356	0	0.324884	0.0265921	0.0654437
357	2	0.325016	0.0401181	0.0375235
358	1	0.325402	-0.0164359	0.0957771
359	2	0.326873	-0.00899912	0.0271328
360	0	0.327127	-0.056721	0.000566637
361	0	0.32816	-0.0276197	0.0327989
362	0	0.328203	-0.0260054	0.00172604
363	2	0.335453	0.0112929	0.048891
364	1	0.336265	-0.0413083	0.0186757
365	2	0.336753	-0.053132	0.000161321
366	1	0.339311	-0.0370784	0.0143939
367	2	0.341287	-0.0245824	0.0173031
368	0	0.341875	0.0128101	0.0276331
369	0	0.343232	0.032858	0.0415185
370	1	0.343971	0.0529358	0.0257488
371	2	0.346448	-0.044366	0.0360133
372	1	0.346624	-0.150076	0.0841661
373	0	0.347268	-0.0706794	0.0199345
374	2	0.347365	-0.00936827	0.00868537
375	1	0.347479	0.193828	0.0751372
376	2	0.347544	0.0213279	0.0105571
377	2	0.348296	0.00584678	0.026117
378	0	0.348893	-0.0234391	0.00816395
379	0	0.34916	-0.00353407	0.0566396
380	2	0.349205	0.03293	0.00706204
381	1	0.35006	-0.0676744	0.0256658
382	0	0.353322	0.0264964	0.0275278
383	0	0.355491	0.0540889	0.0535089
384	0	0.355757	0.0296452	0.0966783
385	2	0.356478	0.0729741	0.104415
386	0	0.356637	-0.109201	0.00701448
387	2	0.357398	0.105243	0.0237399
388	0	0.358783	0.0553717	0.00211181
389	1	0.358834	0.0743832	0.0879437
390	0	0.362594	-0.0365155	0.0410249
391	2	0.364082	0.0242258	0.0448277
392	0	0.364783	0.0735735	0.0180713
393	0	0.365062	-0.0622412	0.107084
394	0	0.367193	-0.0516435	0.0854679
395	0	0.36875	-0.0473347	0.0791139
396	1	0.372872	0.0786199	0.0666003
397	2	0.3734	0.057178	0.100591
398	0	0.375768	-0.051904	0.0556358
399	2	0.376609	-0.0283058	0.0598279
400	2	0.381037	0.0164393	0.028346
401	0	0.381906	0.0357548	0.0609865
402	1	0.383917	-0.101465	0.0844714
403	2	0.385302	-0.0142643	0.00638023
404	1	0.38547	-0.0198458	0.0737535
405	2	0.386759	-0.0320437	0.0356168
406	1	0.387043	-0.0733521	0.0172799
407	1	0.387236	0.0194865	0.00680452
408	0	0.387559	-0.0153935	0.0313406
409	1	0.388084	0.0226258	0.106383
410	2	0.388221	0.0175266	0.00338896
411	2	0.388716	0.101009	0.0776186
412	2	0.392003	0.0071389	0.0260559
413	0	0.392137	0.0651857	0.105115
414	2	0.393	0.033562	0.0237781
415	0	0.393419	-0.0334793	0.0607361
416	2	0.396441	0.0486883	0.0258007
417	0	0.396634	0.0654801	0.0117703
418	0	0.397955	-0.0557532	0.02833
419	1	0.399496	0.053989	0.0611555
420	0	0.405442	-0.0214731	0.014192
421	2	0.405685	0.0632165	0.0253692
422	1	0.405847	-0.0400343	0.104163
423	2	0.407535	-0.05286	0.0390679
424	2	0.409234	0.0161071	0.0429821
425	1	0.409534	-0.0683299	0.0294367
426	0	0.412763	0.0473448	0.0430663
427	0	0.413519	-0.124003	0.0157012
428	0	0.413695	0.00791691	0.0436051
429	2	0.415446	0.12184	0.0109159
430	1	0.415866	0.0709854	0.101114
431	0	0.418627	0.0565456	0.0180677
432	1	0.419703	0.0113564	0.030001
433	0	0.419718	-0.0241333	0.0229568
434	0	0.41995	0.0357182	0.114301
435	0	0.421927	-0.0974475	0.0273516
436	2	0.423025	-0.0580758	0.00692531
437	2	0.423825	-0.0375905	0.0120696
438	2	0.424047	0.0372607	0.00790566
439	0	0.425212	-0.0739566	0.0288503
440	2	0.425305	-0.0214472	0.00892066
441	1	0.425325	-0.0577778	0.079202
442	0	0.425465	0.0650775	0.0441132
443	2	0.426025	0.0324064	0.026084
444	0	0.428544	0.0343521	0.0305664
445	0	0.430173	0.0218231	0.0190922
446	1	0.432474	0.051326	0.0402504
447	0	0.432727	-0.066927	0.0218156
448	0	0.433311	0.0193986	0.0289257
449	0	0.43415	-0.0232969	0.00641519
450	1	0.434824	-0.0147668	0.0181235
451	0	0.437997	0.00902932	0.0125258
452	2	0.440017	0.120571	0.0577256
453	2	0.440207	-0.0180476	0.0575311
454	0	0.440911	-0.0212834	0.027812
455	1	0.443521	-0.0536125	0.108296
456	2	0.445911	-0.0579013	0.040703
457	0	0.446579	0.0205529	0.0528
458	2	0.447105	0.0684077	0.0233681
459	0	0.448863	-0.0683226	0.0189765
460	0	0.452171	0.0717602	0.00151582
461	0	0.452462	-0.0480488	0.0756483
462	1	0.453175	0.104868	0.0664445
463	2	0.453603	0.0689913	0.0263399
464	0	0.454201	-0.0572582	0.00539672
465	2	0.454431	-0.0447007	0.0500595
466	0	0.454688	0.0105464	0.0667086
467	1	0.456225	0.116366	0.0214853
468	1	0.456396	-0.14448	0.0435425
469	2	0.457221	-0.0138442	0.0449802
470	1	0.459278	-0.0312153	0.0889669
471	0	0.462103	0.0313043	0.0461822
472	0	0.462348	0.0139298	0.0328502
473	0	0.462362	-0.0272235	0.0333516
474	2	0.462671	0.030552	0.0449678
475	0	0.463139	0.0192488	0.133832
476	1	0.467079	-0.0382112	0.0454194
477	0	0.471542	0.054517	0.101014
478	2	0.471719	0.015343	0.0310019
479	2	0.47373	0.0787652	0.0699609
480	0	0.473882	0.0504154	0.0302449
481	2	0.476761	0.0273031	0.0255566
482	1	0.479022	-0.0386616	0.143621
483	2	0.479167	0.0751583	0.106107
484	0	0.480515	0.0231046	0.0845641
485	0	0.480858	-0.0324495	0.0721134
486	2	0.481419	-0.0507601	0.00247569
487	0	0.481922	0.0822786	0.0131176
488	2	0.484007	0.0732785	0.0684177
489	0	0.4841	0.0741274	0.0652061
490	0	0.486157	-0.0650272	0.0423721
491	0	0.486628	0.0621983	0.000718993
492	1	0.488698	0.0564811	0.114697
493	2	0.488751	-0.0316451	0.00488157
494	2	0.490159	-0.0710131	0.0496688
495	0	0.490246	0.0133606	0.0038572
496	2	0.490528	-0.102498	0.0400591
497	2	0.49146	-0.0325353	0.00972754
498	2	0.491755	-0.0694409	0.0200514
499	0	0.495076	0.0083119	0.0210794
500	0	0.495113	-0.0482393	0.0424722
501	1	0.497202	-0.0418563	0.0369843
502	1	0.498645	0.0302119	0.0647354
503	0	0.500796	-0.0211531	0.0336369
504	0	0.502851	-0.0193524	0.0655799
505	2	0.503784	-0.055976	0.0372985
506	0	0.503786	0.0303404	0.0404934
507	2	0.503799	0.0234703	0.0358552
508	2	0.504323	-0.0284141	0.0125782
509	1	0.504867	0.0345563	0.0423408
510	2	0.506596	-0.076813	0.0205069
511	2	0.50698	0.0167468	0.0301433
512	0	0.508239	-0.0838895	0.00146966
513	0	0.509829	-0.0217897	0.0142801
514	0	0.510366	0.00631998	0.00337827
515	2	0.510751	-0.00942898	0.0221194
516	0	0.51512	-0.022718	0.0749323
517	2	0.517067	0.0170656	0.0966916
518	2	0.517122	-0.0538563	0.171485
519	1	0.518127	0.0262142	0.0470734
520	1	0.51875	0.163659	0.086493
521	2	0.520031	0.00772485	0.0615014
522	0	0.520131	0.0118582	0.0387182
523	2	0.520453	-0.0749961	0.00271374
524	2	0.52053	-0.0640735	0.0543532
525	0	0.522109	0.0598457	0.102495
526	0	0.522501	-0.0277838	0.0608557
527	1	0.523314	0.0584859	0.0101594
528	2	0.523848	0.0645263	0.0595598
529	0	0.524236	-0.0783238	0.00277903
530	0	0.524644	0.00803118	0.0198375
531	0	0.52558	0.0308296	0.0822874
532	0	0.527037	0.0178697	0.00074532
533	0	0.52825	-0.109846	0.0491902
534	2	0.529412	0.042476	0.051458
535	1	0.529536	0.0562895	0.0205343
536	0	0.530102	-0.0204675	0.0675259
537	2	0.532276	-0.028309	0.0208966
538	2	0.532751	-0.033852	0.0262032
539	0	0.532779	0.0717942	0.0482598
540	1	0.53454	0.0406458	0.078785
541	0	0.535219	-0.024653	0.0296484
542	0	0.535682	0.0281327	0.0467325
543	0	0.536432	-0.0305741	0.0748206
544	0	0.537227	0.0134195	0.0100781
545	0	0.537301	-0.0488424	0.00619987
546	0	0.539548	-0.0556944	0.0593554
547	0	0.540676	0.0920283	0.0395943
548	2	0.540728	0.0552199	0.14257
549	2	0.541297	0.0316816	0.0624675
550	1	0.541694	-0.0533198	0.0837013
551	0	0.54256	0.071326	0.0344884
552	0	0.543591	0.0161945	0.00152561
553	2	0.543631	0.0884536	0.0469072
554	0	0.544442	-0.0381825	0.0384477
555	1	0.545498	0.0713311	0.0380062
556	0	0.546401	0.0150474	0.0375896
557	2	0.548066	0.0725031	0.0564633
558	2	0.55416	-0.0368454	0.0244894
559	2	0.554641	0.0532485	0.0128159
560	0	0.554684	-0.049276	0.0853382
561	1	0.55484	-0.123552	0.0979605
562	0	0.555235	0.0367092	0.0170635
563	0	0.555632	0.0236364	0.00303371
564	2	0.556834	-0.0689994	0.0198758
565	2	0.558722	-0.0279871	0.0636746
566	2	0.559127	0.0316094	0.0320463
567	1	0.559297	0.0933784	0.0781393
568	0	0.562074	-0.00715179	0.0124859
569	2	0.562604	0.0327911	0.0231515
570	0	0.562629	0.0534324	0.0544221
571	2	0.56328	0.0084428	0.0151001
572	0	0.564024	-0.0192869	0.0217381
573	1	0.564369	-0.0864471	0.0359804
574	2	0.566919	0.0144989	0.037852
575	1	0.567632	0.0521822	0.0894876
576	0	0.56798	-0.0367734	0.0272084
577	1	0.568664	-0.0157471	0.0469566
578	2	0.568907	0.00776367	0.0365478
579	2	0.57099	0.0342371	0.11431
580	2	0.571241	-0.0220974	0.111819
581	0	0.572008	0.0523435	0.0600373
582	0	0.573369	0.0374363	0.00669099
583	0	0.574343	-0.0257899	0.0661237
584	1	0.57567	-0.0740388	0.0175217
585	0	0.576083	-0.0538527	0.0123519
586	0	0.576197	0.0316491	0.00801981
587	0	0.576852	-0.0252363	0.0168922
588	0	0.578678	-0.020235	0.0717027
589	0	0.57887	0.0230854	0.0206151
590	2	0.57981	-0.0463978	0.00682915
591	0	0.579909	-0.0405607	0.0508115
592	2	0.580577	0.0144257	0.0519296
593	1	0.582053	-0.0501364	0.0225573
594	2	0.582192	0.0321387	0.0317198
595	0	0.583329	-0.0487823	0.00866057
596	1	0.585107	-0.019644	0.0561053
597	1	0.585628	0.0778477	0.0058734
598	0	0.58566	-0.0512242	0.0512796
599	2	0.585729	0.0674818	0.0489184
600	0	0.586887	-0.017613	0.0404651
601	0	0.588584	-0.0642147	0.0236487
602	2	0.588791	0.0668955	0.0302548
603	1	0.590112	-0.0163591	0.083168
604	1	0.592009	-0.0383869	0.0186693
605	2	0.59318	-0.0431597	0.112352
606	0	0.59368	-0.0260432	0.0404603
607	1	0.593702	-0.0431817	0.0438212
608	2	0.59374	0.0881362	0.00694391
609	2	0.594252	-0.00546158	0.0117724
610	0	0.595021	0.105909	0.0570838
611	2	0.596998	0.0206929	0.0585472
612	0	0.598262	0.043643	0.00802713
613	0	0.598563	0.0461218	0.00812775
614	0	0.599443	0.0133417	0.0561109
615	0	0.599676	-0.0415393	0.0764594
616	0	0.599874	-0.0634834	0.030425
617	0	0.601625	0.0530226	0.0293208
618	2	0.601633	-0.00429983	0.0234249
619	2	0.602148	0.0068833	0.0643521
620	0	0.602419	0.0156448	0.0322882
621	0	0.602752	0.020012	0.00676704
622	2	0.603068	0.0373254	0.00784761
623	1	0.605191	0.062318	0.0113375
624	0	0.605518	0.0691675	0.0257452
625	2	0.60937	0.0245722	0.0198528
626	1	0.615637	0.0563546	0.0397242
627	0	0.617676	-0.0358809	0.0692588
628	1	0.61864	0.0578792	0.0571846
629	2	0.619991	-0.015387	0.0237526
630	0	0.621123	0.0199709	0.0111148
631	0	0.621501	0.0061842	0.000822264
632	0	0.621505	0.0301008	0.0372872
633	2	0.621657	0.0279962	0.0812743
634	2	0.621861	0.0263211	0.00656939
635	0	0.622555	-0.0047055	0.0387447
636	2	0.625049	0.0302202	0.0765413
637	0	0.625649	0.0812769	0.10647
638	0	0.626317	-0.043677	0.0853827
639	1	0.62662	0.0275338	0.00610586
640	1	0.626792	-0.12363	0.0846022
641	0	0.626995	0.0260288	0.0284434
642	2	0.627726	0.0871315	0.0220782
643	1	0.628994	-0.0552949	0.0787401
644	0	0.629374	-0.0102846	0.0365056
645	1	0.630019	-0.0272267	0.0202239
646	2	0.630122	0.0337603	0.0153867
647	0	0.630291	0.0373709	0.0536266
648	2	0.632701	0.0566211	0.0707383
649	2	0.636249	0.0338632	0.0478848
650	2	0.636606	-0.0132608	0.0401084
651	2	0.636915	0.0427152	0.0361819
652	0	0.637452	-0.0382154	0.0447528
653	2	0.641979	-0.0316696	0.0734688
654	2	0.642135	-0.0387953	0.0298775
655	0	0.642586	0.0784105	0.109883
656	1	0.645563	-0.0981413	0.00295747
657	2	0.646164	-0.057507	0.0128882
658	0	0.64683	0.0384174	0.0130532
659	2	0.648003	-0.0607606	0.0930961
660	2	0.649853	-0.0524641	0.0401736
661	2	0.651586	0.00144605	0.00842353
662	0	0.652024	0.044702	0.0672099
663	0	0.653379	-0.0354272	0.0567233
664	2	0.654134	0.0492284	0.0551415
665	1	0.65656	-0.0553453	0.0351116
666	2	0.656821	0.0632304	0.0591621
667	2	0.657676	0.00769938	0.0198007
668	0	0.658674	0.0284823	0.0441778
669	0	0.658688	-0.0591586	0.051255
670	2	0.658933	0.000583356	0.0699106
671	0	0.661551	0.00650288	0.0528509
672	0	0.662351	0.0494212	0.0271283
673	1	0.66264	-0.00825725	0.0821415
674	0	0.6637	0.0278279	0.0154389
675	1	0.664322	-0.0647903	0.149768
676	1	0.666093	0.0561768	0.044137
677	2	0.667379	0.0178981	0.0334393
678	0	0.667655	0.0208787	0.0172619
679	1	0.667906	-0.0775082	0.0181549
680	2	0.667929	-0.0414972	0.0140638
681	2	0.66923	0.0487682	0.0585522
682	2	0.670164	0.019632	0.00484815
683	2	0.670749	-0.0338244	0.0368209
684	0	0.673776	0.03738	0.000794445
685	2	0.679783	0.0496631	0.0646383
686	0	0.679847	0.0252107	0.0328881
687	2	0.680358	0.0616027	0.0523506
688	1	0.680906	-0.0136653	0.000369738
689	0	0.681964	-0.0550351	0.00161717
690	0	0.682494	-0.0319767	0.012387
691	0	0.682985	0.0345174	0.0719477
692	0	0.683595	-0.0130499	0.0347504
693	2	0.683723	0.0772262	0.0819326
694	1	0.684685	0.00635825	0.0957586
695	0	0.684932	0.0276382	0.0125752
696	1	0.686878	0.0882389	0.0729062
697	2	0.688023	0.0936135	0.0070072
698	0	0.689297	0.0140014	0.0387585
699	2	0.69019	-0.0208464	0.0191393
700	0	0.691813	0.082664	0.106325
701	1	0.692987	-0.0533883	0.0317402
702	1	0.694015	-0.0899403	0.0136346
703	1	0.694269	0.0266029	0.151349
704	1	0.695065	-0.10221	0.101216
705	0	0.695446	-0.0261897	0.0462105
706	2	0.696547	-0.0297347	0.0331414
707	2	0.696821	0.051575	0.0209469
708	1	0.698739	0.0984236	0.0685569
709	0	0.699791	0.0448492	0.0150169
710	2	0.700209	0.0281991	0.0118294
711	2	0.700417	0.0169806	0.059341
712	0	0.701105	0.0635407	0.0205187
713	0	0.701368	-0.0717443	0.0907001
714	1	0.701781	0.12138	0.00216447
715	2	0.706191	0.00961194	0.00639695
716	0	0.707722	0.075987	0.0213131
717	2	0.707925	-0.0524641	0.00947556
718	0	0.708025	-0.0191984	0.136072
719	2	0.709385	-0.0406973	0.0331267
720	2	0.709746	0.0354378	0.00840134
721	2	0.710022	-0.0113616	0.00275826
722	2	0.710884	-0.0356372	0.0117076
723	1	0.712532	-0.103444	0.0387793
724	1	0.712566	0.120777	0.037787
725	0	0.712892	-0.0285134	0.022338
726	0	0.713562	0.0468821	0.0469208
727	2	0.714479	0.0185843	0.0234497
728	2	0.715204	-0.0300471	0.0295613
729	2	0.716321	-0.026719	0.0707488
730	0	0.716733	-0.0792437	0.00787848
731	0	0.717222	0.0313336	0.0276071
732	1	0.717393	0.0364033	0.129141
733	2	0.719075	-0.0547682	0.0203816
734	0	0.722538	-0.0133466	0.0877372
735	0	0.722833	-0.0266092	0.0208971
736	2	0.722983	0.0689195	0.0561406
737	2	0.723925	0.00943273	0.0444592
738	0	0.724308	-0.0318842	0.0860957
739	2	0.725765	0.0383678	0.0375504
740	1	0.725873	-0.0423264	0.0747705
741	2	0.725982	-0.00246836	0.0431361
742	2	0.726732	0.0389266	0.0385571
743	2	0.727197	-0.0430626	0.0187404
744	2	0.727619	0.0142316	0.0715586
745	0	0.727752	0.0350767	0.0689747
746	2	0.728857	-0.0114665	0.0812192
747	1	0.729291	-0.0182591	0.126418
748	2	0.729947	-0.207298	0.0110848
749	2	0.73088	0.0103426	0.0531115
750	2	0.731357	0.0312304	0.0704157
751	2	0.732026	0.0854346	0.0701976
752	2	0.733096	0.00205638	0.0489227
753	1	0.735754	-0.0685336	0.0108074
754	1	0.740908	0.103892	0.188766
755	1	0.741589	0.0494981	0.0676562
756	2	0.742941	0.010404	0.042017
757	0	0.74379	-0.0979202	0.0559483
758	0	0.744308	0.104009	0.0398991
759	2	0.74471	-0.0419537	0.0284739
760	1	0.745589	-0.0289696	0.201925
761	0	0.745702	0.0515823	0.0312632
762	2	0.750254	-0.0116968	0.0607629
763	1	0.751275	-0.0405031	0.0319246
764	0	0.75191	0.12316	0.0156195
765	2	0.752429	0.0435984	0.0004502
766	0	0.75352	0.0374526	0.0333043
767	2	0.753718	0.0342345	0.044573
768	2	0.754149	0.0152354	0.0066984
769	0	0.756883	0.0225675	0.0704402
770	0	0.757207	-0.0264514	0.0386536
771	0	0.757552	0.0387117	0.0151108
772	2	0.758176	0.0472404	0.020353
773	2	0.758789	0.0353254	0.0359264
774	2	0.758798	0.0223357	0.0251558
775	2	0.75881	-0.00463136	0.0106116
776	2	0.758843	0.0318807	0.0459523
777	2	0.761376	-0.038524	0.0449963
778	2	0.761784	0.0461457	0.0714634
779	2	0.762805	0.0313152	0.0064408
780	2	0.76429	0.034865	0.039068
781	2	0.765246	-0.0242905	0.0192966
782	0	0.767973	0.0161262	0.0330617
783	0	0.767984	0.014544	0.0289749
784	2	0.769146	-0.0544738	0.00203168
785	2	0.769857	0.0713862	0.0109712
786	0	0.770507	-0.0102241	0.0733413
787	2	0.772394	-0.0249321	0.0159276
788	2	0.774222	0.0227639	0.00294004
789	1	0.774342	-0.0861941	0.0829853
790	2	0.775447	0.0188855	0.00350872
791	2	0.776658	0.10633	0.0510759
792	1	0.777083	0.0993696	0.0894145
793	1	0.777594	0.0804039	0.0495149
794	0	0.778886	0.0621704	0.058153
795	2	0.780052	0.0958741	0.0258353
796	2	0.782	-0.014617	0.0342512
797	2	0.784323	-0.0894419	0.0174118
798	0	0.786533	-0.0504417	0.000801869
799	1	0.789335	0.0444139	0.129613
800	1	0.791538	0.0732676	0.0520949
801	0	0.791679	0.0229994	0.0358943
802	2	0.79223	0.0412836	0.0367418
803	1	0.792488	0.0427029	0.0188638
804	2	0.793819	0.0606205	0.064163
805	0	0.793889	-0.0603511	0.0016344
806	0	0.794896	-0.017966	0.0437722
807	0	0.795867	-0.0634261	0.0200167
808	2	0.797265	-0.0449324	0.077383
809	1	0.798639	-0.0151692	0.0216628
810	2	0.800121	0.0234339	0.0288946
811	1	0.804835	0.0285947	0.0542679
812	0	0.804933	0.0233204	0.0144755
813	2	0.807176	0.0220457	0.0108027
814	1	0.807715	0.0269951	0.0504315
815	2	0.809745	-0.013283	0.0615033
816	2	0.809845	0.0519714	0.0493948
817	2	0.809977	0.0259998	0.119581
818	0	0.811563	0.0368101	0.0127186
819	1	0.812604	-0.0324004	0.0662104
820	1	0.81345	-0.0185211	0.0208718
821	2	0.813932	0.03257	0.0344949
822	0	0.814698	-0.0291609	0.0197242
823	0	0.815799	0.0622941	0.0377508
824	0	0.816653	0.0341784	0.0723833
825	1	0.816864	0.0531206	0.0616844
826	1	0.817061	-0.0692681	0.0713729
827	0	0.817768	0.0304393	0.0195336
828	0	0.820494	0.0464435	0.00594489
829	2	0.821184	0.0557622	0.0596071
830	2	0.821323	0.0430029	0.00622806
831	0	0.821477	0.0454175	0.0264554
832	0	0.825903	0.00764164	0.066283
833	2	0.82632	-0.0210852	0.0176008
834	0	0.826481	-0.0333902	0.0626908
835	1	0.826676	0.0198126	0.0346905
836	1	0.827115	-0.0224041	0.0113841
837	1	0.827197	-0.121823	0.0837929
838	2	0.82748	-0.0117921	0.0754528
839	2	0.828861	0.0403693	0.0556032
840	2	0.829811	-0.034376	0.0237326
841	2	0.830147	0.139328	0.112009
842	2	0.831279	-0.0685555	0.00764731
843	0	0.832494	-0.0189459	0.0583618
844	2	0.833203	-0.0256946	0.0208665
845	2	0.837235	0.0128929	0.0467411
846	0	0.839614	0.00525512	0.0110723
847	2	0.84064	0.011055	0.00705096
848	0	0.841732	-0.0457561	0.0877261
849	0	0.844106	0.0355104	0.0854486
850	2	0.844364	-0.0143146	0.0127995
851	2	0.846305	0.01456	0.00087401
852	2	0.847073	0.00896332	0.0985215
853	1	0.847343	-0.0867796	0.0377099
854	2	0.847539	-0.0326131	0.0359178
855	0	0.84765	-0.10755	0.00431749
856	2	0.852434	-0.0960844	0.045244
857	2	0.854491	0.0237235	0.0294616
858	0	0.854691	0.0189998	0.0109404
859	2	0.854779	-0.0159213	0.0339941
860	0	0.855118	0.0615655	0.025301
861	0	0.857457	-0.101189	0.0352003
862	2	0.857776	-0.0449832	0.0245585
863	2	0.85891	0.0396517	0.02576
864	1	0.860372	0.0979803	0.0145437
865	2	0.862074	-0.0128275	0.0521594
866	0	0.863545	-0.0490922	0.0272371
867	0	0.865296	-0.0700078	0.0037924
868	1	0.866159	0.0686722	0.0391407
869	2	0.866253	-0.0140821	0.00121681
870	2	0.866683	-0.0154453	0.126822
871	0	0.86747	-0.0474482	0.0246919
872	2	0.868782	-0.0141624	0.0475438
873	0	0.868896	0.0544599	0.0321312
874	0	0.871254	-0.0428478	0.050334
875	2	0.871822	0.0554712	0.041677
876	1	0.872614	0.0559041	0.108903
877	1	0.873622	-0.0566271	0.0336304
878	1	0.874367	-0.0105275	0.0289943
879	1	0.877077	0.0244137	0.0313587
880	0	0.877229	0.0418536	0.0169713
881	2	0.877682	0.0281546	0.0211107
882	0	0.880656	-0.0207029	0.0736265
883	2	0.881299	-0.138372	0.0456529
884	1	0.882315	0.159925	0.0366827
885	0	0.882583	-0.0097956	0.0209018
886	2	0.883615	0.060139	0.000859958
887	0	0.884012	0.0211057	0.0954621
888	1	0.886204	-0.0697755	0.00173404
889	1	0.887346	0.0107741	0.0109076
890	1	0.887722	-0.062544	0.0345809
891	2	0.890838	0.110272	0.0170439
892	2	0.892069	0.0382923	0.0190605
893	0	0.894624	-0.015528	0.00933073
894	1	0.895881	-0.131565	0.00616158
895	0	0.895993	0.0928548	0.10194
896	2	0.898077	-0.0886934	0.0725108
897	2	0.899564	0.00885416	0.0213057
898	2	0.89984	0.0439706	0.0206824
899	2	0.901867	-0.0354276	0.06738
900	1	0.902273	-0.105106	0.0515132
901	2	0.902494	0.0605774	0.00337901
902	0	0.902827	-0.0491683	0.00304318
903	0	0.903181	-0.0426956	0.0250311
904	0	0.904419	0.0785407	0.0860983
905	0	0.904577	0.0793583	0.0479586
906	0	0.905556	-0.0567367	0.0229226
907	0	0.907806	0.00745105	0.0832924
908	0	0.908492	-0.020485	0.0506387
909	2	0.909633	-0.0477953	0.0472859
910	2	0.910223	-0.0346001	0.0290267
911	1	0.910459	-0.0165827	0.137043
912	2	0.91101	0.00423241	0.000929678
913	2	0.913674	-0.039373	0.0241227
914	2	0.914013	0.0252634	0.0551836
915	0	0.91445	-0.0169986	0.0337099
916	0	0.9145	-0.0364091	0.0613441
917	1	0.915808	0.00574392	0.0250288
918	1	0.916008	0.0475286	0.0335381
919	1	0.91655	0.054918	0.0178459
920	2	0.917699	0.0285416	0.107313
921	1	0.918417	0.0439406	0.0156776
922	0	0.918485	0.132055	0.022751
923	1	0.919455	-0.0255513	0.0855698
924	1	0.919487	0.0870844	0.0387084
925	2	0.921947	-0.0429892	0.0881137
926	0	0.922728	0.0391597	0.0215741
927	2	0.922871	-0.0254573	0.0174737
928	2	0.92354	-0.0374579	0.041587
929	2	0.924552	-0.068596	0.00252721
930	1	0.925496	-0.0690083	0.0325753
931	1	0.925781	0.0302021	0.0700762
932	2	0.926133	0.0327664	0.0787252
933	2	0.928198	-0.0978143	0.0812421
934	2	0.928276	-0.0233501	0.0181981
935	0	0.928651	-0.0243476	0.0606664
936	2	0.931708	-0.0896833	0.0153133
937	2	0.932447	-0.0282516	0.0436551
938	2	0.936512	0.0450962	0.0365327
939	0	0.936913	-0.0300636	0.048441
940	2	0.937542	0.0253083	0.0391189
941	0	0.937867	-0.0156997	0.0410532
942	2	0.939911	-0.00946559	0.0416225
943	1	0.940171	0.0133567	0.0259389
944	0	0.940206	-0.0236729	0.0485561
945	0	0.94181	0.018867	0.078579
946	0	0.943032	0.0727886	0.0494854
947	2	0.943133	-0.018645	0.0350277
948	2	0.949399	-0.0894741	0.062075
949	2	0.950084	0.00918723	0.133078
950	2	0.952503	0.0234836	0.0321027
951	2	0.953627	-0.0741603	0.139165
952	2	0.954612	-0.0363022	0.000612264
953	2	0.956513	0.0132507	0.0465571
954	0	0.958089	0.0507665	0.0557069
955	2	0.959059	0.0560869	0.0349565
956	1	0.959947	0.0481877	0.0272831
957	0	0.960149	0.0254536	0.0713467
958	0	0.961067	0.149065	0.00835969
959	0	0.96279	0.0104188	0.0135881
960	0	0.963351	-0.0959664	0.0419216
961	0	0.963905	0.0433355	0.0476557
962	0	0.964562	-0.0750142	0.0448123
963	0	0.965643	0.00318889	0.0241092
964	0	0.965976	-0.0596073	0.0511595
965	0	0.966361	0.0364473	0.0612406
966	1	0.967766	0.0164782	0.0213116
967	1	0.968434	-0.0846673	0.130289
968	2	0.970517	-0.00775112	0.0775909
969	1	0.970876	0.0493647	0.176803
970	0	0.971208	-0.062586	0.0030498
971	1	0.971691	-0.163402	0.138494
972	2	0.973379	0.0421967	0.0996121
973	2	0.975247	0.0518288	0.00957491
974	2	0.978413	0.0602619	0.0642578
975	1	0.979776	-0.0921148	0.0497868
976	0	0.980079	-0.0192439	0.0140609
977	2	0.983752	0.0150186	0.09959
978	2	0.984118	-0.00827564	0.0512828
979	2	0.985213	-0.0400485	0.0311308
980	0	0.98561	0.0512123	0.00741916
981	0	0.985653	-0.0414393	0.0128231
982	0	0.98677	0.0663073	0.133556
983	2	0.987296	-0.021507	0.0296574
984	0	0.988118	-0.0363671	0.106027
985	2	0.989439	-0.00843695	0.00110084
986	2	0.99026	0.0522085	0.0626495
987	2	0.990535	0.0244071	0.0318242
988	2	0.990632	-0.079854	0.112825
989	0	0.990739	0.0411868	0.0242371
990	2	0.99118	-0.0104849	0.0861557
991	0	0.991884	0.0423583	0.0329394
992	1	0.992432	0.0419487	0.0337595
993	0	0.994315	0.0667456	0.0100008
994	1	0.996941	-0.046009	0.0289236
995	0	0.99718	-0.0801419	0.0483028
996	2	0.997754	-0.0154389	0.0836963
997	0	0.99931	-0.049567	0.05516
998	2	0.999583	-0.0328556	0.0435319
999	2	0.999918	0.0193	0.0687407
0	21	-0.0285437
0	293	0.0350534
0	995	-0.0256014
0	457	-0.0409839
0	166	0.0573757
0	530	0.0226114
0	208	-0.0304901
0	551	-0.0391999
0	908	0.0230444
0	170	-0.0199939
0	198	0.0165
0	281	0.0354668
0	187	-0.021528
5	61	0.0410415
7	338	0.0193017
8	621	-0.0428324
9	166	-0.0269943
9	195	-0.0270962
9	832	0.0165571
9	867	-0.0384313
9	344	-0.0206545
9	342	0.021127
9	823	0.0310819
9	678	0.0360996
13	61	-0.0319785
13	289	-0.0255187
13	997	-0.0387355
17	279	0.0247784
17	700	0.041073
17	233	-0.0213484
17	306	0.05277
17	764	-0.0198839
17	434	0.0290498
17	141	-0.0425006
17	655	-0.0164235
17	255	0.0550758
17	818	0.0218908
17	613	0.0154846
17	7	-0.0478999
17	761	-0.0238404
17	638	0.0439389
17	991	0.0531035
17	87	-0.0153606
17	466	-0.0139999
17	349	0.0356074
17	512	0.0283222
17	426	0.0214037
17	64	-0.025404
18	308	0.012894
18	219	-0.0140179
18	893	-0.0189618
18	506	0.0223958
21	240	-0.0478974
21	457	0.0531106
21	766	0.0387227
21	140	-0.0214068
21	428	-0.0186052
21	460	-0.0263598
21	546	-0.0131913
21	970	0.027181
21	668	0.0196367
21	581	-0.0114588
22	520	-0.0905317
22	577	-0.0249931
22	877	0.0199454
22	894	-0.0287389
22	747	0.0115229
22	109	-0.0435727
22	603	0.0154941
22	567	-0.0406625
22	918	-0.050759
24	202	-0.0393835
24	413	0.0304299
24	68	0.0224683
24	426	-0.0448939
27	822	-0.037309
29	58	-0.0356665
29	561	-0.0451515
33	792	0.0791336
33	755	0.0450702
33	183	0.0284705
34	546	0.0251975
34	513	-0.0440805
43	439	0.0190017
43	140	-0.049224
43	308	0.0277519
43	435	0.00398322
44	248	-0.0586707
44	89	0.0639624
44	888	0.0555143
44	33	-0.0366265
44	57	0.0333644
44	199	-0.0369125
44	241	-0.0402538
44	296	0.105332
44	425	0.026749
44	763	0.0474163
46	89	-0.0498098
46	811	0.0579967
46	714	0.0225742
46	535	-0.0380608
46	628	-0.0757572
46	640	0.0180201
46	227	-0.0602154
53	573	0.047859
53	820	0.0659507
53	714	0.0118395
53	171	-0.023141
53	792	-0.0860256
53	694	-0.0169871
53	826	0.060474
53	703	0.0329712
57	994	-0.0526097
57	679	-0.0338358
57	924	0.0177988
57	227	0.01666
58	604	0.0500627
62	598	0.014389
62	373	-0.013091
62	601	-0.0222846
62	758	-0.0147227
62	61	-0.022637
62	193	-0.0482243
62	351	-0.0193967
62	587	0.0330212
65	230	-0.0294913
65	148	-0.015217
65	447	-0.0198779
65	62	0.0409671
65	310	0.0279514
65	907	-0.0510352
65	272	-0.0271776
65	95	0.024628
65	457	-0.0240524
65	196	0.0251696
65	43	0.0323516
65	131	-0.0242572
65	349	0.0426069
65	887	0.021525
65	154	0.0217194
65	726	-0.086639
65	691	0.0257915
71	250	0.0436767
71	25	0.0394441
71	803	0.039955
77	390	-0.0208123
77	314	0.021433
77	758	0.0208943
77	130	-0.0495247
89	811	0.0492973
89	540	0.0408951
89	930	0.0678418
95	157	-0.0226802
95	563	0.0252146
95	882	0.0393435
97	638	0.0414586
97	37	-0.0302929
99	71	0.0472172
99	134	0.0250702
99	502	0.0389179
99	889	-0.0355234
99	364	0.0433324
99	575	0.022897
99	218	-0.0305888
99	192	-0.0486087
99	296	-0.0425283
104	287	0.025082
104	428	-0.0145361
104	631	0.0195261
109	218	-0.036843
109	593	0.049702
116	19	-0.0178429
116	180	0.024367
128	907	-0.0245369
128	434	0.0194519
128	903	-0.0324484
128	240	0.0309895
128	384	0.0263024
128	208	-0.0245313
128	24	0.0183001
128	439	-0.0287199
128	460	-0.0191828
128	504	-0.0325251
128	689	0.011906
128	137	0.0462658
128	958	-0.0126475
128	500	-0.0292056
128	672	-0.0245737
129	890	-0.0559944
129	46	-0.010765
129	432	-0.0352607
129	231	-0.0416185
129	243	0.060631
129	171	-0.0193508
129	441	-0.028106
129	85	-0.0342192
129	462	0.0143652
129	109	-0.0133313
129	704	0.0452638
131	302	0.0579729
131	684	0.030208
134	792	0.0748702
134	85	-0.0514695
134	107	-0.0768601
140	305	-0.0174849
141	255	-0.0350596
141	770	-0.0197761
141	632	-0.0198608
141	461	-0.0285435
148	62	0.0293734
148	95	-0.0197343
148	503	0.0487398
148	554	0.0254508
148	8	0.0552356
148	637	0.0239277
148	5	-0.0289395
148	547	0.0386526
152	782	-0.0303609
152	588	0.0377587
152	635	0.0176267
152	65	0.0294755
152	431	-0.0330967
152	0	0.020917
152	442	0.0439796
152	233	-0.0199081
152	946	0.0216185
152	995	0.0984151
152	764	-0.0356194
152	551	0.0202992
152	655	0.0204098
152	261	-0.0190005
152	613	-0.0177191
152	959	-0.0182264
152	491	0.0269037
152	219	0.0173956
152	684	0.0320919
152	320	-0.0467551
152	388	0.024237
152	525	0.0251467
152	383	0.0396092
152	378	0.0256196
152	445	0.0484071
152	28	0.019223
152	420	-0.0567466
157	344	-0.0273144
157	984	0.0554957
157	395	0.0373099
163	388	0.024035
163	94	-0.0416387
166	551	0.0342274
166	13	-0.0225113
166	770	0.00977469
166	352	-0.0175434
166	718	0.0270682
170	678	0.04217
171	894	-0.0110131
171	760	0.034056
172	314	-0.0479189
172	61	0.02253
174	106	0.038623
174	965	0.0298963
178	273	-0.00836377
182	734	0.00972409
182	454	0.0361991
182	90	0.0405537
182	234	0.0479265
182	617	-0.065546
182	369	-0.0246608
182	284	-0.056755
182	70	0.0512557
194	44	-0.114474
194	966	0.0402526
194	372	-0.0543067
194	364	0.0708776
194	462	0.0549774
194	732	-0.0475426
194	603	0.0125869
194	825	-0.0384653
194	425	-0.036544
194	918	-0.0139771
194	584	-0.0208398
195	302	-0.0146023
195	867	-0.0236166
196	329	0.0197603
196	617	0.0426061
196	190	0.0398289
198	87	0.0254528
198	154	0.0180408
199	924	-0.0204382
199	107	-0.0557511
202	855	0.0272631
204	782	0.0176462
204	635	-0.0207119
204	576	-0.0194734
204	65	-0.0324914
204	328	-0.04949
204	230	-0.024396
204	700	0.0361585
204	904	-0.0197156
204	895	-0.0228475
204	293	0.0421171
204	600	-0.0268746
204	373	0.0403968
204	935	0.0296708
204	398	-0.0275009
204	172	-0.0394088
204	131	-0.0335623
204	255	-0.0176347
204	855	-0.039992
204	905	-0.00851841
204	770	0.0172666
204	620	0.0246156
204	632	-0.0274644
204	489	0.0443184
204	689	-0.0202517
204	960	-0.0311174
204	68	0.0498477
204	880	0.0352902
204	167	0.0254987
204	266	-0.0227096
204	662	-0.0070848
204	944	-0.0125006
207	450	0.0333952
207	679	0.0561378
207	366	0.0732409
207	708	-0.0171012
207	747	-0.0434619
207	702	-0.0712733
207	561	-0.0525808
207	789	-0.0479821
207	675	-0.0484373
207	607	0.0267565
208	984	0.0316098
208	257	-0.0161424
215	550	0.0666024
215	877	-0.0439092
215	923	-0.0427715
218	900	0.0244221
219	352	0.0169216
230	459	-0.0292911
230	166	-0.0381812
230	13	-0.0170092
230	786	-0.021358
230	601	-0.0345199
230	758	-0.0314539
230	37	-0.0356126
230	993	-0.0121786
230	158	0.0168636
230	54	-0.0189485
230	147	0.0192801
230	487	-0.0449776
230	368	-0.0295255
231	535	0.0362961
231	519	-0.0263457
233	459	0.0543582
233	457	0.0201339
233	935	-0.0291935
233	37	0.00906879
233	212	0.0243781
233	245	0.0401887
233	563	0.0232018
233	848	0.0192247
234	320	-0.0589887
240	43	0.0213577
240	794	0.0238552
240	484	-0.0474186
240	174	-0.0275724
240	824	0.0272851
241	29	0.0500202
241	83	-0.0166478
243	492	-0.0166037
243	623	-0.0591386
246	8	-0.0341673
246	130	0.0154936
246	189	-0.0267794
246	615	0.0305496
246	674	-0.0235189
247	170	-0.0268116
247	867	-0.0194017
247	620	0.0258932
247	848	-0.0196614
248	573	0.0522667
248	921	-0.0336469
248	888	-0.0276954
248	879	0.0266548
248	333	-0.0593002
248	339	-0.0309692
248	884	-0.0372743
248	809	0.0289806
250	747	-0.0300077
250	468	-0.0648098
255	926	0.0226894
261	97	0.00822205
262	450	-0.0266281
262	241	-0.0427787
262	402	-0.025968
262	83	0.0414755
262	145	-0.0534753
272	163	-0.0495719
272	329	0.0234974
272	560	-0.00628331
272	222	0.0265447
278	503	-0.0680074
278	428	0.0206169
278	116	-0.0406087
278	506	-0.0200455
278	351	0.0500631
278	964	-0.0402023
279	148	-0.0292237
279	21	-0.0146121
279	946	0.035941
279	384	0.0194719
279	278	0.0119277
279	398	0.0190636
279	157	0.0170249
279	616	-0.0098193
279	90	0.0163193
279	695	0.0126124
279	245	0.0478056
281	801	-0.0257275
281	346	-0.0375686
287	671	-0.02067
288	520	-0.028074
288	432	0.0572567
288	679	-0.0623849
288	241	0.045448
288	333	-0.0521361
288	628	0.0373219
288	740	0.0270206
288	688	0.0253142
288	656	-0.01339
289	105	-0.0178262
293	539	0.0294376
293	43	0.0472447
293	439	-0.0557439
293	105	-0.0197324
293	401	-0.021705
293	159	-0.0117537
293	495	-0.0647796
295	175	0.0168813
295	360	-0.0592573
298	658	0.0287259
302	957	-0.0406262
306	600	0.0326785
306	690	-0.0268143
306	908	0.0233451
306	163	0.0156227
306	5	0.0253521
306	193	0.00810805
310	764	0.0215779
310	690	0.0292251
310	647	0.0274641
310	344	-0.0283738
310	106	-0.0107629
310	545	-0.0119601
310	731	0.0168268
314	175	-0.0213497
316	33	0.0471869
316	879	-0.0178055
316	577	0.0236602
316	209	-0.0205543
316	113	-0.0435849
317	492	0.0499987
317	723	-0.0432613
328	148	-0.0348459
328	310	-0.0279368
328	417	0.0254302
328	434	0.0233707
328	240	-0.0227092
328	459	0.0287647
328	196	-0.0490549
328	786	0.0293988
328	332	0.0545072
328	34	0.0418318
328	516	0.0267486
328	7	-0.0467728
328	295	0.0273614
328	980	-0.0138651
328	695	0.0393701
328	485	-0.0475097
328	45	-0.0286269
329	178	-0.024269
329	885	0.028935
331	595	-0.0238202
331	88	0.0552064
332	824	0.0167124
332	916	-0.0539342
335	757	0.0223816
349	393	-0.0218541
353	441	-0.0367783
353	643	-0.0568096
353	42	-0.0140741
358	375	0.0255141
358	381	0.0433626
358	194	-0.0177759
358	207	-0.0265734
358	890	-0.0398154
358	864	-0.0307633
358	921	0.0604954
358	853	-0.0745074
358	888	-0.0466421
358	262	0.0383294
358	714	0.0349895
358	134	0.0846827
358	215	-0.0553146
358	317	-0.0296678
358	366	-0.0611816
358	241	-0.0241238
358	171	-0.043744
358	645	0.0407121
358	441	0.0485395
358	38	-0.0190173
358	597	0.0419189
358	482	-0.0227536
358	83	-0.0357842
358	819	-0.0430142
358	145	-0.0357375
358	58	-0.0538944
358	119	0.0655579
360	834	0.0270754
361	551	0.0651944
361	163	0.0471245
361	202	0.0175199
361	18	0.00855203
361	922	0.0251541
361	200	-0.0354491
364	596	-0.0355225
366	814	-0.0493797
369	993	0.0232384
372	231	0.025889
372	57	0.0366118
372	215	0.0243558
372	199	0.00645072
372	250	-0.0252646
372	911	-0.0420225
372	422	-0.0416137
373	104	0.0252345
373	7	-0.0107771
373	807	0.0355147
373	984	-0.0188613
375	44	0.0166832
375	53	0.0205905
375	248	-0.0477284
375	864	0.0269321
375	966	0.0612998
375	215	0.0416447
375	333	-0.0414731
375	29	-0.0817227
375	673	-0.0234242
375	702	-0.0386493
375	296	0.0202568
375	48	-0.0281742
375	527	0.0816591
379	843	0.0218276
379	959	-0.0262417
379	997	0.0284429
379	161	0.0224647
381	207	-0.0341888
381	53	0.0231231
381	994	-0.071303
381	199	-0.00957777
381	877	0.0506276
381	894	0.0564082
381	911	-0.043553
381	919	-0.0508496
381	209	0.0462142
381	800	-0.0276131
381	48	0.0367454
382	484	-0.0300663
382	834	-0.046634
382	954	-0.0509397
382	143	-0.0185095
384	690	0.0701453
384	308	0.0323926
384	490	-0.0342409
384	807	0.0295525
390	104	-0.0465019
390	170	-0.0124325
390	638	-0.0255854
396	136	0.056179
398	698	-0.0294934
398	718	-0.00838765
398	471	-0.0251633
401	313	-0.0309078
402	967	0.0408497
417	539	0.0134161
417	361	-0.0238599
417	208	0.0622321
417	202	-0.0317021
417	8	-0.0127596
417	261	0.0236639
417	616	-0.0322199
417	4	0.0133892
417	266	-0.0190266
418	196	0.0343411
418	5	0.00376689
418	27	-0.0426845
418	212	0.0268247
418	738	-0.00802188
419	800	-0.0724242
419	73	0.0425679
419	40	-0.0760746
428	663	0.0510009
431	442	0.0411296
431	995	0.0198741
431	272	-0.0223886
431	24	-0.0312101
431	544	0.0198866
431	824	0.0186821
431	491	-0.0430611
431	970	-0.0390651
431	801	0.029026
431	745	0.0227837
431	395	-0.0300394
431	485	0.015214
432	540	-0.036807
432	502	0.0257729
432	639	-0.0466419
432	482	-0.0304019
432	501	-0.064805
432	519	-0.047528
434	600	0.0192187
434	766	0.0154472
434	529	0.0337267
434	466	0.0280153
439	627	0.0190633
441	389	-0.0271377
442	904	-0.0345256
442	417	0.0471661
442	530	0.0346996
442	941	0.0215087
442	647	0.025668
442	140	0.031791
442	504	0.0243616
442	916	0.0209235
442	226	0.0252282
447	539	0.0108511
447	95	-0.0335669
447	939	-0.0177602
447	390	0.0299804
447	140	0.0175943
447	529	0.0224165
447	305	0.029095
447	617	0.0239511
447	158	-0.0336145
447	253	0.0404255
447	74	-0.0264902
447	552	0.00983519
448	655	-0.0208368
448	855	0.0175988
448	630	0.0248393
448	997	-0.0247641
450	708	-0.0426282
450	640	0.0593851
450	282	-0.0438807
450	753	-0.0261922
454	871	0.0347034
454	175	-0.0188712
455	835	0.0563952
455	467	0.0117445
455	129	-0.0306695
455	921	0.0339771
455	432	0.0645738
455	888	0.0306171
455	696	-0.0191048
455	262	-0.0504291
455	231	0.070648
455	71	0.0435051
455	134	0.0891962
455	502	-0.0375729
455	994	-0.0374089
455	575	0.0216792
455	333	-0.0216837
455	639	-0.0338725
455	724	0.0585066
455	509	-0.0594013
455	597	-0.0424473
455	740	-0.0518278
455	943	-0.0347607
455	819	0.0708884
455	155	0.035053
455	825	-0.0630168
455	593	-0.0184251
457	208	-0.0252584
457	843	0.0284494
457	705	0.032225
459	261	-0.0161295
459	761	0.0448612
459	295	-0.0648653
459	586	0.0173062
459	632	0.0227752
459	63	0.0221768
460	893	0.0138331
462	755	-0.0166374
467	992	0.0366973
467	194	0.0199758
467	22	-0.0261545
467	520	-0.0542083
467	696	-0.071429
467	231	-0.0480784
467	626	0.0311432
467	199	0.0222306
467	85	-0.0258662
467	894	-0.0351482
467	740	-0.031441
467	755	-0.0316655
467	25	0.0410092
467	339	-0.0242448
467	396	0.0482579
467	73	0.0550218
467	884	-0.059616
467	282	-0.0501623
470	358	0.0350951
470	455	-0.0455031
470	836	-0.0254964
470	835	0.0576311
470	992	-0.0284083
470	129	0.037702
470	22	0.0246989
470	573	0.0167808
470	921	-0.038196
470	71	-0.0254293
470	540	0.0478772
470	876	-0.0476539
470	316	-0.0375065
470	33	0.032732
470	243	0.0265694
470	317	0.0356286
470	492	-0.0187206
470	250	-0.0138728
470	708	0.053336
470	724	-0.0265055
470	482	-0.0683651
470	603	0.0321433
470	402	-0.0620723
470	803	0.0433783
470	192	-0.046784
470	596	0.037557
470	42	0.0276447
470	136	0.0449411
470	878	-0.0441
470	975	-0.0408121
472	957	-0.0318282
473	477	0.0199072
473	849	0.00994027
473	152	-0.0380205
473	782	-0.0402798
473	588	-0.0487294
473	65	0.0385911
473	279	0.0510285
473	148	-0.0338781
473	306	-0.0133464
473	995	-0.0274376
473	764	0.0134866
473	361	-0.0317936
473	246	0.0344962
473	503	-0.0114893
473	418	-0.0250937
473	196	-0.0120237
473	24	0.0175304
473	331	-0.0241653
473	390	0.0472085
473	941	-0.0253733
473	172	-0.0301202
473	647	0.046074
473	131	0.0542263
473	8	0.0163321
473	612	0.0349093
473	627	-0.0484877
473	516	0.0160241
473	867	-0.0441358
473	725	0.0266894
473	287	-0.0272356
473	874	-0.0444477
473	413	-0.036006
473	684	-0.023214
473	532	0.0341733
473	322	0.028066
473	63	0.0149318
473	449	0.0245129
473	652	0.0218502
473	394	0.0371923
473	692	0.0133016
473	149	0.0210659
475	980	-0.0543576
475	356	-0.0179378
475	976	-0.0181697
477	152	-0.0271139
477	782	0.0233481
477	588	0.0166487
477	17	0.0182906
477	65	-0.0343247
477	431	-0.0173127
477	279	0.0293972
477	700	0.0375256
477	233	-0.0198244
477	62	-0.0136022
477	310	-0.0685228
477	306	-0.0243879
477	182	0.0725042
477	598	-0.0166373
477	764	0.0130108
477	935	-0.0328255
477	989	0.0336213
477	475	0.0319475
477	655	0.0120156
477	915	-0.0189797
477	637	-0.0129177
477	855	0.0221669
477	34	-0.0180767
477	516	-0.0132018
477	644	0.0195316
477	824	-0.0334489
477	274	-0.0161137
477	360	0.0268748
477	668	0.0274371
477	232	-0.0338318
477	303	0.0104889
477	662	-0.0560281
477	589	-0.0131353
477	827	-0.0317477
477	433	-0.0467777
484	725	0.013648
484	273	-0.0100518
484	319	0.0183379
489	783	0.0216437
490	504	-0.0369659
490	342	0.0400033
491	658	0.0282825
492	38	0.0273626
492	476	-0.0255138
502	550	-0.0420495
502	754	0.035538
502	168	0.0539006
503	530	-0.0397693
503	34	0.0216605
503	568	0.0431225
503	960	0.0195647
503	630	-0.0232581
504	581	0.0238687
512	102	-0.0160169
516	342	0.018541
516	982	-0.0379253
520	888	-0.0476612
520	924	-0.036773
520	509	0.0339522
520	943	-0.0291951
520	501	-0.0430839
520	476	0.054853
522	473	-0.0351769
522	477	-0.0338484
522	204	-0.0148156
522	17	0.019487
522	328	0.0408101
522	128	-0.0239136
522	148	0.0314377
522	447	0.0223165
522	442	0.023404
522	904	-0.0287907
522	306	0.0255946
522	531	0.0107136
522	95	0.0323065
522	457	0.0362333
522	939	-0.0490159
522	373	-0.0426568
522	208	-0.0261793
522	24	-0.026124
522	398	0.0409848
522	989	-0.0391615
522	77	0.0276984
522	390	-0.0324864
522	647	0.0236101
522	131	0.0286666
522	915	-0.0237913
522	255	-0.0436106
522	544	-0.0232887
522	770	0.0208844
522	871	-0.0143434
522	27	0.0341125
522	460	0.0337864
522	491	-0.0324365
522	352	-0.0382375
522	489	-0.00586779
522	689	0.04838
522	695	-0.0130632
522	560	-0.0384999
522	300	-0.0232876
522	313	0.040604
522	156	-0.0358813
522	982	-0.0225705
522	902	0.00688943
522	583	-0.0205808
529	54	-0.0093696
530	794	-0.0368841
530	247	0.0167166
530	219	0.0380252
530	4	-0.0312951
530	159	-0.0166724
531	434	-0.026087
531	208	0.0450082
531	766	0.0256403
531	541	-0.0518344
531	616	0.022082
531	620	0.0306418
531	305	0.0403073
531	220	0.0307878
531	341	0.0333966
535	628	0.0613756
536	230	-0.0427246
536	148	-0.0215269
536	700	-0.0433358
536	233	0.0265101
536	417	-0.0294829
536	598	-0.036606
536	600	0.0188644
536	989	0.0245845
536	794	0.0222866
536	141	0.0270255
536	769	-0.034616
536	484	-0.0256338
536	174	-0.030641
536	298	0.0272726
536	61	0.0323638
536	178	0.00995307
536	413	0.0143233
536	198	0.0454627
536	962	0.0179485
536	668	0.027442
536	466	0.0287112
536	480	0.03867
539	434	0.0190367
539	832	0.034128
539	542	-0.086614
539	860	0.0124556
539	393	-0.021134
540	33	0.0242435
540	364	0.0176275
540	353	-0.0100248
541	18	0.0276098
541	544	0.0213425
542	221	-0.0403065
544	614	0.0392155
546	812	-0.0376375
550	567	-0.0981723
550	446	0.039498
551	541	-0.0340687
554	104	-0.0109416
554	195	-0.0202084
554	300	-0.0585997
554	137	0.0437383
568	313	0.026845
573	921	0.0398136
573	696	-0.0300877
573	215	-0.0226303
573	85	-0.0411879
573	462	-0.0598912
573	35	0.0249378
573	701	-0.0326953
575	673	0.0519315
575	755	-0.0825675
575	643	-0.0734994
576	21	-0.0147884
576	310	-0.0668919
576	182	0.0260395
576	531	-0.0229606
576	598	-0.0488423
576	272	-0.0224726
576	600	-0.0189603
576	698	-0.0403701
576	941	-0.0285582
576	382	0.0383424
576	379	0.0218304
576	595	0.0366069
576	843	-0.0248891
576	314	0.0302082
576	298	0.0267077
576	614	-0.0197424
576	638	-0.0354339
576	874	0.0106031
576	568	-0.0172981
576	887	0.026415
576	624	-0.0198825
576	408	-0.0459312
577	792	-0.0313902
577	73	0.061629
586	130	0.015889
586	187	0.0316701
588	17	-0.0173144
588	65	0.0309988
588	431	-0.0422926
588	361	0.0236071
588	246	-0.0609946
588	794	-0.0280625
588	172	0.0296943
588	202	-0.0168165
588	734	0.0439919
588	612	0.0312431
588	332	-0.0169171
588	818	0.0665034
588	314	-0.0349759
588	234	0.0428015
588	970	0.0456206
588	193	-0.015704
588	532	-0.0209314
588	88	-0.0289284
588	587	0.0175378
588	631	-0.0402225
588	963	-0.0429232
595	612	0.0459265
595	541	-0.0299566
595	758	-0.0173761
598	439	-0.0212987
598	818	-0.0403068
598	582	0.0185451
598	874	-0.0491218
598	106	-0.036199
598	630	-0.0410599
600	843	-0.0168349
600	255	0.0139801
600	295	0.0427747
601	332	-0.0268592
601	529	0.0233543
601	712	0.0596123
612	915	-0.030798
612	284	-0.0252009
613	807	0.0073097
613	289	0.0194157
613	624	-0.0144784
614	525	0.0390769
616	472	-0.0278737
616	274	0.0232751
620	386	0.0356779
626	38	-0.0713771
626	482	-0.00962438
626	971	0.0774593
627	308	-0.0438173
627	961	0.0370007
632	161	-0.0615062
635	128	-0.00658373
635	539	-0.00813483
635	278	0.0153821
635	196	0.0131186
635	141	0.0113157
635	769	0.0371912
635	172	-0.0391846
635	541	0.0153148
635	761	-0.0479433
635	298	0.0278749
635	725	-0.0380986
635	614	-0.0273725
635	961	0.013358
635	860	-0.0209114
635	916	0.028732
635	822	0.0283336
635	621	0.0168763
635	88	-0.0340516
635	19	0.0244466
635	335	0.0317888
635	251	0.0255657
637	641	0.042818
637	79	0.018524
637	362	-0.0175398
639	155	-0.0346801
639	192	-0.0263986
639	561	-0.0297177
640	315	0.0468351
641	274	0.0292381
641	610	-0.0322582
644	178	-0.0584984
644	887	0.0227424
645	919	-0.0246552
645	446	0.0188268
647	612	0.0195685
647	669	0.0230783
655	472	0.0328633
655	980	0.0337886
665	992	0.0603482
665	381	-0.0322931
665	194	0.0537496
665	890	-0.0151179
665	372	0.0284368
665	89	-0.017584
665	696	0.0339347
665	262	0.04188
665	876	-0.0457089
665	577	0.0523431
665	792	0.0212839
665	353	0.0275635
665	645	0.0266408
665	673	-0.0444164
665	740	-0.0364252
665	732	0.0530591
665	155	-0.0213571
665	183	-0.0673853
665	567	-0.0348727
665	119	0.0361061
665	340	0.0585127
673	103	0.0833123
679	509	0.034386
679	227	0.0419586
684	383	-0.00780928
690	766	0.0220975
690	908	0.0327254
690	163	0.0229884
690	902	0.0213498
690	570	-0.0212313
696	450	0.0124876
696	134	0.0111528
696	732	0.0315589
696	339	0.0436348
696	217	-0.0553907
698	195	0.0252735
698	669	-0.0302987
698	738	0.0470464
700	457	0.0263826
700	331	0.0145591
700	448	-0.0357074
700	734	0.0382811
700	97	-0.0354693
700	871	-0.0297555
700	962	0.0452974
700	993	0.0677547
700	368	0.0206647
702	760	-0.0240121
708	389	-0.0262884
708	763	-0.0588799
709	522	0.0252381
709	473	0.0242218
709	477	-0.036334
709	849	-0.0277826
709	204	0.0178335
709	152	-0.0332212
709	782	0.0174225
709	588	0.020293
709	17	0.0196494
709	635	0.0256601
709	65	-0.0138451
709	536	0.0297741
709	328	0.0230028
709	431	-0.0363434
709	279	-0.00960329
709	148	0.0109739
709	447	0.0398041
709	700	-0.0416028
709	62	-0.0441618
709	895	-0.0621885
709	310	-0.0327279
709	946	0.0183128
709	539	0.0249985
709	9	0.0372371
709	764	-0.0279144
709	272	-0.0157088
709	903	0.0155251
709	95	0.0278066
709	384	-0.02414
709	246	-0.0144564
709	398	0.0706333
709	989	-0.0102824
709	698	-0.0390556
709	331	-0.060117
709	475	-0.0247761
709	551	0.0477311
709	769	0.0505057
709	554	-0.0253501
709	379	0.037876
709	595	0.0276456
709	8	0.0231947
709	261	0.0211227
709	7	0.017629
709	644	0.027647
709	761	0.0166254
709	454	0.00848243
709	905	-0.0379584
709	582	0.0358819
709	873	-0.036458
709	472	-0.0251796
709	959	0.0210837
709	860	0.0482693
709	274	0.0164925
709	783	-0.0193966
709	543	-0.0363947
709	745	0.0230409
709	954	0.0211878
709	965	0.0790746
709	880	0.0215699
709	79	-0.0177167
709	545	-0.0316209
709	449	-0.0367588
709	652	-0.0264927
709	115	-0.0425636
709	585	-0.0340087
709	606	-0.0442546
709	464	0.0230652
712	806	0.0643158
714	930	0.0420639
714	837	-0.082374
718	68	0.0321839
724	555	-0.0583101
725	273	0.0231665
725	954	-0.0300907
732	389	0.0238767
734	170	-0.0316734
734	621	-0.0301256
734	532	-0.0438656
745	480	0.0157152
747	35	0.0436016
747	555	0.0248424
754	441	-0.0309577
754	688	0.0600074
754	809	0.0389842
758	444	-0.0222378
764	627	-0.0132247
764	90	0.0339524
764	344	-0.0216159
766	77	-0.0242945
766	439	0.0254811
766	261	-0.0306499
766	356	-0.0215192
769	637	-0.0484649
769	5	-0.0278752
769	834	-0.0214589
769	560	-0.0136323
782	182	-0.0688983
782	598	0.034814
782	539	-0.0262581
782	384	0.0216826
782	939	0.0444291
782	373	-0.0350298
782	698	-0.020065
782	331	-0.0437333
782	475	-0.0241521
782	157	0.0220971
782	818	-0.044078
782	582	-0.0340935
782	641	0.0422242
782	586	-0.0199444
782	543	-0.00532207
782	926	0.024931
782	957	0.0463429
782	965	-0.00795283
782	226	0.0212589
782	232	-0.0136358
782	866	0.0249028
782	556	-0.0331424
786	174	-0.0205366
786	871	0.0282054
786	490	-0.0469985
786	212	0.0310271
794	554	-0.0149694
794	543	-0.0122741
794	322	-0.0269313
811	626	0.0155921
811	724	-0.0432428
811	597	-0.0258407
811	800	-0.0255556
818	302	-0.0595715
818	106	0.0189657
820	492	0.0676806
820	923	-0.0205307
820	35	0.0466991
820	501	-0.0153462
820	217	-0.0734201
822	156	-0.0111605
832	303	0.0274319
835	992	-0.0318527
835	129	-0.0494648
835	890	-0.020395
835	53	-0.0224417
835	248	-0.0315916
835	288	-0.0525988
835	89	-0.0237428
835	888	0.0447172
835	231	0.0411524
835	820	-0.0266671
835	714	0.0260386
835	243	0.0787823
835	317	0.0618775
835	626	0.036648
835	366	-0.033894
835	364	0.0355386
835	877	0.0141759
835	29	-0.0496622
835	168	-0.0277325
835	656	-0.0414737
835	1	0.0460724
835	956	0.0251215
836	835	-0.0165994
836	467	-0.0187441
836	992	0.0658805
836	129	0.069418
836	375	-0.0281272
836	44	-0.01729
836	53	0.0226644
836	248	0.0341019
836	22	-0.0429752
836	966	-0.0742077
836	520	-0.0543407
836	71	-0.0347919
836	811	0.0289144
836	876	-0.0532555
836	57	-0.0209512
836	243	-0.0256925
836	994	0.0746809
836	535	-0.0546798
836	754	0.0580428
836	462	-0.0441949
836	35	0.0126408
836	25	-0.063926
836	967	-0.0344656
836	103	0.0271841
843	991	0.012744
849	152	0.0305059
849	782	0.026536
849	588	0.0588961
849	635	-0.0269629
849	576	0.0368566
849	431	0.0183458
849	279	-0.0180867
849	442	0.0317445
849	233	0.008072
849	306	-0.0313435
849	293	-0.0148431
849	418	0.0214887
849	77	-0.0219084
849	331	0.0377201
849	195	-0.0423743
849	13	0.057058
849	832	0.00271053
849	302	0.0496811
849	761	0.0261642
849	298	0.0171269
849	905	-0.0171052
849	175	-0.0363452
849	961	-0.0182438
849	542	0.0280677
849	352	0.0592122
849	87	0.0576544
849	320	-0.0351952
849	783	-0.027805
849	401	-0.0173255
849	926	-0.0203815
849	4	-0.0406594
849	102	-0.0319996
849	866	0.0351949
849	147	0.0121346
849	805	0.0297193
853	89	-0.0381073
853	540	0.0720242
853	550	-0.0471331
853	366	-0.0377216
853	535	-0.0189942
853	107	0.0266423
853	967	0.0181374
853	168	-0.0414269
855	27	0.0153416
855	671	-0.0265303
860	257	0.0160817
864	372	0.0269069
864	89	0.0175887
864	71	-0.0244232
864	714	-0.0622065
864	550	0.0496338
864	85	0.0501489
864	911	-0.0192211
864	25	0.0409746
864	334	0.0183678
873	369	-0.0113876
873	221	0.0474195
873	526	-0.0482196
874	591	0.0285785
876	107	-0.0413097
876	555	-0.0308134
876	468	0.0296458
877	603	-0.0584377
879	366	-0.0253823
879	803	0.0300948
879	183	-0.0246009
888	231	-0.0688665
888	923	-0.0551574
888	924	-0.0234735
889	38	0.0423148
889	509	-0.0298888
889	209	0.0261278
889	145	-0.0605151
889	814	0.0261813
890	573	0.0694045
890	966	-0.0558063
890	811	0.023706
890	316	-0.00776962
890	535	0.0672882
890	597	0.0103748
890	943	0.0185624
890	723	-0.0324382
890	113	-0.0762352
893	686	0.0116152
894	789	0.0460032
895	293	-0.0426942
895	9	0.0238187
895	272	0.0114318
895	384	0.0329015
895	935	0.0150368
895	170	0.0292887
895	454	0.0207359
895	669	0.0252675
895	671	-0.0220217
895	823	0.0087486
903	95	-0.0163966
903	202	-0.0360432
903	97	0.047192
903	824	0.0128971
903	542	-0.0246634
903	253	0.0183444
903	451	-0.0265385
904	995	-0.033384
904	600	-0.0196939
904	104	-0.00528232
904	843	0.029277
904	601	-0.0196518
904	867	-0.0255948
904	544	-0.0380619
904	287	0.0277081
904	712	-0.0276419
904	806	-0.0277208
905	161	-0.0228051
907	995	0.051914
907	240	-0.0365647
907	448	0.0503873
907	807	0.0259387
907	801	-0.0358493
907	547	-0.011021
907	958	0.0216382
907	533	-0.0538326
907	945	0.0383103
908	332	0.0207447
908	832	0.0178595
908	140	-0.0203753
908	329	0.0148888
915	644	-0.0225511
915	471	-0.0376587
915	201	-0.01275
919	971	0.064147
921	46	-0.0292922
921	820	-0.0659017
921	645	-0.0293148
921	419	0.0699822
921	264	0.0568194
923	38	-0.0133373
923	628	0.0811975
924	911	-0.0981189
935	382	0.0335694
935	308	0.0219218
935	991	0.0362627
939	195	0.0222746
939	90	0.0516751
939	959	-0.0243616
939	105	-0.0220988
939	495	-0.0193487
941	960	-0.0249873
941	80	0.0136974
941	726	0.0245933
941	427	-0.0399114
943	643	-0.0285671
946	418	-0.026286
946	475	-0.0357379
946	551	-0.035138
946	582	-0.028292
946	300	-0.0255898
946	964	-0.0154771
946	487	-0.0462587
946	392	0.0311357
961	568	-0.0228496
962	512	-0.0269098
966	853	0.0584469
966	450	-0.0286632
966	879	0.0554532
966	333	-0.0249964
966	819	0.0500916
966	900	-0.0399684
989	247	0.0176234
989	413	-0.0284379
989	80	0.0200599
991	167	-0.00971133
992	381	0.0225479
992	207	-0.0910862
992	262	0.049589
992	876	-0.0469239
992	317	0.0505506
992	577	-0.0158938
992	679	0.0497473
992	419	0.032404
992	402	-0.0373025
992	688	-0.0799254
992	799	0.0287903
992	124	-0.0547851
994	396	-0.0249892
994	868	-0.0464685
995	43	-0.0307955
995	832	-0.0173658
995	287	0.0166303
995	291	-0.0408993
